2 0.127732 0.529877 0.106184 0.080903 0.873734
2 0.063571 0.600696 0.126977 0.108300 0.825869
0 0.601961 0.532832 0.026192 0.093711 0.802450
2 0.461444 0.577189 0.163258 0.133571 0.759796
0 0.568183 0.544451 0.028933 0.108383 0.743060
2 0.749496 0.546998 0.140667 0.094915 0.713449
0 0.663256 0.541947 0.030867 0.110433 0.684867
0 0.867825 0.520664 0.021872 0.079568 0.680555
0 0.829297 0.550233 0.037792 0.123842 0.628903
0 0.629841 0.538203 0.028770 0.122672 0.503164
0 0.540358 0.520368 0.025847 0.081098 0.408998
0 0.964910 0.581594 0.057843 0.157588 0.306903
0 0.788601 0.504666 0.027384 0.049990 0.300330
