2 0.298628 0.836773 0.201350 0.114047 0.849982
2 0.088876 0.865734 0.177751 0.117976 0.824785
2 0.511476 0.464492 0.126102 0.085945 0.815293
2 0.344075 0.616797 0.159386 0.090998 0.771604
2 0.372618 0.514620 0.139091 0.086501 0.758619
2 0.769254 0.358968 0.114234 0.070955 0.562811
2 0.624546 0.405209 0.070329 0.066426 0.549431
2 0.840659 0.521429 0.078174 0.116997 0.513849
8 0.900355 0.625291 0.097632 0.162920 0.459195
0 0.647573 0.556301 0.016895 0.059857 0.419829
0 0.855666 0.963766 0.038111 0.071690 0.380086
0 0.786181 0.731370 0.020424 0.066945 0.375113
0 0.055066 0.624932 0.024714 0.055340 0.372938
0 0.920867 0.729921 0.019616 0.081734 0.356164
0 0.120150 0.598489 0.021239 0.070820 0.313138
