4 0.258171 0.535957 0.267997 0.189288 0.914918
4 0.810844 0.408104 0.196475 0.102299 0.879233
2 0.675046 0.630490 0.162004 0.076142 0.821585
0 0.482807 0.730179 0.031395 0.089074 0.667445
0 0.439839 0.713603 0.026175 0.079655 0.585472
0 0.444750 0.836854 0.028833 0.102063 0.565846
0 0.480263 0.815514 0.033297 0.082695 0.483290
0 0.348618 0.861015 0.034651 0.115091 0.461645
0 0.498385 0.575090 0.019079 0.051901 0.395588
7 0.174266 0.388633 0.037313 0.031573 0.374587
0 0.458735 0.725897 0.023476 0.063054 0.372409
