2 0.902300 0.789109 0.191593 0.414931
1 0.561934 0.486095 0.126030 0.117910
1 0.779360 0.484353 0.119122 0.134381
0 0.778590 0.430764 0.069205 0.181322
0 0.118838 0.464146 0.080034 0.174394
1 0.324757 0.489442 0.120520 0.111384
0 0.561679 0.446443 0.129458 0.204282
0 0.206393 0.457237 0.087739 0.186894
0 0.324300 0.436514 0.069041 0.157448
1 0.200051 0.519166 0.136296 0.124276
0 0.779499 0.444892 0.121832 0.218721
3 0.120043 0.500913 0.098761 0.110945
0 0.560021 0.432512 0.076013 0.167477
0 0.325135 0.448186 0.120435 0.198928
0 0.200795 0.472072 0.134722 0.220148
