7 0.179516 0.490434 0.193281 0.199850
0 0.592070 0.783412 0.164658 0.425604
0 0.372302 0.756090 0.133553 0.479352
0 0.740007 0.707500 0.207083 0.576478
3 0.376511 0.490667 0.082462 0.126469
1 0.274488 0.748877 0.093691 0.253483
0 0.478691 0.550078 0.072190 0.225942
1 0.474232 0.622576 0.076782 0.158193
0 0.061062 0.616758 0.114306 0.408371
2 0.050196 0.464319 0.100367 0.102543
1 0.057097 0.760800 0.109333 0.244121
7 0.210204 0.490703 0.258508 0.203353
0 0.477449 0.566330 0.088700 0.276280
0 0.289491 0.602246 0.096087 0.384417
