6 0.01875 0.426056338028169 0.0375 0.3474178403755869
2 0.3890625 0.46906103286384976 0.0328125 0.14704225352112676
2 0.3109375 0.4685446009389671 0.0296875 0.11551643192488263
2 0.35625 0.4714553990610329 0.0359375 0.12131455399061032
6 0.09453125 0.4495305164319249 0.021875 0.11032863849765258
6 0.10859375 0.44835680751173707 0.0234375 0.11267605633802817
2 0.4609375 0.48147887323943667 0.0390625 0.14842723004694836
2 0.1953125 0.4579107981220657 0.021875 0.10598591549295774
2 0.26640625 0.46131455399061033 0.0265625 0.10103286384976526
2 0.290625 0.46868544600938966 0.01875 0.09699530516431924
2 0.5176406250000001 0.48269953051643194 0.04440625 0.14615023474178404
2 0.2515625 0.45422535211267606 0.015625 0.08685446009389672
2 0.1578125 0.4572065727699531 0.015625 0.0669718309859155
2 0.1203125 0.45422535211267606 0.0140625 0.07042253521126761
2 0.21015625 0.45807511737089196 0.0171875 0.08251173708920187
2 0.78203125 0.5 0.0859375 0.24413145539906103
1 0.63203125 0.4694835680751174 0.0796875 0.06103286384976526
7 0.68125 0.4518779342723005 0.0734375 0.04225352112676056
1 0.56875 0.4694835680751174 0.0640625 0.06338028169014084
1 0.94375 0.47769953051643194 0.0375 0.03051643192488263