2 0.61796875 0.4544392523364486 0.134375 0.15186915887850466
2 0.06640625 0.49182242990654207 0.1328125 0.25934579439252337
4 0.8359375 0.36565420560747663 0.3234375 0.35046728971962615
0 0.22734375 0.3820093457943925 0.028125 0.1261682242990654
0 0.25703125 0.3796728971962617 0.028125 0.1191588785046729
0 0.66953125 0.36098130841121495 0.0296875 0.035046728971962614
1 0.308921875 0.43327102803738315 0.04525 0.20689252336448596
1 0.6125 0.37149532710280375 0.03125 0.04906542056074766
0 0.01796875 0.3235981308411215 0.0359375 0.0911214953271028
0 0.4796875 0.352803738317757 0.0171875 0.028037383177570093
1 0.45234375 0.4696261682242991 0.06875 0.3107476635514019
1 0.32578125 0.5969626168224299 0.221875 0.7850467289719626
1 0.51953125 0.4427570093457944 0.05625 0.24532710280373832
1 0.50546875 0.4462616822429907 0.0640625 0.23598130841121495
1 0.15625 0.477803738317757 0.1203125 0.308411214953271
0 0.045265625 0.3327803738317757 0.0410625 0.060817757009345795
