6 0.05390625 0.22025052192066805 0.021875 0.07306889352818371
6 0.24609375 0.21920668058455114 0.025 0.09812108559498957
6 0.7578125 0.24425887265135698 0.0375 0.17536534446764093
6 0.89609375 0.23173277661795408 0.0390625 0.16910229645093947
6 0.85234375 0.23382045929018788 0.0421875 0.17118997912317327
6 0.66796875 0.23903966597077245 0.0421875 0.1941544885177453
6 0.8171875 0.23695198329853862 0.034375 0.13987473903966596
6 0.575 0.22755741127348644 0.0328125 0.1315240083507307
6 0.00546875 0.21711899791231734 0.0109375 0.06889352818371608
6 0.73515625 0.24947807933194155 0.028125 0.16075156576200417
6 0.70390625 0.2348643006263048 0.040625 0.17118997912317327
6 0.08359375 0.2160751565762004 0.0234375 0.0709812108559499
6 0.34609375 0.22338204592901878 0.034375 0.11064718162839249
2 0.53515625 0.5208768267223383 0.6765625 0.906054279749478
6 0.625671875 0.22308977035490604 0.040203125 0.13663883089770357
6 0.42201562499999995 0.22252609603340293 0.029843750000000002 0.13008350730688936
6 0.395890625 0.2204801670146138 0.025 0.11152400835073069