0 0.63515625 0.71953125 0.08125 0.2046875
0 0.74140625 0.6734375 0.0421875 0.103125
0 0.07890625 0.69140625 0.05 0.1375
0 0.02734375 0.68671875 0.0546875 0.1578125
0 0.9609375 0.665625 0.04375 0.115625
1 0.3796875 0.6721874999999999 0.0296875 0.083421875
0 0.68515625 0.6765625 0.0359375 0.0859375
0 0.128125 0.66484375 0.0328125 0.075
0 0.49921875 0.6671875 0.021875 0.0640625
0 0.51953125 0.6671875 0.01875 0.0625
1 0.45078125 0.6874687500000001 0.0546875 0.149921875
0 0.77109375 0.6765625 0.034375 0.096875
0 0.4109375 0.6609375 0.01875 0.046875
0 0.2203125 0.65 0.0125 0.040625
0 0.3359375 0.65859375 0.0125 0.025
0 0.1484375 0.6671875 0.0203125 0.059375
0 0.5328125 0.66015625 0.015625 0.0515625
0 0.1859375 0.68125 0.046875 0.1078125
