6 0.63515625 0.49765807962529274 0.728125 0.9859484777517564
6 0.09765625 0.2962529274004684 0.0453125 0.20140515222482436
6 0.228125 0.2728337236533958 0.021875 0.08665105386416862
6 0.33671875 0.2810304449648712 0.015625 0.04918032786885246
6 0.35234375 0.2822014051522248 0.015625 0.04918032786885246
6 0.20859375 0.2681498829039813 0.0203125 0.07494145199063232
6 0.3234375 0.2810304449648712 0.015625 0.05152224824355972
2 0.39245312499999996 0.27831381733021077 0.021359375 0.15763466042154567
6 0.11328125 0.27400468384074944 0.0234375 0.11943793911007025
1 0.30234375 0.2775175644028103 0.03125 0.03278688524590164
1 0.90859375 0.265807962529274 0.0953125 0.05152224824355972
1 0.1796875 0.2576112412177986 0.0265625 0.02810304449648712
1 0.27265625 0.2786885245901639 0.0296875 0.03747072599531616
1 0.9875 0.27400468384074944 0.025 0.04918032786885246