0 0.393 0.5135542168674698 0.186 0.6144578313253012
0 0.263 0.5918674698795181 0.12 0.39156626506024095
0 0.161 0.5948795180722891 0.072 0.25
0 0.627 0.5737951807228916 0.13 0.4939759036144578
0 0.709 0.5707831325301205 0.086 0.4789156626506024
0 0.544 0.5813253012048193 0.07 0.27710843373493976
0 0.974 0.552710843373494 0.052 0.3493975903614458
1 0.814 0.5783132530120482 0.062 0.2921686746987952
0 0.93 0.5647590361445783 0.07 0.3253012048192771
0 0.876 0.5783132530120482 0.064 0.29819277108433734
0 0.753 0.5677710843373494 0.05 0.3313253012048193
0 0.092 0.5963855421686747 0.048 0.19578313253012047
0 0.122 0.5993975903614458 0.034 0.1716867469879518
0 0.488 0.5873493975903614 0.062 0.2891566265060241
0 0.786 0.48493975903614456 0.038 0.11746987951807229
5 0.165 0.5180722891566265 0.13 0.19578313253012047
0 0.999 0.36789156626506025 0.002 0.0008734939759036144
