0 0.5386416861826698 0.7484375 0.3559718969555035 0.48125
0 0.49414519906323184 0.17734375 0.05152224824355972 0.0703125
0 0.8243559718969555 0.45078125 0.04918032786885246 0.040625
0 0.16510538641686182 0.4515625 0.0468384074941452 0.0234375
0 0.45550351288056207 0.48125 0.08665105386416862 0.15
0 0.5562060889929742 0.4921875 0.1053864168618267 0.1140625
0 0.6955503512880562 0.18671875 0.0351288056206089 0.0359375
3 0.04800936768149883 0.453125 0.03747072599531616 0.0171875
0 0.4894613583138173 0.48984375 0.05152224824355972 0.0890625
0 0.6428571428571429 0.47265625 0.06791569086651054 0.0890625
0 0.13466042154566746 0.434375 0.03747072599531616 0.0578125
3 0.7786885245901639 0.50703125 0.11007025761124122 0.059375
3 0.08782201405152225 0.50078125 0.15690866510538642 0.071875
0 0.09836065573770492 0.44609375 0.12412177985948478 0.090625
0 0.6990632318501171 0.4625 0.06088992974238876 0.1171875
0 0.8138173302107728 0.1734375 0.07259953161592506 0.046875
1 0.7365339578454333 0.623421875 0.5269320843091335 0.412484375
