7 0.228125 0.37660944206008584 0.1703125 0.1888412017167382
6 0.5984375 0.34120171673819744 0.1390625 0.4892703862660944
2 0.89296875 0.4152145922746781 0.0703125 0.27680257510729617
6 0.19296875 0.30472103004291845 0.015625 0.04935622317596566
6 0.971875 0.3208154506437768 0.0171875 0.09012875536480687
6 0.990625 0.3218884120171674 0.01875 0.08583690987124463
6 0.2296875 0.2907725321888412 0.0125 0.04291845493562232
6 0.95703125 0.30257510729613735 0.01875 0.07725321888412018
6 0.9328125 0.3133047210300429 0.03125 0.08583690987124463
6 0.95625 0.27145922746781115 0.0203125 0.0407725321888412
0 0.67734375 0.2167381974248927 0.365625 0.4055793991416309
0 0.4625 0.24892703862660945 0.0734375 0.1223175965665236
1 0.1546875 0.29935622317596566 0.0390625 0.02575107296137339
0 0.1859375 0.2532188841201717 0.059375 0.03862660944206009
0 0.16640625 0.26502145922746784 0.10625 0.06437768240343347
1 0.8703125 0.30793991416309013 0.0265625 0.06223175965665236