0 0.3893333333333333 0.453 0.15733333333333333 0.2
0 0.6506666666666666 0.391 0.04533333333333334 0.094
0 0.7186666666666667 0.416 0.06133333333333333 0.138
0 0.7693333333333333 0.406 0.04 0.122
1 0.5981333333333334 0.4152 0.057600000000000005 0.0984
0 0.43733333333333335 0.341 0.024 0.04
0 0.5626666666666666 0.38 0.04 0.088
1 0.5 0.41872000000000004 0.042666666666666665 0.07944
1 0.352 0.346 0.024 0.052
0 0.692 0.406 0.04 0.112
0 0.464 0.341 0.021333333333333333 0.04
0 0.5346666666666666 0.348 0.021333333333333333 0.036
0 0.512 0.354 0.029333333333333333 0.036
0 0.5226666666666666 0.399 0.05333333333333334 0.09
