4 0.103125 0.65 0.20625 0.28055555555555556
4 0.32578125 0.6333333333333333 0.125 0.06388888888888888
0 0.41328125 0.7375 0.0546875 0.18055555555555555
0 0.87421875 0.6847222222222222 0.034375 0.1361111111111111
0 0.4375 0.7055555555555556 0.028125 0.09722222222222222
0 0.5 0.6805555555555556 0.03125 0.1
0 0.228125 0.7486111111111111 0.059375 0.175
0 0.35078125 0.7555555555555555 0.0671875 0.2361111111111111
0 0.53828125 0.7027777777777777 0.0453125 0.16111111111111112
0 0.58125 0.6597222222222222 0.021875 0.06944444444444445
0 0.6234375 0.7013888888888888 0.0375 0.12777777777777777
0 0.6 0.6652777777777777 0.0203125 0.075
2 0.596875 0.6333333333333333 0.0515625 0.041666666666666664
2 0.95703125 0.6430555555555556 0.04375 0.07222222222222222
2 0.71796875 0.6208333333333333 0.05625 0.03333333333333333
2 0.89453125 0.6291666666666667 0.09375 0.06388888888888888
3 0.34375 0.8347222222222223 0.11875 0.175
3 0.2234375 0.7847222222222222 0.1078125 0.10555555555555556
3 0.746875 0.7125 0.065625 0.08333333333333333
3 0.534375 0.7791666666666667 0.05 0.1
3 0.5765625 0.7041666666666667 0.0265625 0.05555555555555555
3 0.90703125 0.7125 0.10625 0.09166666666666666
3 0.61796875 0.7444444444444445 0.0640625 0.10555555555555556
3 0.4078125 0.8069444444444445 0.0515625 0.11666666666666667
3 0.5921875 0.7083333333333334 0.0265625 0.027777777777777776
3 0.19140625 0.7416666666666667 0.021875 0.025
3 0.66796875 0.6597222222222222 0.046875 0.06111111111111111
3 0.69921875 0.6527777777777778 0.028125 0.041666666666666664
0 0.74921875 0.675 0.0359375 0.11944444444444445
1 0.10078125 0.8305555555555556 0.18125 0.3388888888888889
1 0.47734375 0.7597222222222222 0.090625 0.25555555555555554
