6 0.1171875 0.7802083333333333 0.0296875 0.12916666666666668
6 0.221875 0.765625 0.0375 0.12708333333333333
6 0.15078125 0.7708333333333334 0.05 0.14791666666666667
6 0.096875 0.7729166666666667 0.021875 0.11458333333333333
6 0.30390625 0.7458333333333333 0.015625 0.06666666666666667
6 0.34453125 0.7427083333333333 0.0125 0.06041666666666667
6 0.32265625 0.7427083333333333 0.0140625 0.06041666666666667
1 0.76015625 0.7979166666666667 0.2484375 0.24166666666666667
1 0.88984375 0.7041666666666667 0.0625 0.05625
1 0.975 0.6854166666666667 0.0453125 0.052083333333333336
1 0.5359375 0.7291666666666666 0.0890625 0.058333333333333334
1 0.9484375 0.6802083333333333 0.01875 0.03125
1 0.99140625 0.6614583333333334 0.0171875 0.025
1 0.93203125 0.671875 0.015625 0.020833333333333332
1 0.5359375 0.7291666666666666 0.090625 0.06041666666666667
6 0.610609375 0.7076250000000001 0.013078125 0.04575
6 0.65825 0.7059791666666667 0.014234374999999999 0.03829166666666666
6 0.46903125 0.7277083333333334 0.014359374999999999 0.0555625
6 0.47614062500000004 0.7143541666666666 0.009984375 0.03160416666666667
6 0.486296875 0.71275 0.012687499999999999 0.028395833333333335
1 0.707984375 0.70275 0.041265625 0.0405