0 0.63515625 0.4953161592505855 0.7265625 0.9882903981264637
0 0.09765625 0.29508196721311475 0.04375 0.1990632318501171
0 0.228125 0.2775175644028103 0.021875 0.07494145199063232
2 0.296875 0.275175644028103 0.04375 0.03747072599531616
0 0.11015625 0.2728337236533958 0.0296875 0.1288056206088993
2 0.9046875 0.26346604215456676 0.0859375 0.04215456674473068
2 0.2609375 0.27634660421545665 0.0390625 0.0351288056206089
0 0.39375 0.319672131147541 0.01875 0.07494145199063232
0 0.32109375 0.27985948477751754 0.01875 0.0585480093676815
0 0.1671875 0.22950819672131148 0.0234375 0.08430913348946135
1 0.39375 0.319672131147541 0.01875 0.07494145199063232
