6 0.74296875 0.8302277432712215 0.0390625 0.14492753623188406
6 0.109375 0.8426501035196687 0.0515625 0.09937888198757763
6 0.8171875 0.8333333333333334 0.04375 0.15113871635610765
6 0.7765625 0.8281573498964804 0.0359375 0.13664596273291926
6 0.22734375 0.7474120082815735 0.0234375 0.09109730848861283
6 0.28984375 0.7298136645962733 0.01875 0.07039337474120083
6 0.26015625 0.7236024844720497 0.0171875 0.07039337474120083
6 0.24375 0.7536231884057971 0.0171875 0.07867494824016563
6 0.65546875 0.7474120082815735 0.01875 0.08488612836438923
6 0.23984375 0.7049689440993789 0.01875 0.039337474120082816
0 0.49921875 0.7484472049689441 0.2 0.2028985507246377
1 0.63984375 0.9244306418219461 0.23125 0.12215320910973085
1 0.5484375 0.865424430641822 0.134375 0.15942028985507245
1 0.33046875 0.6884057971014492 0.0421875 0.035196687370600416
1 0.284375 0.6904761904761905 0.0390625 0.051759834368530024
1 0.30703125 0.6708074534161491 0.0296875 0.035196687370600416