0 0.32265625 0.609375 0.25 0.7770833333333333
0 0.96796875 0.5447916666666667 0.034375 0.11041666666666666
1 0.885125 0.5429999999999999 0.048390625 0.15477083333333336
0 0.79140625 0.515625 0.01875 0.07708333333333334
0 0.8359375 0.515625 0.025 0.07708333333333334
0 0.64609375 0.5333333333333333 0.025 0.13541666666666666
0 0.85859375 0.5197916666666667 0.01875 0.07916666666666666
0 0.76015625 0.5135416666666667 0.01875 0.06875
0 0.5921875 0.4864583333333333 0.0140625 0.035416666666666666
1 0.68359375 0.5163958333333334 0.025 0.097375
0 0.93359375 0.5104166666666666 0.0203125 0.05416666666666667
0 0.60859375 0.4875 0.0140625 0.03333333333333333
1 0.6953125 0.5072916666666667 0.0234375 0.07916666666666666
0 0.9140625 0.509375 0.015625 0.04791666666666667
0 0.746875 0.5072916666666667 0.0109375 0.05625
0 0.7140625 0.4979166666666667 0.0140625 0.052083333333333336
0 0.76796875 0.5072916666666667 0.0125 0.05625
0 0.54453125 0.48541666666666666 0.0140625 0.03958333333333333
0 0.53046875 0.4864583333333333 0.0109375 0.03958333333333333
2 0.46171875 0.4864583333333333 0.0765625 0.04375
1 0.57021875 0.48891666666666667 0.013250000000000001 0.031208333333333334
