6 0.4921875 0.253125 0.3765625 0.5041666666666667
6 0.23984375 0.5958333333333333 0.0453125 0.18541666666666667
6 0.115625 0.5979166666666667 0.0484375 0.225
6 0.165625 0.6010416666666667 0.0515625 0.21666666666666667
6 0.046875 0.590625 0.0703125 0.25625
6 0.87109375 0.5583333333333333 0.0328125 0.11875
6 0.9859375 0.5770833333333333 0.0265625 0.12708333333333333
6 0.42890625 0.5822916666666667 0.0453125 0.11041666666666666
2 0.9135937500000001 0.5715416666666666 0.072484375 0.18060416666666665
6 0.96484375 0.5677083333333334 0.0234375 0.12708333333333333
6 0.9453125 0.5645833333333333 0.028125 0.12291666666666666
6 0.46015625 0.5822916666666667 0.0296875 0.08541666666666667
1 0.2 0.6229166666666667 0.046875 0.08958333333333333