2 0.8863080684596577 0.484 0.2273838630806846 0.334
2 0.4897310513447433 0.5338999999999999 0.7985330073349634 0.8138
2 0.06381418092909535 0.36660000000000004 0.07823960880195599 0.1232
2 0.15361858190709046 0.383 0.12110024449877752 0.14998
6 0.4706601466992665 0.434 0.06845965770171149 0.212
2 0.2893154034229829 0.47256 0.28036674816625917 0.27512000000000003
2 0.8092909535452323 0.423 0.15892420537897312 0.188
1 0.7701711491442543 0.382 0.08068459657701711 0.042
1 0.23594132029339854 0.366 0.06845965770171149 0.03
1 0.02689486552567237 0.35 0.05378973105134474 0.062
2 0.9222249388753057 0.4555 0.15555012224938874 0.27408