6 0.11953125 0.27634660421545665 0.04375 0.19437939110070257
6 0.9171875 0.2576112412177986 0.040625 0.0936768149882904
6 0.08515625 0.2646370023419204 0.025 0.18969555035128804
2 0.036453124999999996 0.2736065573770492 0.07290624999999999 0.17953161592505854
6 0.87109375 0.23653395784543327 0.01875 0.0468384074941452
6 0.95859375 0.22716627634660422 0.0203125 0.03278688524590164
6 0.88984375 0.2423887587822014 0.0234375 0.06557377049180328
6 0.05859375 0.24473067915690866 0.021875 0.1756440281030445
6 0.0578125 0.1920374707259953 0.01875 0.06791569086651054
6 0.93203125 0.23770491803278687 0.015625 0.05152224824355972
1 0.953125 0.2962529274004684 0.0921875 0.117096018735363
5 0.590890625 0.5047306791569087 0.47707812499999996 0.6743793911007026
1 0.76484375 0.3009367681498829 0.0859375 0.13817330210772832
1 0.83984375 0.3009367681498829 0.1 0.11943793911007025
1 0.27890625 0.373536299765808 0.0265625 0.11943793911007025
7 0.5015625 0.33138173302107726 0.4734375 0.3395784543325527