2 0.476 0.5706666666666667 0.076 0.264
7 0.176 0.49466666666666664 0.194 0.19733333333333333
6 0.373 0.7586666666666667 0.132 0.48
6 0.741 0.7106666666666667 0.208 0.5786666666666667
2 0.6845800000000001 0.4583466666666667 0.04886 0.13536
6 0.785 0.4693333333333333 0.058 0.14666666666666667
2 0.056 0.6493333333333333 0.108 0.4666666666666667
2 0.288 0.644 0.108 0.464
1 0.025 0.4666666666666667 0.05 0.09866666666666667
1 0.431 0.4866666666666667 0.096 0.128
1 0.563 0.44266666666666665 0.076 0.072
1 0.528 0.45866666666666667 0.088 0.06933333333333333
1 0.368 0.488 0.098 0.13066666666666665
1 0.73 0.4146666666666667 0.05 0.042666666666666665
1 0.054 0.41733333333333333 0.108 0.058666666666666666
6 0.9805 0.49405333333333334 0.039 0.08146666666666667
6 0.59414 0.784 0.1683 0.432