6 0.8921875 0.5468384074941453 0.0703125 0.2810304449648712
6 0.83671875 0.5644028103044496 0.0703125 0.25995316159250587
6 0.95703125 0.4613583138173302 0.0859375 0.5620608899297423
6 0.79375 0.5515222482435597 0.0453125 0.22716627634660422
6 0.53515625 0.38524590163934425 0.1046875 0.3091334894613583
6 0.909375 0.34894613583138173 0.071875 0.26229508196721313
6 0.85859375 0.38173302107728335 0.046875 0.24355971896955503
6 0.596875 0.41217798594847777 0.05625 0.1522248243559719
6 0.78515625 0.3477751756440281 0.0609375 0.14988290398126464
6 0.63515625 0.40398126463700235 0.0390625 0.09133489461358314
6 0.946875 0.3711943793911007 0.065625 0.2459016393442623
2 0.28671875 0.5784543325526932 0.5734375 0.8173302107728337