2 0.24583333333333332 0.784375 0.041666666666666664 0.0375
2 0.37083333333333335 0.790625 0.13958333333333334 0.053125
3 0.90625 0.79609375 0.05 0.0625
4 0.13958333333333334 0.76796875 0.14583333333333334 0.10625
0 0.30833333333333335 0.8703125 0.07291666666666667 0.146875
1 0.7479166666666667 0.826484375 0.18333333333333332 0.14859375
0 0.23333333333333334 0.83671875 0.05416666666666667 0.096875
0 0.18333333333333332 0.8515625 0.05416666666666667 0.1046875
0 0.8958333333333334 0.7640625 0.06458333333333334 0.040625
0 0.27291666666666664 0.8 0.025 0.0296875
2 0.6458333333333334 0.7359375 0.05416666666666667 0.0203125
4 0.86875 0.7265625 0.16458333333333333 0.09375
0 0.009375 0.85390625 0.016666666666666666 0.109375
2 0.5520833333333334 0.7734375 0.05 0.04375
5 0.31979166666666664 0.7609375 0.11041666666666666 0.0453125
0 0.6979166666666666 0.790625 0.029166666666666667 0.028125
2 0.2833333333333333 0.7953125 0.058333333333333334 0.0359375
1 0.18541666666666667 0.8515625 0.058333333333333334 0.1046875
0 0.7693333333333333 0.902703125 0.25837499999999997 0.194609375
