0 0.21171875 0.7166276346604216 0.1203125 0.3864168618266979
1 0.412546875 0.6826463700234192 0.06884375000000001 0.29971896955503513
0 0.06328125 0.7283372365339579 0.1265625 0.531615925058548
0 0.109375 0.7049180327868853 0.0671875 0.39344262295081966
0 0.15859375 0.6533957845433255 0.0265625 0.1522248243559719
0 0.13984375 0.6510538641686182 0.0203125 0.15456674473067916
1 0.525 0.7259953161592506 0.1359375 0.4613583138173302
1 0.85859375 0.7037470725995316 0.178125 0.5011709601873536
4 0.5390625 0.572599531615925 0.3875 0.3325526932084309
2 0.94375 0.7060889929742389 0.1109375 0.30210772833723654
2 0.3171875 0.6182669789227166 0.040625 0.03981264637002342
2 0.74609375 0.6288056206088993 0.0578125 0.09601873536299765
2 0.796875 0.6498829039812647 0.0625 0.14988290398126464
