0 0.245 0.5573333333333333 0.072 0.22933333333333333
0 0.347 0.4653333333333333 0.034 0.058666666666666666
0 0.489 0.5346666666666666 0.076 0.2853333333333333
0 0.254 0.408 0.018 0.07733333333333334
0 0.23 0.4093333333333333 0.024 0.06666666666666667
0 0.167 0.4186666666666667 0.016 0.034666666666666665
0 0.951 0.316 0.016 0.064
0 0.984 0.316 0.014 0.064
0 0.385 0.476 0.048 0.032
0 0.969 0.316 0.022 0.06933333333333333
1 0.832 0.3426666666666667 0.048 0.11466666666666667
1 0.884 0.3426666666666667 0.068 0.112
2 0.033479999999999996 0.46213333333333334 0.056979999999999996 0.030933333333333334
