3 0.678125 0.5234192037470726 0.334375 0.34660421545667447
4 0.64375 0.24707259953161592 0.075 0.15690866510538642
0 0.671875 0.46252927400468385 0.10625 0.34192037470725994
0 0.37421875 0.3255269320843091 0.1453125 0.4098360655737705
1 0.146609375 0.42192037470725996 0.1109375 0.31925058548009366
0 0.875 0.4238875878220141 0.053125 0.25526932084309134
0 0.828125 0.4297423887587822 0.046875 0.25995316159250587
0 0.98046875 0.3840749414519906 0.0359375 0.17330210772833723
0 0.1640625 0.3629976580796253 0.028125 0.1288056206088993
0 0.184375 0.30562060889929743 0.0234375 0.0468384074941452
0 0.20625 0.3255269320843091 0.025 0.06791569086651054
0 0.23984375 0.3255269320843091 0.0453125 0.06088992974238876
2 0.9546875 0.3711943793911007 0.028125 0.11007025761124122
2 0.67265625 0.3337236533957845 0.0640625 0.04215456674473068
0 0.8453125 0.32201405152224827 0.034375 0.07259953161592506
1 0.06953125 0.4672131147540984 0.1390625 0.34894613583138173
