6 0.571875 0.6561264822134387 0.0328125 0.2450592885375494
6 0.68125 0.5079051383399209 0.0234375 0.19367588932806323
6 0.2703125 0.39920948616600793 0.034375 0.1383399209486166
6 0.5640625 0.4743083003952569 0.0328125 0.1225296442687747
6 0.5421875 0.6739130434782609 0.028125 0.20948616600790515
6 0.5921875 0.4762845849802372 0.025 0.09486166007905138
6 0.22109375 0.40711462450592883 0.034375 0.15810276679841898
6 0.5328125 0.616600790513834 0.04375 0.31620553359683795
6 0.2390625 0.38537549407114624 0.021875 0.12648221343873517
6 0.54609375 0.4644268774703557 0.0203125 0.1225296442687747
6 0.30546875 0.3952569169960474 0.0453125 0.11857707509881422
6 0.52109375 0.4644268774703557 0.0203125 0.1067193675889328
0 0.83828125 0.40711462450592883 0.2625 0.466403162055336
0 0.1125 0.36794466403162057 0.190625 0.6999604743083004