0 0.16796875 0.6721311475409836 0.2453125 0.6416861826697893
0 0.76484375 0.30562060889929743 0.0765625 0.24824355971896955
0 0.6359375 0.2306791569086651 0.06875 0.16393442622950818
0 0.82265625 0.32201405152224827 0.0640625 0.2646370023419204
0 0.03671875 0.33138173302107726 0.0296875 0.10304449648711944
0 0.04609375 0.4613583138173302 0.0453125 0.2459016393442623
0 0.2796875 0.36416861826697894 0.05625 0.20608899297423888
0 0.0765625 0.5281030444964872 0.0671875 0.2786885245901639
1 0.45703125 0.42857142857142855 0.1203125 0.5081967213114754
4 0.8984375 0.49414519906323184 0.2 0.9812646370023419
0 0.01875 0.5255035128805621 0.0375 0.5297892271662763
