0 0.07578125 0.550351288056206 0.1046875 0.4098360655737705
1 0.5171875 0.4822014051522248 0.059375 0.25014051522248243
1 0.625 0.4910070257611241 0.1421875 0.19044496487119436
0 0.45390625 0.43911007025761123 0.034375 0.1451990632318501
0 0.240625 0.4203747072599532 0.0265625 0.12177985948477751
0 0.1421875 0.4566744730679157 0.0375 0.17798594847775176
0 0.34609375 0.45081967213114754 0.065625 0.19672131147540983
0 0.2203125 0.42271662763466045 0.021875 0.11241217798594848
0 0.39921875 0.4215456674473068 0.028125 0.1288056206088993
0 0.6890625 0.44730679156908665 0.0359375 0.17096018735362997
0 0.603125 0.4028103044496487 0.0328125 0.07962529274004684
0 0.20078125 0.40749414519906324 0.0203125 0.10304449648711944
0 0.01171875 0.45901639344262296 0.0234375 0.1873536299765808
0 0.10703125 0.40749414519906324 0.0390625 0.09133489461358314
1 0.80625 0.5819672131147541 0.1046875 0.41217798594847777
1 0.3515625 0.4718969555035129 0.0765625 0.2388758782201405
0 0.426171875 0.43271662763466046 0.025265625000000003 0.1423887587822014
0 0.261984375 0.3882201405152225 0.017703125 0.07524590163934426
0 0.5421875 0.3921311475409836 0.019796875 0.06744730679156909
