6 0.24375 0.87578125 0.125 0.2484375
6 0.07083333333333333 0.8734375 0.1375 0.2515625
2 0.9635416666666666 0.825 0.07083333333333333 0.196875
2 0.6072916666666667 0.78846875 0.05 0.12381249999999999
6 0.025 0.83515625 0.05 0.203125
6 0.3572916666666667 0.87265625 0.12083333333333333 0.2546875
6 0.37604166666666666 0.76015625 0.035416666666666666 0.040625
6 0.146875 0.7828125 0.06041666666666667 0.109375
2 0.5427083333333333 0.769546875 0.0375 0.07815625000000001
6 0.28854166666666664 0.77265625 0.04375 0.071875
6 0.17708333333333334 0.7703125 0.04583333333333333 0.090625
6 0.928125 0.74296875 0.010416666666666666 0.025
2 0.6729166666666667 0.803125 0.10208333333333333 0.18125
1 0.846875 0.76484375 0.1125 0.046875
1 0.7177083333333333 0.76796875 0.06666666666666667 0.05
8 0.7354166666666667 0.72734375 0.1625 0.096875