7 0.49453125 0.28308823529411764 0.2203125 0.3137254901960784
7 0.484375 0.06862745098039216 0.13125 0.1323529411764706
7 0.09375 0.22090686274509802 0.1875 0.35049019607843135
6 0.90625 0.23284313725490197 0.065625 0.3112745098039216
2 0.7274375 0.6422794117647059 0.388109375 0.6125
6 0.88203125 0.05392156862745098 0.0265625 0.10294117647058823
1 0.2578125 0.20098039215686275 0.1609375 0.19852941176470587
1 0.88359375 0.8504901960784313 0.2328125 0.28431372549019607
1 0.890625 0.6580882352941176 0.21875 0.26715686274509803
1 0.83046875 0.09558823529411764 0.05 0.09313725490196079
1 0.565625 0.07107843137254902 0.04375 0.09803921568627451
1 0.5890625 0.06004901960784314 0.0234375 0.0661764705882353
1 0.12109375 0.07230392156862746 0.0984375 0.11764705882352941
1 0.575 0.17279411764705882 0.059375 0.1053921568627451
1 0.04375 0.0392156862745098 0.075 0.03431372549019608
1 0.26875 0.05759803921568627 0.1203125 0.09068627450980392
1 0.703125 0.1090686274509804 0.0359375 0.14460784313725492
7 0.3460625 0.12254901960784313 0.15475 0.2181372549019608