7 0.79609375 0.5925058548009368 0.215625 0.2927400468384075
5 0.74375 0.44028103044496486 0.1046875 0.19672131147540983
7 0.60546875 0.5070257611241218 0.071875 0.10772833723653395
4 0.29140625 0.4648711943793911 0.58125 0.7400468384074942
1 0.65703125 0.542903981264637 0.0296875 0.14903981264637003
1 0.6765625 0.5078922716627635 0.0203125 0.09309133489461359
2 0.13125 0.7576112412177985 0.2609375 0.468384074941452
2 0.575 0.5374707259953162 0.0390625 0.11943793911007025
2 0.560265625 0.5568852459016393 0.021640625 0.11339578454332554
5 0.6125 0.4531615925058548 0.078125 0.09133489461358314
