6 0.634375 0.765807962529274 0.1609375 0.45901639344262296
6 0.9390625 0.38173302107728335 0.121875 0.3770491803278688
6 0.38046875 0.5526932084309133 0.0609375 0.2224824355971897
6 0.73203125 0.8840749414519906 0.1140625 0.22950819672131148
6 0.55625 0.48243559718969553 0.015625 0.06791569086651054
2 0.639796875 0.45653395784543327 0.044296875 0.07976580796252927
6 0.41484375 0.3957845433255269 0.0484375 0.11007025761124122
6 0.4390625 0.3793911007025761 0.034375 0.09836065573770492
6 0.0046875 0.4379391100702576 0.009375 0.05152224824355972
6 0.24140625 0.44730679156908665 0.0171875 0.04215456674473068
6 0.98984375 0.3477751756440281 0.0203125 0.06557377049180328
6 0.0171875 0.43676814988290397 0.0140625 0.0351288056206089
6 0.0609375 0.4449648711943794 0.025 0.06557377049180328