7 0.97890625 0.20374707259953162 0.040625 0.05620608899297424
1 0.9348906250000001 0.3091100702576113 0.061984375 0.26227166276346603
1 0.087234375 0.26269320843091337 0.174484375 0.35674473067915696
0 0.56328125 0.19789227166276346 0.0265625 0.11475409836065574
0 0.1640625 0.20725995316159251 0.0796875 0.1873536299765808
0 0.27578125 0.17681498829039813 0.0578125 0.15456674473067916
0 0.03984375 0.17096018735362997 0.0578125 0.1990632318501171
0 0.51328125 0.18969555035128804 0.05 0.11007025761124122
0 0.6390625 0.18618266978922718 0.0296875 0.05620608899297424
0 0.7546875 0.1791569086651054 0.015625 0.03278688524590164
0 0.4171875 0.14402810304449648 0.025 0.0585480093676815
0 0.397421875 0.19716627634660422 0.059484375 0.1449648711943794
0 0.7078125 0.19320843091334894 0.01875 0.06088992974238876
0 0.884375 0.20491803278688525 0.0203125 0.04918032786885246
0 0.78984375 0.17096018735362997 0.0140625 0.03747072599531616
2 0.85 0.1920374707259953 0.0359375 0.02576112412177986
