0 0.70234375 0.7062256809338522 0.3921875 0.5583657587548638
0 0.26328125 0.438715953307393 0.28125 0.8151750972762646
0 0.61484375 0.2801556420233463 0.096875 0.311284046692607
0 0.71171875 0.31809338521400776 0.1171875 0.245136186770428
0 0.1625 0.21595330739299612 0.053125 0.17898832684824903
0 0.5484375 0.1556420233463035 0.0390625 0.11478599221789883
0 0.1140625 0.18968871595330739 0.05625 0.13618677042801555
0 0.24921875 0.13910505836575876 0.0421875 0.04669260700389105
0 0.53828125 0.32684824902723736 0.0890625 0.2782101167315175
0 0.06328125 0.15272373540856032 0.071875 0.1264591439688716
0 0.83046875 0.26750972762645914 0.13125 0.33073929961089493
