2 0.1828125 0.4133489461358314 0.0296875 0.04215456674473068
3 0.3390625 0.4098360655737705 0.021875 0.05152224824355972
0 0.54765625 0.3805620608899297 0.046875 0.2107728337236534
0 0.64765625 0.3981264637002342 0.0484375 0.19437939110070257
0 0.5734375 0.3864168618266979 0.028125 0.17330210772833723
0 0.4359375 0.40046838407494145 0.0265625 0.12177985948477751
0 0.25 0.40046838407494145 0.0234375 0.06557377049180328
2 0.20859375 0.41569086651053866 0.0203125 0.03044496487119438
2 0.40859375 0.41920374707259955 0.0484375 0.03044496487119438
0 0.1171875 0.4063231850117096 0.0109375 0.053864168618266976
0 0.13359375 0.4098360655737705 0.009375 0.04449648711943794
0 0.2359375 0.4098360655737705 0.015625 0.04918032786885246
0 0.10859375 0.4098360655737705 0.0109375 0.04918032786885246
0 0.06796875 0.40866510538641687 0.0140625 0.03747072599531616
4 0.77421875 0.30327868852459017 0.4515625 0.5971896955503513
0 0.51484375 0.4016393442622951 0.015625 0.1053864168618267
0 0.1640625 0.39227166276346603 0.0140625 0.02107728337236534
2 0.203125 0.4016393442622951 0.0171875 0.01405152224824356
1 0.153125 0.40749414519906324 0.0203125 0.06557377049180328
