1 0.13359375 0.384375 0.021875 0.05416666666666667
1 0.45703125 0.40520833333333334 0.015625 0.07083333333333333
0 0.8296875 0.42291666666666666 0.0125 0.06458333333333334
1 0.19140625 0.4979166666666667 0.05625 0.26458333333333334
1 0.3234375 0.7135416666666666 0.2421875 0.5729166666666666
1 0.91171875 0.6694166666666667 0.1765625 0.587
1 0.5504687500000001 0.5037916666666666 0.11656249999999999 0.23910416666666665
1 0.7703125 0.475 0.0609375 0.13125
1 0.665046875 0.6634166666666667 0.21398437499999998 0.6399791666666667
1 0.63428125 0.435875 0.042484375000000005 0.08039583333333335
1 0.589359375 0.5992916666666667 0.10778125000000001 0.43814583333333335
0 0.107421875 0.37695833333333334 0.010781250000000001 0.037270833333333336
1 0.8515625 0.473625 0.061312500000000006 0.1345208333333333
0 0.387453125 0.39810416666666665 0.015015625 0.035812500000000004
1 0.038046875 0.4423541666666667 0.07609375 0.14754166666666665
1 0.312015625 0.45866666666666667 0.10504687500000001 0.17579166666666665
0 0.064875 0.376625 0.014781250000000001 0.0444375
0 0.291265625 0.3945416666666667 0.020765625 0.042479166666666665
1 0.373296875 0.43716666666666665 0.050046875000000005 0.09139583333333333
1 0.26953125 0.4716875 0.063234375 0.17024999999999998
0 0.04840625 0.38054166666666667 0.01584375 0.042979166666666666
0 0.8696249999999999 0.411125 0.024390625 0.03820833333333333
1 0.399421875 0.39810416666666665 0.017984375 0.041749999999999995
1 0.0834375 0.38508333333333333 0.016015625 0.050041666666666665
1 0.48120312500000006 0.432625 0.0314375 0.10352083333333333
1 0.8686562500000001 0.4339166666666667 0.031859375 0.059812500000000005
0 0.538578125 0.39908333333333335 0.026703125 0.03983333333333334
0 0.781734375 0.4124375 0.014624999999999999 0.031104166666666665
1 0.153203125 0.4427083333333333 0.0454375 0.14656249999999998
0 0.008875 0.38575 0.017374999999999998 0.049958333333333334
0 0.30225 0.4049583333333333 0.01771875 0.03908333333333334
1 0.724125 0.4280625 0.03796875 0.042562499999999996
1 0.41259375 0.45768749999999997 0.045203125 0.14079166666666668
1 0.446296875 0.404625 0.018515625 0.04747916666666666
1 0.11676562500000001 0.39095833333333335 0.020890625 0.06660416666666666
0 0.9838906250000001 0.4359375 0.032046875 0.0504375
1 0.2268125 0.4641041666666667 0.02828125 0.17227083333333332
1 0.797484375 0.4916875 0.048734375 0.19170833333333331
