6 0.524 0.7237237237237237 0.256 0.5345345345345346
6 0.232 0.7177177177177178 0.342 0.5465465465465466
2 0.33662000000000003 0.7263963963963963 0.11524 0.4257957957957958
6 0.538 0.6261261261261262 0.05 0.12612612612612611
2 0.9188 0.7426426426426427 0.15813999999999998 0.24804804804804803
6 0.68 0.6471471471471472 0.04 0.10810810810810811
2 0.87394 0.7036936936936937 0.0948 0.17015015015015014
6 0.033 0.8813813813813813 0.066 0.1831831831831832
6 0.271 0.5690690690690691 0.082 0.2042042042042042
6 0.269 0.7072072072072072 0.088 0.48348348348348347
2 0.628 0.7147147147147147 0.13 0.30930930930930933
2 0.754 0.7447447447447447 0.192 0.32732732732732733