2 0.90703125 0.5995316159250585 0.1859375 0.14754098360655737
0 0.13984375 0.5117096018735363 0.01875 0.08196721311475409
0 0.11484375 0.5117096018735363 0.0203125 0.07494145199063232
0 0.13046875 0.5081967213114754 0.0203125 0.08196721311475409
0 0.5265625 0.509367681498829 0.015625 0.053864168618266976
0 0.54140625 0.522248243559719 0.0140625 0.06088992974238876
0 0.0953125 0.5128805620608899 0.0109375 0.07494145199063232
0 0.91640625 0.5597189695550351 0.0515625 0.04215456674473068
0 0.22421875 0.5058548009367682 0.015625 0.05620608899297424
2 0.0265625 0.5 0.05 0.053864168618266976
0 0.3265625 0.49882903981264637 0.00625 0.01639344262295082
1 0.41328125 0.6065573770491803 0.1828125 0.36533957845433257
1 0.2625 0.5374707259953162 0.046875 0.10304449648711944
