2 0.225 0.36587982832618027 0.1640625 0.17167381974248927
4 0.678125 0.21351931330472104 0.36875 0.4012875536480687
4 0.46171875 0.2478540772532189 0.065625 0.13090128755364808
4 0.165625 0.2542918454935622 0.071875 0.0407725321888412
0 0.5984375 0.33369098712446355 0.1328125 0.4978540772532189
0 0.19453125 0.30257510729613735 0.015625 0.0536480686695279
2 0.2 0.2929184549356223 0.0390625 0.04291845493562232
4 0.11953125 0.2478540772532189 0.0203125 0.034334763948497854
0 0.97109375 0.3208154506437768 0.021875 0.09012875536480687
2 0.1546875 0.29721030042918456 0.0375 0.032188841201716736
0 0.22265625 0.2886266094420601 0.015625 0.04291845493562232
0 0.95546875 0.3090128755364807 0.015625 0.07296137339055794
0 0.23828125 0.2875536480686695 0.01875 0.0536480686695279
1 0.89296875 0.4130901287553648 0.071875 0.27467811158798283
