6 0.19158878504672897 0.97421875 0.08644859813084112 0.05
6 0.7266355140186916 0.94140625 0.035046728971962614 0.0921875
6 0.5700934579439252 0.9390625 0.037383177570093455 0.0734375
6 0.338785046728972 0.9796875 0.07710280373831775 0.040625
6 0.4766355140186916 0.93671875 0.03271028037383177 0.0734375
6 0.07126168224299065 0.97734375 0.08177570093457943 0.0453125
6 0.4088785046728972 0.94296875 0.056074766355140186 0.1078125
6 0.026869158878504672 0.97265625 0.053738317757009345 0.053125
2 0.7742757009345794 0.928625 0.029859813084112147 0.047890625
2 0.6623831775700935 0.9109375 0.02336448598130841 0.0328125
6 0.5969626168224299 0.9265625 0.02102803738317757 0.046875
6 0.40186915887850466 0.9875 0.04439252336448598 0.025
6 0.8820093457943925 0.925 0.011682242990654205 0.01875
6 0.7885514018691588 0.92734375 0.018691588785046728 0.0515625
6 0.9252336448598131 0.934375 0.018691588785046728 0.0203125