0 0.674 0.6942771084337349 0.11 0.5
0 0.047 0.5346385542168675 0.074 0.26506024096385544
0 0.134 0.5150602409638554 0.024 0.08734939759036145
0 0.19 0.4879518072289157 0.012 0.03614457831325301
0 0.253 0.5015060240963856 0.012 0.04216867469879518
0 0.229 0.4924698795180723 0.01 0.03313253012048193
0 0.241 0.4954819277108434 0.008 0.024096385542168676
0 0.092 0.48343373493975905 0.014 0.045180722891566265
0 0.175 0.4924698795180723 0.008 0.02710843373493976
0 0.564 0.6400602409638554 0.08 0.3885542168674699
0 0.15 0.48493975903614456 0.008 0.02710843373493976
0 0.217 0.48493975903614456 0.008 0.02108433734939759
0 0.108 0.48343373493975905 0.008 0.024096385542168676
0 0.15 0.4879518072289157 0.14 0.06626506024096386
1 0.047 0.5466867469879518 0.074 0.2891566265060241
1 0.134 0.5210843373493976 0.024 0.09939759036144578
