7 0.7347417840375586 0.64375 0.10093896713615023 0.053125
7 0.08098591549295775 0.63359375 0.0892018779342723 0.0546875
1 0.8192488262910798 0.6546875 0.11267605633802817 0.0515625
1 0.9049295774647887 0.6625 0.1431924882629108 0.05625
1 0.971830985915493 0.6703125 0.056338028169014086 0.0609375
1 0.6431924882629108 0.64375 0.08685446009389672 0.0328125
1 0.27582159624413144 0.6390625 0.11032863849765258 0.034375
1 0.023474178403755867 0.6484375 0.04225352112676056 0.053125
1 0.49061032863849763 0.63046875 0.04460093896713615 0.0265625
1 0.22535211267605634 0.63515625 0.08685446009389672 0.034375
1 0.14788732394366197 0.6328125 0.056338028169014086 0.0328125
1 0.1807511737089202 0.63515625 0.056338028169014086 0.0296875
3 0.5958450704225352 0.6295625 0.06185446009389672 0.0450625
1 0.45305164319248825 0.64296875 0.06103286384976526 0.0375
1 0.6126760563380281 0.63984375 0.035211267605633804 0.0296875
1 0.3227699530516432 0.6203125 0.056338028169014086 0.025
1 0.5598591549295775 0.63515625 0.018779342723004695 0.0265625