2 0.8625 0.5809859154929577 0.1640625 0.6455399061032864
2 0.741234375 0.47762910798122066 0.0625 0.27004694835680754
2 0.526453125 0.512981220657277 0.10584374999999999 0.16913145539906102
2 0.775 0.452206572769953 0.03125 0.21194835680751176
6 0.62890625 0.3720657276995305 0.021875 0.051643192488262914
2 0.66328125 0.4154929577464789 0.0203125 0.06807511737089202
2 0.619625 0.4404929577464789 0.05121875 0.09908450704225352
2 0.8046875 0.46030516431924884 0.028125 0.21401408450704226
6 0.6453125 0.41784037558685444 0.01875 0.056338028169014086
6 0.0046875 0.35093896713615025 0.009375 0.023474178403755867
2 0.688734375 0.397887323943662 0.0109375 0.03990610328638498
2 0.71984375 0.38636150234741784 0.021875 0.07042253521126761
2 0.71171875 0.3873239436619718 0.021875 0.06572769953051644
6 0.1578125 0.392018779342723 0.009375 0.025821596244131457
2 0.190625 0.6784037558685446 0.38125 0.4225352112676056