6 0.58046875 0.639344262295082 0.121875 0.24121779859484777
6 0.80234375 0.585480093676815 0.0578125 0.23185011709601874
6 0.6421875 0.5163934426229508 0.01875 0.07494145199063232
6 0.1890625 0.6159250585480094 0.0953125 0.2903981264637002
6 0.59375 0.5046838407494145 0.0203125 0.0702576112412178
6 0.61328125 0.509367681498829 0.01875 0.06323185011709602
6 0.68203125 0.5187353629976581 0.0171875 0.07494145199063232
6 0.72578125 0.5269320843091335 0.01875 0.0585480093676815
6 0.66328125 0.5152224824355972 0.0171875 0.07728337236533958
6 0.62734375 0.5128805620608899 0.0109375 0.05152224824355972
6 0.75703125 0.5187353629976581 0.0140625 0.053864168618266976
6 0.57109375 0.5152224824355972 0.0109375 0.04918032786885246
6 0.7015625 0.5199063231850117 0.01875 0.0702576112412178
6 0.559375 0.5163934426229508 0.0171875 0.0585480093676815
2 0.40234375 0.6252927400468384 0.190625 0.2646370023419204