4 0.246 0.3516320474777448 0.484 0.7002967359050445
0 0.048 0.26409495548961426 0.064 0.08902077151335312
0 0.296 0.20919881305637983 0.048 0.0830860534124629
0 0.361 0.24629080118694363 0.052 0.0771513353115727
0 0.075 0.21513353115727002 0.016 0.09792284866468842
1 0.438 0.612759643916914 0.334 0.4599406528189911
1 0.779 0.658753709198813 0.442 0.5192878338278932
1 0.52054 0.5864688427299702 0.22506 0.37688427299703264
1 0.90426 0.5704451038575667 0.17546 0.3171513353115727
1 0.85334 0.5908308605341247 0.29331999999999997 0.34602373887240356
