4 0.90078125 0.4964871194379391 0.1984375 0.9836065573770492
0 0.1640625 0.6686182669789227 0.2515625 0.6463700234192038
0 0.765625 0.3079625292740047 0.078125 0.24121779859484777
0 0.82890625 0.2822014051522248 0.06875 0.18969555035128804
0 0.278125 0.3325526932084309 0.05 0.12646370023419204
0 0.215625 0.28688524590163933 0.0390625 0.1405152224824356
0 0.04921875 0.4238875878220141 0.0484375 0.18266978922716628
0 0.63671875 0.22833723653395785 0.071875 0.1592505854800937
0 0.0375 0.3395784543325527 0.03125 0.10070257611241218
0 0.1 0.32903981264637 0.05625 0.08899297423887588
1 0.45859375 0.42505854800936765 0.1109375 0.5058548009367682
