2 0.9192037470725996 0.5234375 0.16159250585480095 0.140625
4 0.6100702576112412 0.46328125 0.5035128805620609 0.2859375
0 0.148711943793911 0.50546875 0.053864168618266976 0.0703125
0 0.7060889929742389 0.4359375 0.07962529274004684 0.0453125
0 0.1990632318501171 0.51796875 0.06323185011709602 0.1640625
0 0.3793911007025761 0.49140625 0.0585480093676815 0.0828125
0 0.3407494145199063 0.47890625 0.04215456674473068 0.09375
4 0.08899297423887588 0.4671875 0.17798594847775176 0.059375
0 0.9414519906323185 0.4796875 0.03044496487119438 0.01875
0 0.2997658079625293 0.53046875 0.05620608899297424 0.21875
