4 0.5375 0.6804878048780488 0.2828125 0.2682926829268293
0 0.59296875 0.9390243902439024 0.0375 0.12195121951219512
0 0.51796875 0.9426829268292682 0.040625 0.11463414634146342
0 0.86484375 0.7597560975609756 0.0265625 0.05609756097560976
0 0.91171875 0.7597560975609756 0.0375 0.05365853658536585
0 0.834375 0.525609756097561 0.021875 0.04390243902439024
0 0.609375 0.9231707317073171 0.021875 0.12682926829268293
0 0.9796875 0.5146341463414634 0.0140625 0.04390243902439024
0 0.8234375 0.6524390243902439 0.0171875 0.026829268292682926
0 0.28203125 0.6121951219512195 0.0265625 0.046341463414634146
2 0.16484375 0.8158536585365853 0.1953125 0.15365853658536585
2 0.18515625 0.676829268292683 0.1484375 0.1
2 0.2546875 0.6560975609756098 0.103125 0.08780487804878048
2 0.34609375 0.6463414634146342 0.128125 0.0951219512195122
0 0.853125 0.6707317073170732 0.021875 0.041463414634146344
0 0.746875 0.5182926829268293 0.009375 0.05121951219512195
2 0.021875 0.7719512195121951 0.04375 0.09024390243902439
2 0.90078125 0.6731707317073171 0.08125 0.10975609756097561
2 0.665625 0.5548780487804879 0.071875 0.05853658536585366
2 0.76640625 0.6048780487804878 0.0984375 0.09268292682926829
2 0.39296875 0.6 0.0359375 0.03902439024390244
4 0.14140625 0.5951219512195122 0.23125 0.14390243902439023
4 0.26484375 0.4792682926829268 0.171875 0.04390243902439024
0 0.93515625 0.5560975609756098 0.025 0.04390243902439024
2 0.790625 0.7609756097560976 0.1546875 0.1878048780487805
1 0.14453125 0.9243902439024391 0.109375 0.15121951219512195
