4 0.7984375 0.23125 0.1375 0.2708333333333333
4 0.6203125 0.1 0.0984375 0.175
4 0.9015625 0.2864583333333333 0.178125 0.28958333333333336
5 0.42734375 0.2708333333333333 0.1328125 0.275
0 0.08828125 0.7604166666666666 0.0796875 0.32916666666666666
0 0.2796875 0.4552083333333333 0.040625 0.15
0 0.23828125 0.4708333333333333 0.03125 0.13333333333333333
0 0.2546875 0.309375 0.0375 0.1125
0 0.2640625 0.39375 0.021875 0.07083333333333333
0 0.2640625 0.3541666666666667 0.0328125 0.08333333333333333
0 0.8 0.36354166666666665 0.0296875 0.125
0 0.290625 0.3614583333333333 0.028125 0.058333333333333334
0 0.52890625 0.165625 0.0296875 0.06875
0 0.2953125 0.63125 0.0375 0.07291666666666667
2 0.5859375 0.7427083333333333 0.321875 0.3875
2 0.71796875 0.34791666666666665 0.1015625 0.13333333333333333
2 0.79140625 0.5135416666666667 0.103125 0.17083333333333334
2 0.9375 0.65 0.125 0.16666666666666666
2 0.8828125 0.565625 0.1265625 0.18333333333333332
0 0.3203125 0.19375 0.0140625 0.07291666666666667
2 0.53515625 0.3020833333333333 0.096875 0.12083333333333333
2 0.9421875 0.5510416666666667 0.115625 0.09375
2 0.49375 0.11875 0.04375 0.041666666666666664
2 0.528125 0.14895833333333333 0.0609375 0.07708333333333334
2 0.70546875 0.22395833333333334 0.0578125 0.09791666666666667
2 0.45390625 0.45416666666666666 0.0359375 0.15625
2 0.965625 0.7739583333333333 0.0578125 0.15625
4 0.39609375 0.19375 0.115625 0.2791666666666667
4 0.94296875 0.28125 0.1140625 0.22291666666666668
0 0.228125 0.43645833333333334 0.0359375 0.13958333333333334
2 0.5234375 0.4875 0.1359375 0.23541666666666666
2 0.390625 0.121875 0.23125 0.09375
1 0.2859375 0.7760416666666666 0.103125 0.3333333333333333
