3 0.03828125 0.652267818574514 0.0671875 0.265658747300216
3 0.36015625 0.4514038876889849 0.0515625 0.07991360691144708
0 0.49609375 0.3898488120950324 0.05625 0.11879049676025918
0 0.90703125 0.5388768898488121 0.096875 0.3369330453563715
0 0.1203125 0.43844492440604754 0.0625 0.1490280777537797
0 0.2453125 0.34557235421166305 0.0140625 0.01511879049676026
0 0.178125 0.42764578833693306 0.046875 0.1857451403887689
0 0.45546875 0.40928725701943847 0.1265625 0.20086393088552915
0 0.06015625 0.4287257019438445 0.0515625 0.2203023758099352
0 0.96015625 0.5399568034557235 0.0453125 0.34773218142548595
0 0.30703125 0.408207343412527 0.046875 0.12095032397408208
0 0.36484375 0.40712742980561556 0.0515625 0.1101511879049676
0 0.3984375 0.38228941684665224 0.01875 0.07127429805615551
3 0.13671875 0.4481641468682505 0.05 0.12742980561555076
3 0.26328125 0.4319654427645788 0.0484375 0.06263498920086392
3 0.59453125 0.3941684665226782 0.0109375 0.03023758099352052
3 0.85546875 0.5053995680345572 0.0296875 0.0755939524838013
0 0.21015625 0.37041036717062636 0.0203125 0.06047516198704104
0 0.321875 0.3693304535637149 0.0203125 0.04967602591792657
