1 0.909375 0.6307053941908713 0.159375 0.37136929460580914
0 0.3375 0.6804979253112033 0.384375 0.6161825726141079
1 0.8546875 0.754149377593361 0.2890625 0.470954356846473
0 0.64609375 0.549792531120332 0.0953125 0.21161825726141079
1 0.1578125 0.5653526970954357 0.0890625 0.23858921161825727
1 0.49279687499999997 0.5874688796680498 0.06839062500000001 0.27244813278008295
0 0.42890625 0.5269709543568465 0.06875 0.12863070539419086
1 0.11171875 0.548817427385892 0.040625 0.17230290456431535
0 0.24609375 0.5217842323651453 0.0671875 0.13692946058091288
0 0.78671875 0.483402489626556 0.0546875 0.1016597510373444
1 0.2234375 0.5062240663900415 0.0375 0.10580912863070539
0 0.8140625 0.49377593360995853 0.0296875 0.08506224066390042
0 0.465625 0.47614107883817425 0.028125 0.04979253112033195
1 0.759375 0.7126556016597511 0.165625 0.5622406639004149
1 0.05703125 0.5985477178423236 0.09375 0.3381742738589212
1 0.5875 0.7022821576763485 0.171875 0.4979253112033195
