0 0.619 0.46266666666666667 0.022 0.048
0 0.446 0.37333333333333335 0.012 0.05333333333333334
5 0.442 0.516 0.248 0.2906666666666667
7 0.666 0.696 0.104 0.192
2 0.432 0.7186666666666667 0.09 0.16
7 0.784 0.6866666666666666 0.118 0.17866666666666667
2 0.702 0.49733333333333335 0.074 0.10933333333333334
2 0.752 0.43466666666666665 0.108 0.056
2 0.641 0.5866666666666667 0.072 0.09066666666666667
7 0.541 0.6933333333333334 0.078 0.17866666666666667
2 0.734 0.5986666666666667 0.086 0.15466666666666667
2 0.783 0.3626666666666667 0.06 0.056
2 0.531 0.5893333333333334 0.074 0.09333333333333334
2 0.762 0.404 0.092 0.042666666666666665
2 0.783 0.49066666666666664 0.04 0.050666666666666665
