2 0.65924 0.6603857566765579 0.17552 0.2347181008902077
0 0.454 0.5934718100890207 0.85 0.35311572700296734
6 0.163 0.6839762611275965 0.058 0.26706231454005935
6 0.814 0.6528189910979229 0.062 0.26112759643916916
6 0.504 0.7566765578635015 0.082 0.14836795252225518
6 0.869 0.6364985163204748 0.05 0.19584569732937684
6 0.109 0.6706231454005934 0.046 0.26112759643916916
2 0.72126 0.3425222551928784 0.14324 0.17166172106824926
6 0.968 0.6394658753709199 0.03 0.17804154302670624
6 0.835 0.6246290801186943 0.042 0.2166172106824926
6 0.932 0.6320474777448071 0.053340000000000005 0.20456973293768546