2 0.15546875 0.9135416666666667 0.3078125 0.15
0 0.659375 0.878125 0.021875 0.10625
3 0.31875 0.8895833333333333 0.0375 0.05
0 0.50859375 0.8385416666666666 0.0078125 0.027083333333333334
0 0.721875 0.875 0.0265625 0.09375
0 0.43046875 0.8510416666666667 0.0140625 0.022916666666666665
0 0.634375 0.88125 0.0296875 0.10416666666666667
3 0.29296875 0.8875 0.0296875 0.06041666666666667
3 0.68125 0.865625 0.028125 0.052083333333333336
3 0.52421875 0.8760416666666667 0.040625 0.0875
3 0.2703125 0.8875 0.0359375 0.05
3 0.703125 0.8583333333333333 0.01875 0.07708333333333334
3 0.95078125 0.8552083333333333 0.04375 0.05
3 0.909375 0.8614583333333333 0.0171875 0.029166666666666667
0 0.37421875 0.8458333333333333 0.0109375 0.027083333333333334
0 0.74375 0.825 0.00625 0.01875
3 0.5640625 0.8822916666666667 0.0265625 0.058333333333333334
1 0.404234375 0.8739583333333333 0.030343750000000003 0.08333333333333333
