1 0.3984375 0.7958333333333333 0.1421875 0.4041666666666667
1 0.111984375 0.7729166666666667 0.22082812500000001 0.45208333333333334
1 0.76015625 0.753125 0.171875 0.49166666666666664
1 0.6578125 0.7128541666666667 0.071875 0.2631875
1 0.534109375 0.7697916666666667 0.136453125 0.3770833333333333
0 0.0359375 0.6145833333333334 0.071875 0.12291666666666666
0 0.0171875 0.5916666666666667 0.0328125 0.11458333333333333
0 0.26796875 0.6208333333333333 0.028125 0.09791666666666667
0 0.221875 0.6208333333333333 0.0328125 0.10208333333333333
0 0.30546875 0.6072916666666667 0.0203125 0.08125
1 0.470828125 0.653125 0.049484375000000004 0.16875
0 0.43125 0.63125 0.0390625 0.09583333333333334
0 0.1453125 0.625 0.0390625 0.13541666666666666
0 0.33203125 0.609375 0.0203125 0.07708333333333334
4 0.8125 0.5760416666666667 0.071875 0.1125
2 0.7175625 0.5807083333333334 0.0159375 0.015083333333333334
2 0.674765625 0.5835833333333333 0.01840625 0.024083333333333335
0 0.396671875 0.5831041666666666 0.017640625 0.022145833333333333
0 0.43040625 0.5764166666666667 0.013843749999999998 0.016145833333333335
