6 0.689 0.6351351351351351 0.09 0.34534534534534533
2 0.09954 0.6967867867867867 0.19706 0.4686786786786787
6 0.191 0.5780780780780781 0.054 0.23423423423423423
6 0.384 0.566066066066066 0.048 0.2132132132132132
6 0.24 0.5870870870870871 0.066 0.2552552552552553
6 0.743 0.493993993993994 0.046 0.07807807807807808
6 0.806 0.5555555555555556 0.046 0.24024024024024024
6 0.482 0.566066066066066 0.04 0.2072072072072072
6 0.901 0.521021021021021 0.066 0.12012012012012012
6 0.455 0.56006006006006 0.034 0.1831831831831832
6 0.146 0.5525525525525525 0.046 0.16516516516516516
6 0.771 0.4984984984984985 0.034 0.09309309309309309
2 0.894 0.6081081081081081 0.21 0.5615615615615616
2 0.43 0.6126126126126126 0.06 0.2732732732732733
2 0.551 0.5840840840840841 0.116 0.3183183183183183
1 0.6535599999999999 0.5628228228228228 0.26288 0.14966966966966969
1 0.651 0.45645645645645644 0.11 0.05105105105105105
1 0.752 0.46546546546546547 0.038 0.03003003003003003