0 0.48671875 0.5105386416861827 0.0703125 0.04449648711943794
0 0.4453125 0.5199063231850117 0.0875 0.04918032786885246
0 0.24296875 0.45784543325526933 0.046875 0.04449648711943794
0 0.1953125 0.46252927400468385 0.0265625 0.02576112412177986
0 0.34453125 0.4274004683840749 0.0234375 0.03747072599531616
0 0.58046875 0.44730679156908665 0.0765625 0.03278688524590164
0 0.63515625 0.44379391100702575 0.034375 0.0468384074941452
0 0.80625 0.4168618266978923 0.03125 0.03747072599531616
0 0.26640625 0.45433255269320844 0.0140625 0.03747072599531616
0 0.03671875 0.4566744730679157 0.0734375 0.14754098360655737
0 0.6296875 0.43559718969555034 0.015625 0.0468384074941452
1 0.81875 0.629976580796253 0.3296875 0.6159250585480094
