5 0.10703125 0.6291666666666667 0.2140625 0.30625
0 0.45078125 0.665625 0.034375 0.12916666666666668
0 0.28203125 0.7270833333333333 0.0625 0.12916666666666668
0 0.25078125 0.6770833333333334 0.0453125 0.11666666666666667
0 0.63359375 0.6697916666666667 0.0265625 0.13958333333333334
0 0.5859375 0.66875 0.0234375 0.10416666666666667
0 0.821875 0.6552083333333333 0.0265625 0.1375
0 0.6046875 0.6645833333333333 0.0234375 0.11041666666666666
1 0.4911875 0.6640833333333334 0.027000000000000003 0.09483333333333334
0 0.61875 0.6458333333333334 0.015625 0.07291666666666667
0 0.8359375 0.6541666666666667 0.021875 0.12708333333333333
0 0.30390625 0.65625 0.01875 0.058333333333333334
0 0.9046875 0.6416666666666667 0.01875 0.06875
1 0.684375 0.6635416666666667 0.0203125 0.075
0 0.40703125 0.678125 0.021875 0.058333333333333334
0 0.915625 0.6395833333333333 0.0234375 0.06458333333333334
1 0.65915625 0.6596875 0.032328125 0.10102083333333334
