0 0.62734375 0.3755868544600939 0.021875 0.056338028169014086
1 0.771875 0.43309859154929575 0.0375 0.16901408450704225
0 0.71953125 0.3908450704225352 0.015625 0.056338028169014086
0 0.6625 0.4107981220657277 0.015625 0.04929577464788732
0 0.64453125 0.4107981220657277 0.021875 0.03990610328638498
0 0.696875 0.39436619718309857 0.00625 0.023474178403755867
0 0.6890625 0.38967136150234744 0.0125 0.025821596244131457
1 0.19140625 0.687793427230047 0.3828125 0.4413145539906103
1 0.8625 0.573943661971831 0.18125 0.6596244131455399
1 0.7421875 0.47417840375586856 0.0625 0.2605633802816901
1 0.62265625 0.4495305164319249 0.053125 0.11267605633802817
1 0.52734375 0.5117605633802816 0.1015625 0.15488262910798123
1 0.806640625 0.4556338028169014 0.032546874999999996 0.20842723004694838
