1 0.40921874999999996 0.5706041666666667 0.7628125 0.8567083333333334
0 0.0734375 0.39791666666666664 0.0703125 0.30625
0 0.13359375 0.37604166666666666 0.0828125 0.2604166666666667
0 0.69453125 0.2708333333333333 0.0453125 0.09166666666666666
0 0.7515625 0.24583333333333332 0.0234375 0.052083333333333336
0 0.77734375 0.24479166666666666 0.021875 0.05
0 0.0125 0.49583333333333335 0.025 0.20625
0 0.640625 0.234375 0.0328125 0.05416666666666667
0 0.9203125 0.24583333333333332 0.0171875 0.075
0 0.80703125 0.23541666666666666 0.0171875 0.0375
