0 0.16953125 0.5925324675324676 0.2703125 0.7840909090909091
0 0.7828125 0.2297077922077922 0.11875 0.22402597402597402
0 0.65859375 0.18262987012987014 0.115625 0.15422077922077923
0 0.24765625 0.1858766233766234 0.0953125 0.09090909090909091
0 0.1296875 0.2288961038961039 0.1375 0.16071428571428573
0 0.3296875 0.19318181818181818 0.103125 0.09415584415584416
0 0.49921875 0.08928571428571429 0.0921875 0.0698051948051948
0 0.57109375 0.19318181818181818 0.1421875 0.17045454545454544
1 0.16953125 0.5941558441558441 0.2703125 0.788961038961039
1 0.42734375 0.6152597402597403 0.575 0.762987012987013
1 0.74375 0.512987012987013 0.175 0.7094155844155844
