6 0.50703125 0.5270880361173815 0.2359375 0.8871331828442438
5 0.954890625 0.17126410835214448 0.0828125 0.286117381489842
5 0.7515625 0.12866817155756208 0.0625 0.1901805869074492
5 0.45078125 0.15546275395033862 0.0578125 0.1580135440180587
2 0.3171875 0.1275395033860045 0.040625 0.1518058690744921
5 0.6546875 0.08239277652370203 0.028125 0.07900677200902935
5 0.5640625 0.08209932279909705 0.028125 0.07674943566591422
6 0.878125 0.06884875846501129 0.0203125 0.08126410835214447
6 0.584375 0.07984198645598194 0.0171875 0.060948081264108354
6 0.61875 0.07900677200902935 0.0171875 0.06772009029345373
5 0.6046875 0.09720090293453724 0.0265625 0.10580135440180587