0 0.509375 0.7032710280373832 0.3234375 0.5794392523364486
0 0.8921875 0.8341121495327103 0.1203125 0.32710280373831774
0 0.31484375 0.7955607476635514 0.078125 0.3691588785046729
0 0.0984375 0.7535046728971962 0.1546875 0.48130841121495327
0 0.03203125 0.7733644859813084 0.0640625 0.4252336448598131
0 0.19765625 0.7932242990654206 0.0640625 0.3808411214953271
1 0.742328125 0.8403738317757009 0.10184375000000001 0.3092523364485982
0 0.3859375 0.7593457943925234 0.0515625 0.2546728971962617
0 0.15859375 0.7605140186915887 0.075 0.46261682242990654
0 0.2578125 0.802570093457944 0.0453125 0.3247663551401869
0 0.421875 0.7383177570093458 0.0546875 0.20794392523364486
0 0.2234375 0.7768691588785047 0.053125 0.352803738317757
0 0.9328125 0.7885514018691588 0.03125 0.12383177570093458
0 0.35390625 0.7406542056074766 0.0453125 0.25934579439252337
0 0.68515625 0.7768691588785047 0.0359375 0.1542056074766355
0 0.825 0.875 0.03125 0.1705607476635514
