0 0.640625 0.44139650872817954 0.1359375 0.2718204488778055
2 0.343234375 0.6749625935162096 0.103640625 0.4754364089775561
6 0.9578125 0.559850374064838 0.025 0.16458852867830423
6 0.9390625 0.5685785536159601 0.0234375 0.15211970074812967
6 0.49453125 0.49002493765586036 0.01875 0.07481296758104738
6 0.92109375 0.5648379052369077 0.03125 0.16458852867830423
6 0.90390625 0.5610972568578554 0.021875 0.1596009975062344
6 0.3703125 0.42144638403990026 0.0078125 0.032418952618453865
6 0.2796875 0.49875311720698257 0.01875 0.04738154613466334
6 0.38203125 0.44389027431421446 0.0125 0.0199501246882793
1 0.72734375 0.5847880299251871 0.13125 0.15211970074812967
1 0.03515625 0.7032418952618454 0.0703125 0.32917705735660846
1 0.43828125 0.5947630922693267 0.13125 0.20698254364089774
1 0.54765625 0.49875311720698257 0.053125 0.06483790523690773
1 0.37734375 0.48129675810473815 0.0453125 0.04488778054862843
7 0.508859375 0.4794763092269327 0.04165625 0.060274314214463845
2 0.39584375 0.42019950124688277 0.0111875 0.03239401496259352