2 0.50703125 0.32786885245901637 0.46875 0.34192037470725994
2 0.76484375 0.2997658079625293 0.0875 0.1358313817330211
2 0.8390625 0.2997658079625293 0.10625 0.12412177985948478
3 0.5890625 0.5421545667447307 0.4734375 0.6182669789227166
0 0.5671875 0.44730679156908665 0.134375 0.5362997658079626
0 0.07890625 0.27049180327868855 0.040625 0.20374707259953162
0 0.1234375 0.27985948477751754 0.040625 0.19672131147540983
0 0.05625 0.17798594847775176 0.015625 0.05152224824355972
0 0.8609375 0.23653395784543327 0.0265625 0.04918032786885246
0 0.91328125 0.25878220140515223 0.03125 0.0936768149882904
0 0.88671875 0.24004683840749413 0.0203125 0.0702576112412178
0 0.959375 0.22365339578454332 0.021875 0.0351288056206089
0 0.9296875 0.23770491803278687 0.01875 0.06791569086651054
2 0.9546875 0.29508196721311475 0.090625 0.117096018735363
0 0.89921875 0.22131147540983606 0.0109375 0.01639344262295082
0 0.871875 0.23770491803278687 0.015625 0.04918032786885246
1 0.0328125 0.2716627634660422 0.0640625 0.1686182669789227
