0 0.36171875 0.5828488372093024 0.0671875 0.3488372093023256
0 0.38125 0.46075581395348836 0.04375 0.17732558139534885
0 0.21640625 0.561046511627907 0.0890625 0.2936046511627907
0 0.22421875 0.4316860465116279 0.03125 0.12209302325581395
0 0.24296875 0.438953488372093 0.01875 0.10755813953488372
0 0.28671875 0.4680232558139535 0.0375 0.16279069767441862
0 0.121875 0.5232558139534884 0.0609375 0.28488372093023256
0 0.9359375 0.5247093023255814 0.0515625 0.14825581395348839
0 0.90390625 0.47819767441860467 0.04375 0.1569767441860465
0 0.31640625 0.5508720930232558 0.04375 0.3430232558139535
0 0.2546875 0.5421511627906976 0.0390625 0.24709302325581395
0 0.1546875 0.501453488372093 0.0578125 0.2616279069767442
0 0.33125 0.43023255813953487 0.0234375 0.05813953488372093
0 0.8538125000000001 0.49749999999999994 0.051375000000000004 0.12069767441860466
