0 0.684375 0.6155660377358491 0.0828125 0.38443396226415094
0 0.85390625 0.6332547169811321 0.165625 0.5825471698113207
0 0.94296875 0.6108490566037735 0.1109375 0.3466981132075472
0 0.81640625 0.47995283018867924 0.05 0.10613207547169812
5 0.29296875 0.3608490566037736 0.5859375 0.7169811320754716
2 0.6125 0.47877358490566035 0.0171875 0.02122641509433962
0 0.79375 0.49292452830188677 0.0375 0.1179245283018868
0 0.640625 0.5790094339622641 0.0265625 0.25235849056603776
0 0.62578125 0.4846698113207547 0.0109375 0.04245283018867924
0 0.65078125 0.4988207547169811 0.028125 0.1391509433962264
0 0.9859375 0.5389150943396226 0.028125 0.22169811320754718
