0 0.64140625 0.7270833333333333 0.31875 0.5458333333333333
0 0.2546875 0.565625 0.415625 0.86875
0 0.68828125 0.2864583333333333 0.0046875 0.016666666666666666
0 0.9734375 0.40520833333333334 0.025 0.06666666666666667
0 0.45546875 0.3385416666666667 0.0046875 0.016666666666666666
0 0.89765625 0.3625 0.009375 0.03125
0 0.76796875 0.43854166666666666 0.009375 0.04791666666666667
0 0.0984375 0.5520833333333334 0.196875 0.8958333333333334
0 0.7546875 0.44166666666666665 0.021875 0.04375
0 0.69765625 0.3854166666666667 0.009375 0.041666666666666664
0 0.58359375 0.3927083333333333 0.015625 0.0375
1 0.84453125 0.43645833333333334 0.078125 0.12291666666666666
1 0.8848437499999999 0.4079583333333333 0.0571875 0.08741666666666667
