0 0.3984375 0.5303030303030303 0.165625 0.7599067599067599
1 0.56796875 0.351981351981352 0.028125 0.11655011655011654
0 0.33203125 0.3146853146853147 0.034375 0.09090909090909091
0 0.959375 0.3333333333333333 0.025 0.053613053613053616
0 0.03671875 0.3135198135198135 0.0234375 0.055944055944055944
0 0.93515625 0.3321678321678322 0.0203125 0.04428904428904429
0 0.109375 0.3076923076923077 0.0234375 0.04895104895104895
0 0.12734375 0.30885780885780884 0.015625 0.05128205128205128
0 0.08203125 0.3076923076923077 0.0203125 0.053613053613053616
1 0.597296875 0.36435897435897435 0.028828125 0.13664335664335664
0 0.06953125 0.317016317016317 0.0171875 0.04195804195804196
0 0.99375 0.3333333333333333 0.0125 0.06993006993006994
0 0.30078125 0.31934731934731936 0.015625 0.055944055944055944
0 0.978125 0.3356643356643357 0.015625 0.053613053613053616
0 0.5546875 0.3181818181818182 0.0140625 0.046620046620046623
0 0.50234375 0.3356643356643357 0.0140625 0.06293706293706294
0 0.79375 0.3275058275058275 0.015625 0.030303030303030304
0 0.2671875 0.3006993006993007 0.0140625 0.037296037296037296
0 0.80546875 0.32517482517482516 0.015625 0.030303030303030304
1 0.6421875 0.4976689976689977 0.1484375 0.4755244755244755
