0 0.778125 0.5878220140515222 0.0453125 0.2107728337236534
0 0.29453125 0.5831381733021077 0.0546875 0.26697892271662765
0 0.371875 0.5866510538641686 0.0671875 0.27400468384074944
0 0.17109375 0.5819672131147541 0.059375 0.28805620608899296
0 0.06484375 0.585480093676815 0.0703125 0.3700234192037471
0 0.12421875 0.5901639344262295 0.0484375 0.234192037470726
0 0.81796875 0.585480093676815 0.046875 0.24121779859484777
0 0.98671875 0.5796252927400468 0.0265625 0.2693208430913349
0 0.58359375 0.509367681498829 0.05 0.07962529274004684
0 0.21015625 0.5913348946135831 0.040625 0.2505854800936768
0 0.2453125 0.5889929742388759 0.034375 0.18266978922716628
0 0.89921875 0.5772833723653396 0.0890625 0.22482435597189696
0 0.66484375 0.585480093676815 0.025 0.11475409836065574
