6 0.40859375 0.8067915690866511 0.1609375 0.3793911007025761
6 0.6765625 0.8185011709601874 0.1125 0.3583138173302108
6 0.48984375 0.7927400468384075 0.08125 0.4098360655737705
6 0.5375 0.8149882903981265 0.0515625 0.36533957845433257
2 0.8229218749999999 0.8425058548009368 0.196359375 0.3149882903981265
6 0.24609375 0.8220140515222483 0.0734375 0.351288056206089
6 0.0875 0.8290398126463701 0.0859375 0.3372365339578454
6 0.32109375 0.8231850117096019 0.053125 0.2997658079625293
6 0.1375 0.7494145199063232 0.08125 0.17798594847775176
6 0.00859375 0.7564402810304449 0.0171875 0.1686182669789227
6 0.025 0.747072599531616 0.0265625 0.11475409836065574
6 0.29375 0.8372365339578455 0.0484375 0.3185011709601874
6 0.1734375 0.7728337236533958 0.059375 0.22482435597189696
6 0.61484375 0.8138173302107728 0.0359375 0.30679156908665106
6 0.20234375 0.7822014051522248 0.0390625 0.2716627634660422
6 0.37421875 0.6978922716627635 0.05 0.08665105386416862
0 0.63671875 0.6436299765807962 0.471875 0.3747072599531616
0 0.9640625 0.6826697892271663 0.0703125 0.6135831381733021