6 0.525 0.6401869158878505 0.13125 0.5771028037383178
2 0.8378593750000001 0.5585046728971963 0.066328125 0.2525700934579439
2 0.94040625 0.569322429906542 0.057390624999999994 0.2227570093457944
6 0.975 0.5233644859813084 0.015625 0.056074766355140186
6 0.99453125 0.5268691588785047 0.0109375 0.06074766355140187
6 0.096875 0.4871495327102804 0.0109375 0.014018691588785047
1 0.0421875 0.5420560747663551 0.084375 0.0794392523364486
1 0.40078125 0.5268691588785047 0.040625 0.056074766355140186
1 0.26484375 0.5327102803738317 0.0765625 0.06775700934579439
1 0.0890625 0.5151869158878505 0.06875 0.04672897196261682
0 0.65234375 0.4871495327102804 0.0828125 0.1261682242990654
1 0.340625 0.514018691588785 0.0234375 0.035046728971962614
1 0.29921875 0.522196261682243 0.040625 0.0514018691588785
1 0.3265625 0.5198598130841121 0.025 0.04672897196261682
1 0.23046875 0.5128504672897196 0.0546875 0.056074766355140186