3 0.45143750000000005 0.4891334894613584 0.41848437499999996 0.6881264637002341
0 0.68671875 0.16042154566744732 0.0640625 0.1053864168618267
0 0.31484375 0.07611241217798595 0.0984375 0.14754098360655737
0 0.3890625 0.08196721311475409 0.103125 0.16393442622950818
0 0.7546875 0.1756440281030445 0.075 0.09601873536299765
0 0.97109375 0.13934426229508196 0.0578125 0.1756440281030445
0 0.84921875 0.19437939110070257 0.0734375 0.08665105386416862
0 0.11875 0.053864168618266976 0.08125 0.1053864168618267
0 0.62109375 0.08665105386416862 0.0640625 0.17096018735362997
0 0.19765625 0.06088992974238876 0.0890625 0.11943793911007025
0 0.034375 0.04918032786885246 0.06875 0.09133489461358314
1 0.807015625 0.5667447306791569 0.250046875 0.44730679156908665
