0 0.41796875 0.4929742388758782 0.7421875 0.9836065573770492
0 0.884375 0.7833723653395784 0.0328125 0.06323185011709602
0 0.834375 0.7388758782201406 0.0421875 0.06791569086651054
0 0.79453125 0.6814988290398126 0.0265625 0.0468384074941452
0 0.7484375 0.6112412177985949 0.0265625 0.03747072599531616
0 0.7234375 0.5737704918032787 0.03125 0.09133489461358314
0 0.7734375 0.6440281030444965 0.0328125 0.03044496487119438
0 0.7921875 0.6604215456674473 0.0078125 0.03044496487119438
0 0.09921875 0.16978922716627634 0.1921875 0.33021077283372363
0 0.86640625 0.775175644028103 0.0296875 0.053864168618266976
1 0.96484375 0.9344262295081968 0.06875 0.13114754098360656
