2 0.3328125 0.4 0.1171875 0.13333333333333333
2 0.07734375 0.40729166666666666 0.1546875 0.15416666666666667
2 0.171875 0.37395833333333334 0.0625 0.12083333333333333
0 0.93671875 0.3854166666666667 0.025 0.10416666666666667
2 0.04453125 0.3072916666666667 0.0875 0.052083333333333336
2 0.63046875 0.36770833333333336 0.0390625 0.03125
2 0.3921875 0.39791666666666664 0.0671875 0.10833333333333334
2 0.590625 0.375 0.015625 0.020833333333333332
2 0.5765625 0.375 0.0140625 0.01875
2 0.51953125 0.3697916666666667 0.0171875 0.025
1 0.88359375 0.44583333333333336 0.1046875 0.40208333333333335
