3 0.6306818181818182 0.6578125 0.10606060606060606 0.1484375
0 0.14109848484848486 0.721875 0.14204545454545456 0.33125
0 0.8238636363636364 0.79140625 0.24242424242424243 0.4171875
0 0.3399621212121212 0.63203125 0.08901515151515152 0.2171875
0 0.6429924242424242 0.59296875 0.03787878787878788 0.0453125
0 0.8134469696969697 0.68046875 0.32196969696969696 0.34375
0 0.7357954545454546 0.57421875 0.08333333333333333 0.0921875
0 0.6893939393939394 0.559375 0.05303030303030303 0.084375
0 0.6401515151515151 0.6140625 0.11553030303030302 0.16875
0 0.2509469696969697 0.6375 0.09848484848484848 0.225
0 0.5928030303030303 0.5703125 0.056818181818181816 0.0875
0 0.9659090909090909 0.63203125 0.06818181818181818 0.1890625
0 0.07670454545454546 0.7765625 0.13825757575757575 0.3
1 0.4659090909090909 0.75 0.2196969696969697 0.4796875
