0 0.3890625 0.6447916666666667 0.10625 0.29375
0 0.3171875 0.66875 0.071875 0.4125
0 0.959375 0.634375 0.04375 0.2125
0 0.5671875 0.678125 0.1078125 0.39166666666666666
0 0.50703125 0.5739583333333333 0.0578125 0.14375
0 0.83515625 0.6010416666666667 0.028125 0.11041666666666666
0 0.82109375 0.6447916666666667 0.1296875 0.15416666666666667
0 0.7453125 0.6385416666666667 0.0546875 0.20625
0 0.7015625 0.584375 0.0328125 0.1
0 0.67421875 0.6385416666666667 0.05 0.19375
0 0.8625 0.6052083333333333 0.0328125 0.08958333333333333
0 0.15078125 0.6322916666666667 0.0359375 0.15625
1 0.071875 0.6552083333333333 0.121875 0.42083333333333334
