7 0.46171875 0.409375 0.0609375 0.04375
7 0.16796875 0.4166666666666667 0.1125 0.052083333333333336
7 0.3203125 0.41354166666666664 0.0890625 0.04791666666666667
7 0.965625 0.43125 0.06875 0.15416666666666667
2 0.03228125 0.41754166666666664 0.045921875 0.0725625
1 0.909375 0.44479166666666664 0.08125 0.08541666666666667
7 0.83125 0.42291666666666666 0.0640625 0.06666666666666667
1 0.86640625 0.4375 0.0578125 0.06458333333333334
7 0.74296875 0.415625 0.0375 0.03958333333333333
1 0.634375 0.4083333333333333 0.0203125 0.01875
7 0.78828125 0.42083333333333334 0.0328125 0.06041666666666667
7 0.52265625 0.40625 0.0421875 0.04375
1 0.38828125 0.409375 0.034375 0.03333333333333333
1 0.6171875 0.40729166666666666 0.0171875 0.016666666666666666
1 0.7671875 0.425 0.0234375 0.04375
1 0.55859375 0.41041666666666665 0.021875 0.022916666666666665
1 0.7234375 0.41458333333333336 0.021875 0.03333333333333333
1 0.59140625 0.409375 0.015625 0.016666666666666666
7 0.65703125 0.4083333333333333 0.025 0.022916666666666665
1 0.6921875 0.41458333333333336 0.01875 0.020833333333333332
1 0.70625 0.41458333333333336 0.0234375 0.022916666666666665
1 0.68125 0.41354166666666664 0.015625 0.01875
1 0.57734375 0.4083333333333333 0.01875 0.020833333333333332