6 0.19 0.09826589595375723 0.07 0.19653179190751446
6 0.647 0.23699421965317918 0.154 0.34104046242774566
6 0.107 0.0953757225433526 0.072 0.1907514450867052
6 0.43 0.3106936416184971 0.286 0.38439306358381503
6 0.829 0.0708092485549133 0.076 0.13872832369942195
6 0.738 0.08670520231213873 0.058 0.17052023121387283
6 0.913 0.059248554913294796 0.07 0.11560693641618497
6 0.481 0.14450867052023122 0.084 0.1907514450867052
6 0.401 0.07803468208092486 0.058 0.15606936416184972
6 0.335 0.21820809248554912 0.086 0.3583815028901734
6 0.512 0.09971098265895954 0.07 0.19653179190751446
6 0.62 0.09248554913294797 0.062 0.18497109826589594
6 0.579 0.08670520231213873 0.05 0.17341040462427745
6 0.684 0.059248554913294796 0.062 0.11849710982658959