3 0.754 0.70625 0.174 0.178125
3 0.252 0.73125 0.11 0.1875
0 0.495 0.6015625 0.084 0.146875
0 0.713 0.63125 0.1 0.20625
0 0.947 0.6484375 0.106 0.259375
0 0.286 0.5984375 0.034 0.0875
0 0.835 0.634375 0.052 0.184375
0 0.934 0.571875 0.044 0.084375
0 0.673 0.5875 0.028 0.08125
0 0.084 0.5828125 0.034 0.053125
3 0.141 0.6625 0.034 0.09375
3 0.918 0.74375 0.164 0.109375
3 0.859 0.66875 0.064 0.08125
0 0.116 0.6171875 0.032 0.121875
3 0.928 0.6828125 0.05 0.10625
3 0.837 0.6953125 0.02 0.028125
0 0.26 0.653125 0.08 0.23125
1 0.183 0.6484375 0.074 0.221875
1 0.45214 0.72478125 0.23706 0.4179375
1 0.65614 0.6916562500000001 0.22906 0.33834375
1 0.0696 0.6789375 0.10346 0.259625
1 0.34294 0.65334375 0.1168 0.2816875
