6 0.09609375 0.6545667447306791 0.075 0.3629976580796253
6 0.7375 0.6733021077283372 0.146875 0.23185011709601874
6 0.66171875 0.5995316159250585 0.0671875 0.3255269320843091
6 0.03359375 0.5597189695550351 0.0671875 0.3161592505854801
6 0.51796875 0.5480093676814989 0.0390625 0.17096018735362997
6 0.5640625 0.5362997658079626 0.046875 0.15690866510538642
6 0.0984375 0.46252927400468385 0.0546875 0.1288056206088993
6 0.18828125 0.5292740046838408 0.0421875 0.1920374707259953
6 0.88359375 0.6791569086651054 0.0890625 0.25526932084309134
2 0.926109375 0.6152459016393442 0.06782812499999999 0.28667447306791566
6 0.8203125 0.6416861826697893 0.053125 0.1686182669789227
6 0.13125 0.6182669789227166 0.04375 0.3442622950819672
6 0.584375 0.5046838407494145 0.0203125 0.11241217798594848
6 0.13125 0.5023419203747073 0.04375 0.11007025761124122
6 0.0125 0.7353629976580797 0.025 0.0585480093676815
6 0.79921875 0.6744730679156908 0.0953125 0.23185011709601874
2 0.29609375 0.6451990632318502 0.109375 0.4566744730679157
6 0.203125 0.6695784543325527 0.134375 0.24121779859484777
1 0.965625 0.6030444964871194 0.06875 0.1756440281030445
1 0.9359375 0.5035128805620609 0.128125 0.09133489461358314
6 0.46829687499999995 0.5420843091334895 0.0376875 0.17220140515222482
6 0.7265625 0.5138407494145198 0.021140625 0.08264637002341921