0 0.3 0.6264637002341921 0.034375 0.1405152224824356
0 0.5328125 0.6206088992974239 0.040625 0.14754098360655737
0 0.34765625 0.6229508196721312 0.03125 0.11943793911007025
0 0.75546875 0.585480093676815 0.0203125 0.08665105386416862
1 0.573953125 0.6026463700234191 0.053125 0.10693208430913348
0 0.1546875 0.5878220140515222 0.0109375 0.06088992974238876
0 0.25546875 0.5749414519906323 0.0109375 0.04918032786885246
0 0.4234375 0.5831381733021077 0.0171875 0.08899297423887588
0 0.93515625 0.5784543325526932 0.0140625 0.07259953161592506
0 0.16484375 0.5831381733021077 0.0125 0.0585480093676815
0 0.92421875 0.5796252927400468 0.015625 0.07259953161592506
0 0.85703125 0.5878220140515222 0.0171875 0.06088992974238876
0 0.23828125 0.5749414519906323 0.009375 0.0468384074941452
0 0.43984375 0.5971896955503513 0.021875 0.06323185011709602
0 0.98203125 0.585480093676815 0.0140625 0.06323185011709602
