2 0.28541666666666665 0.48828125 0.052083333333333336 0.03125
4 0.1375 0.52890625 0.26875 0.3078125
0 0.3229166666666667 0.5515625 0.06041666666666667 0.090625
0 0.41458333333333336 0.57265625 0.12916666666666668 0.1328125
0 0.559375 0.55 0.058333333333333334 0.1140625
0 0.26145833333333335 0.5171875 0.0375 0.0421875
0 0.1125 0.53515625 0.03333333333333333 0.0453125
0 0.065625 0.5609375 0.06666666666666667 0.06875
0 0.14479166666666668 0.515625 0.09166666666666666 0.1359375
2 0.3541666666666667 0.48203125 0.04375 0.025
4 0.8583333333333333 0.4515625 0.23125 0.0765625
0 0.8791666666666667 0.56640625 0.027083333333333334 0.0390625
0 0.08020833333333334 0.53828125 0.07291666666666667 0.0625
2 0.321875 0.5109375 0.04791666666666667 0.0328125
2 0.3875 0.5140625 0.10625 0.0578125
4 0.23541666666666666 0.47734375 0.04375 0.065625
1 0.7197916666666667 0.76796875 0.5604166666666667 0.4640625
1 0.3229166666666667 0.5515625 0.06041666666666667 0.090625
