7 0.9322916666666666 0.7671875 0.13541666666666666 0.1171875
0 0.21666666666666667 0.78359375 0.075 0.1296875
0 0.825 0.74453125 0.0375 0.078125
0 0.7166666666666667 0.75625 0.03333333333333333 0.0734375
0 0.334375 0.78046875 0.0375 0.0921875
0 0.6770833333333334 0.76171875 0.022916666666666665 0.065625
0 0.75625 0.76171875 0.06458333333333334 0.090625
0 0.25729166666666664 0.78046875 0.04375 0.1140625
0 0.478125 0.7671875 0.03333333333333333 0.071875
0 0.5947916666666667 0.74375 0.029166666666666667 0.04375
0 0.5354166666666667 0.74453125 0.035416666666666666 0.078125
0 0.5760416666666667 0.76171875 0.020833333333333332 0.04375
0 0.796875 0.74296875 0.020833333333333332 0.040625
0 0.7770833333333333 0.7546875 0.0375 0.0765625
