2 0.79765625 0.5925058548009368 0.2234375 0.3091334894613583
2 0.575 0.5386416861826698 0.0421875 0.11475409836065574
2 0.60546875 0.509367681498829 0.08125 0.10304449648711944
4 0.29296875 0.47306791569086654 0.5859375 0.7259953161592506
2 0.5625 0.5573770491803278 0.0171875 0.11241217798594848
0 0.6765625 0.4953161592505855 0.0203125 0.07259953161592506
2 0.1296875 0.7622950819672131 0.259375 0.47540983606557374
5 0.7421875 0.4426229508196721 0.0890625 0.19672131147540983
2 0.584375 0.5234192037470726 0.034375 0.09601873536299765
5 0.6140625 0.4531615925058548 0.0765625 0.09601873536299765
1 0.659375 0.5409836065573771 0.03125 0.14754098360655737
