2 0.4921875 0.32916666666666666 0.4515625 0.32083333333333336
2 0.8171875 0.4708333333333333 0.3625 0.6791666666666667
2 0.30234375 0.23229166666666667 0.09375 0.07291666666666667
0 0.61875 0.7197916666666667 0.521875 0.4375
0 0.59921875 0.253125 0.0625 0.09166666666666666
0 0.66953125 0.18541666666666667 0.05 0.08958333333333333
0 0.01875 0.19270833333333334 0.0375 0.10625
0 0.58515625 0.15208333333333332 0.0578125 0.0625
2 0.14453125 0.23333333333333334 0.0390625 0.0625
0 0.48046875 0.234375 0.0328125 0.06875
0 0.71015625 0.20729166666666668 0.034375 0.07708333333333334
2 0.325 0.18229166666666666 0.05625 0.0375
1 0.17265625 0.296875 0.3453125 0.59375
1 0.2296875 0.284375 0.2515625 0.56875
1 0.14140625 0.3333333333333333 0.2828125 0.6270833333333333
