6 0.27421875 0.9264018691588785 0.0390625 0.14485981308411214
6 0.35 0.9299065420560748 0.0515625 0.14018691588785046
6 0.2421875 0.9299065420560748 0.0375 0.14018691588785046
6 0.9703125 0.29906542056074764 0.0234375 0.08644859813084112
6 0.85703125 0.5502336448598131 0.0171875 0.06074766355140187
6 0.9109375 0.5876168224299065 0.01875 0.08411214953271028
6 0.309375 0.905373831775701 0.04375 0.18925233644859812
6 0.92109375 0.3235981308411215 0.0140625 0.04906542056074766
6 0.9375 0.594626168224299 0.028125 0.0911214953271028
6 0.83984375 0.3130841121495327 0.0140625 0.07242990654205607
6 0.834375 0.530373831775701 0.0125 0.04906542056074766
6 0.10078125 0.5490654205607477 0.0140625 0.03271028037383177
6 0.275 0.47079439252336447 0.0125 0.0514018691588785
1 0.36640625 0.544392523364486 0.0578125 0.035046728971962614
7 0.609375 0.5350467289719626 0.0390625 0.03271028037383177
1 0.4296875 0.5420560747663551 0.0703125 0.037383177570093455
2 0.47639062499999996 0.8490420560747663 0.13146875 0.19093457943925232
0 0.43125 0.5105140186915887 0.1234375 0.04672897196261682
1 0.150109375 0.535911214953271 0.034937499999999996 0.03689252336448598
1 0.641421875 0.5371495327102804 0.016203125 0.03257009345794393
6 0.716140625 0.5599065420560747 0.012015625 0.02957943925233645
6 0.7325781250000001 0.5650467289719626 0.0115625 0.023714953271028037