6 0.715625 0.49375 0.1796875 0.3229166666666667
2 0.216890625 0.2670625 0.042765625 0.16747916666666668
2 0.38265625000000003 0.238125 0.03875 0.14289583333333333
6 0.546875 0.23020833333333332 0.0390625 0.11041666666666666
2 0.27953125 0.21583333333333332 0.0325 0.1108125
2 0.35343749999999996 0.22833333333333333 0.0225 0.09208333333333334
2 0.325 0.19479166666666667 0.0203125 0.0625
2 0.31953125 0.25479166666666664 0.0265625 0.09914583333333334
2 0.3046875 0.21354166666666666 0.025 0.0875
2 0.46984375 0.2708333333333333 0.04375 0.12083333333333333
6 0.45546875 0.20625 0.025 0.06666666666666667
2 0.51515625 0.5319166666666667 0.1665625 0.6549375000000001
1 0.5890625 0.22291666666666668 0.059375 0.04583333333333333
2 0.244828125 0.19295833333333334 0.0189375 0.06820833333333334