0 0.63515625 0.7634660421545667 0.1609375 0.4496487119437939
0 0.93984375 0.38524590163934425 0.11875 0.38173302107728335
0 0.72890625 0.8864168618266979 0.115625 0.22716627634660422
0 0.378125 0.550351288056206 0.059375 0.22482435597189696
0 0.415625 0.3840749414519906 0.05 0.08899297423887588
0 0.0859375 0.44028103044496486 0.034375 0.05152224824355972
0 0.06171875 0.446135831381733 0.0234375 0.06557377049180328
0 0.43671875 0.3747072599531616 0.0359375 0.09133489461358314
0 0.16171875 0.4449648711943794 0.0234375 0.053864168618266976
0 0.55625 0.48009367681498827 0.015625 0.06557377049180328
2 0.5734375 0.4203747072599532 0.0171875 0.01873536299765808
2 0.5515625 0.4238875878220141 0.0140625 0.00936768149882904
1 0.63984375 0.4566744730679157 0.0453125 0.07259953161592506
