2 0.8836898395721925 0.411 0.232620320855615 0.112
0 0.15240641711229946 0.362 0.040106951871657755 0.1
0 0.18315508021390375 0.363 0.05614973262032086 0.102
2 0.3462566844919786 0.353 0.09893048128342247 0.054
2 0.25267379679144386 0.342 0.01871657754010695 0.024
2 0.009358288770053475 0.339 0.01871657754010695 0.048
2 0.016042780748663103 0.312 0.03208556149732621 0.024
0 0.6577540106951871 0.352 0.0374331550802139 0.064
0 0.5842245989304813 0.343 0.026737967914438502 0.052
0 0.606951871657754 0.343 0.0213903743315508 0.056
0 0.766042780748663 0.341 0.026737967914438502 0.052
0 0.4893048128342246 0.326 0.0213903743315508 0.044
2 0.43983957219251335 0.364 0.12299465240641712 0.07
2 0.05481283422459893 0.304 0.026737967914438502 0.012
2 0.9933155080213903 0.352 0.013368983957219251 0.03
2 0.4839572192513369 0.323 0.05080213903743316 0.026
1 0.5390374331550802 0.6496000000000001 0.28556149732620323 0.5367999999999999
1 0.8275401069518716 0.561 0.22994652406417113 0.406
1 0.25133689839572193 0.508 0.15508021390374332 0.306
1 0.6577540106951871 0.357 0.0374331550802139 0.074
1 0.06951871657754011 0.545 0.13903743315508021 0.384
