0 0.9718162839248434 0.4140625 0.05636743215031315 0.3765625
2 0.10960334029227557 0.2625 0.12317327766179541 0.0390625
2 0.7620041753653445 0.209375 0.03549060542797495 0.0203125
2 0.8455114822546973 0.2046875 0.04592901878914405 0.015625
2 0.9154488517745303 0.2015625 0.05010438413361169 0.015625
2 0.9676409185803758 0.20078125 0.05010438413361169 0.0125
2 0.5052192066805845 0.23125 0.09603340292275574 0.034375
2 0.6524008350730689 0.22109375 0.05636743215031315 0.034375
2 0.7411273486430062 0.21171875 0.027139874739039668 0.0125
2 0.8048016701461378 0.20625 0.04175365344467641 0.015625
1 0.48643006263048016 0.590625 0.9436325678496869 0.81875
1 0.593945720250522 0.2609375 0.15657620041753653 0.1421875
1 0.7473903966597077 0.3359375 0.18997912317327767 0.2640625
2 0.663820459290188 0.219484375 0.07653444676409185 0.031671875
