3 0.36328125 0.2459090909090909 0.1078125 0.25935828877005346
2 0.06640625 0.8235294117647058 0.1328125 0.35294117647058826
2 0.6311718749999999 0.4489572192513369 0.12671875 0.3764973262032086
2 0.534921875 0.5403743315508022 0.16515625 0.4657754010695187
6 0.35625 0.679144385026738 0.103125 0.35561497326203206
2 0.79896875 0.7901069518716578 0.39884375 0.4144385026737968
6 0.84375 0.606951871657754 0.1140625 0.5481283422459893
6 0.26328125 0.7286096256684492 0.0875 0.34759358288770054
6 0.3875 0.6537433155080213 0.0515625 0.3048128342245989
2 0.475 0.3008823529411765 0.0625 0.32633689839572194
2 0.7703125 0.7399732620320856 0.394484375 0.5200534759358288
2 0.56015625 0.34941176470588237 0.0671875 0.3432352941176471
6 0.27109375 0.40641711229946526 0.0578125 0.32085561497326204
6 0.31875 0.49331550802139035 0.0734375 0.30213903743315507
6 0.61875 0.16310160427807488 0.0296875 0.17379679144385027
6 0.66171875 0.1323529411764706 0.028125 0.12032085561497326
6 0.59765625 0.1537433155080214 0.0296875 0.15775401069518716
6 0.77265625 0.14304812834224598 0.0328125 0.14705882352941177
2 0.353859375 0.3486363636363636 0.085859375 0.25612299465240645
6 0.559375 0.14705882352941177 0.034375 0.10160427807486631
6 0.7010625 0.11398395721925135 0.02384375 0.13510695187165775
6 0.7483593749999999 0.06262032085561497 0.014796875000000001 0.08021390374331551
6 0.764390625 0.05628342245989305 0.017265625 0.07598930481283422
6 0.787 0.0429144385026738 0.009875 0.06614973262032085
6 0.7985156250000001 0.03657754010695187 0.009875 0.05628342245989305