0 0.50078125 0.714867617107943 0.21875 0.570264765784114
0 0.7703125 0.49490835030549896 0.028125 0.03665987780040733
0 0.65546875 0.5498981670061099 0.04375 0.13034623217922606
0 0.3828125 0.5804480651731161 0.0484375 0.1446028513238289
0 0.7015625 0.5234215885947047 0.04375 0.08757637474541752
0 0.290625 0.5631364562118126 0.0453125 0.17718940936863545
0 0.1625 0.5560081466395111 0.04375 0.15274949083503056
0 0.34140625 0.5672097759674134 0.0546875 0.1955193482688391
0 0.30625 0.4592668024439919 0.0421875 0.06720977596741344
0 0.43359375 0.5804480651731161 0.0359375 0.1425661914460285
