2 0.6171875 0.6273364485981309 0.1109375 0.3925233644859813
0 0.7015625 0.4661214953271028 0.5953125 0.5607476635514018
2 0.26103125 0.5606542056074767 0.0408125 0.15165887850467288
6 0.01640625 0.5315420560747663 0.021875 0.07476635514018691
2 0.190625 0.5198598130841121 0.0234375 0.08878504672897196
6 0.03828125 0.5163551401869159 0.0171875 0.0630841121495327
2 0.214875 0.5331542056074766 0.0235 0.09670560747663552
2 0.23884375000000002 0.5395093457943925 0.026125 0.11642523364485981
2 0.16875 0.5151869158878505 0.01875 0.07242990654205607
1 0.365625 0.514018691588785 0.065625 0.06775700934579439
1 0.165625 0.4485981308411215 0.0234375 0.02570093457943925
1 0.23515625 0.45794392523364486 0.03125 0.030373831775700934
2 0.32037499999999997 0.5841121495327103 0.0556875 0.20766355140186915
2 0.1223125 0.5130373831775701 0.014859375 0.06448598130841122
2 0.150546875 0.4989719626168224 0.017374999999999998 0.04745327102803738
2 0.090671875 0.49542056074766355 0.013093750000000001 0.04845794392523364