6 0.478125 0.5410628019323671 0.1875 0.6980676328502415
6 0.6234375 0.5555555555555556 0.109375 0.6908212560386473
6 0.72890625 0.32367149758454106 0.046875 0.13768115942028986
6 0.3234375 0.32367149758454106 0.0296875 0.12560386473429952
6 0.921875 0.3695652173913043 0.0484375 0.20531400966183574
6 0.26796875 0.3079710144927536 0.01875 0.0966183574879227
6 0.021875 0.30676328502415456 0.03125 0.1497584541062802
6 0.0390625 0.3055555555555556 0.025 0.14492753623188406
6 0.8109375 0.32971014492753625 0.0265625 0.10869565217391304
6 0.83515625 0.32004830917874394 0.015625 0.05555555555555555
6 0.8515625 0.3248792270531401 0.015625 0.05314009661835749
6 0.52578125 0.3248792270531401 0.04375 0.13043478260869565
6 0.871875 0.321256038647343 0.0140625 0.05314009661835749
2 0.928625 0.34782608695652173 0.065203125 0.21862318840579711
6 0.41015625 0.31521739130434784 0.0546875 0.13768115942028986