2 0.78203125 0.4070904645476773 0.0453125 0.0488997555012225
2 0.8046875 0.3899755501222494 0.0375 0.044009779951100246
2 0.81875 0.7775061124694377 0.1140625 0.17114914425427874
2 0.3625 0.9669926650366748 0.1578125 0.06601466992665037
2 0.8546875 0.37897310513447435 0.0375 0.05134474327628362
2 0.68125 0.9462102689486552 0.1734375 0.10513447432762836
2 0.7265625 0.9144254278728606 0.1265625 0.15892420537897312
2 0.48125 0.9034229828850856 0.1625 0.19315403422982885
2 0.6859375 0.882640586797066 0.10625 0.029339853300733496
0 0.48203125 0.960880195599022 0.05 0.07823960880195599
0 0.978125 0.9633251833740831 0.04375 0.07090464547677261
0 0.24453125 0.5207823960880196 0.0203125 0.05134474327628362
0 0.6375 0.3960880195599022 0.0109375 0.05134474327628362
0 0.64609375 0.3960880195599022 0.0125 0.05134474327628362
0 0.9859375 0.8801955990220048 0.028125 0.10757946210268948
0 0.96171875 0.9352078239608802 0.01875 0.061124694376528114
0 0.978125 0.6430317848410758 0.021875 0.06845965770171149
0 0.309375 0.7224938875305623 0.025 0.06356968215158924
0 0.3375 0.9779951100244498 0.04375 0.044009779951100246
0 0.06484375 0.9706601466992665 0.040625 0.05867970660146699
4 0.39453125 0.4682151589242054 0.1046875 0.15892420537897312
4 0.10234375 0.7628361858190709 0.2046875 0.4743276283618582
4 0.4765625 0.43031784841075793 0.115625 0.18581907090464547
4 0.4796875 0.7469437652811736 0.309375 0.4743276283618582
4 0.61171875 0.6662591687041565 0.1890625 0.4156479217603912
4 0.759375 0.6320293398533008 0.1765625 0.3594132029339853
4 0.83984375 0.5819070904645477 0.115625 0.29584352078239606
4 0.8890625 0.5061124694376528 0.0984375 0.2567237163814181
4 0.7 0.43031784841075793 0.096875 0.07823960880195599
4 0.7015625 0.36185819070904646 0.05625 0.05867970660146699
4 0.83984375 0.31662591687041564 0.0796875 0.11246943765281174
4 0.55 0.41075794621026895 0.0734375 0.17603911980440098
0 0.25546875 0.5012224938875306 0.0125 0.0488997555012225
4 0.91015625 0.4315403422982885 0.0921875 0.13691931540342298
1 0.82109375 0.9156479217603912 0.04375 0.1687041564792176
