0 0.38958333333333334 0.86875 0.0375 0.1
0 0.353125 0.8125 0.025 0.0484375
0 0.45416666666666666 0.8484375 0.05625 0.153125
0 0.5625 0.8234375 0.041666666666666664 0.1015625
0 0.128125 0.82578125 0.10416666666666667 0.1453125
0 0.035416666666666666 0.83984375 0.07083333333333333 0.20625
0 0.071875 0.83984375 0.0375 0.1984375
0 0.50625 0.82421875 0.04583333333333333 0.090625
0 0.221875 0.7890625 0.020833333333333332 0.0234375
0 0.33125 0.80625 0.020833333333333332 0.05
0 0.14583333333333334 0.77578125 0.03958333333333333 0.0421875
0 0.396875 0.80390625 0.020833333333333332 0.0328125
1 0.240625 0.8671875 0.09583333333333334 0.1875
