2 0.07556935817805382 0.26484375 0.13457556935817805 0.2265625
4 0.7691511387163561 0.21484375 0.4616977225672878 0.4203125
0 0.2536231884057971 0.21640625 0.053830227743271224 0.134375
0 0.3250517598343685 0.209375 0.08074534161490683 0.1421875
0 0.4192546583850932 0.24296875 0.07246376811594203 0.15625
0 0.09523809523809523 0.13359375 0.047619047619047616 0.0375
0 0.061076604554865424 0.1125 0.024844720496894408 0.0390625
0 0.06521739130434782 0.1375 0.033126293995859216 0.05625
5 0.06728778467908902 0.196875 0.13457556935817805 0.3390625
0 0.34886128364389235 0.165625 0.039337474120082816 0.128125
0 0.44824016563146996 0.10078125 0.020703933747412008 0.0140625
0 0.2805383022774327 0.203125 0.018633540372670808 0.059375
0 0.17287784679089027 0.1703125 0.047619047619047616 0.1390625
0 0.47929606625258797 0.14140625 0.033126293995859216 0.090625
0 0.15113871635610765 0.20234375 0.07453416149068323 0.1625
1 0.5486542443064182 0.57890625 0.3416149068322981 0.7140625
