0 0.53359375 0.5474452554744526 0.409375 0.6739659367396593
6 0.86953125 0.5693430656934306 0.025 0.11678832116788321
5 0.825 0.5970316301703162 0.05625 0.17216545012165452
2 0.9359375 0.6109975669099756 0.05 0.20982968369829683
2 0.04296875 0.6958637469586375 0.084375 0.3381995133819951
1 0.25234375 0.6934306569343066 0.196875 0.2895377128953771
1 0.11953125 0.6788321167883211 0.1328125 0.20437956204379562
5 0.74609375 0.6120681265206813 0.028125 0.1894890510948905
1 0.93515625 0.5717761557177615 0.10625 0.1873479318734793
6 0.7761875 0.5460097323600973 0.01378125 0.08158150851581508
6 0.9944843750000001 0.535985401459854 0.01103125 0.072992700729927
5 0.792734375 0.5567396593673966 0.046875 0.08586374695863747