2 0.7453125 0.390625 0.0671875 0.0375
0 0.7765625 0.5270833333333333 0.0578125 0.19791666666666666
0 0.68984375 0.5416666666666666 0.0421875 0.18958333333333333
0 0.75078125 0.7625 0.0921875 0.45208333333333334
0 0.55390625 0.4114583333333333 0.01875 0.058333333333333334
0 0.096875 0.70625 0.0671875 0.3104166666666667
0 0.5296875 0.3958333333333333 0.0140625 0.03125
0 0.2296875 0.678125 0.0890625 0.2375
0 0.90546875 0.46770833333333334 0.0703125 0.15625
0 0.39140625 0.7447916666666666 0.096875 0.2875
0 0.559375 0.790625 0.1625 0.36875
0 0.64921875 0.40520833333333334 0.025 0.058333333333333334
3 0.75390625 0.4041666666666667 0.0515625 0.0375
5 0.8875 0.38125 0.04375 0.03333333333333333
0 0.88203125 0.6864583333333333 0.1140625 0.24166666666666667
2 0.7890625 0.38125 0.0421875 0.027083333333333334
3 0.803125 0.40520833333333334 0.0515625 0.03958333333333333
0 0.6734375 0.38958333333333334 0.0078125 0.020833333333333332
0 0.853125 0.4395833333333333 0.046875 0.1125
1 0.9140625 0.4791666666666667 0.0875 0.17916666666666667
1 0.64921875 0.41458333333333336 0.025 0.07708333333333334
