7 0.29609375 0.5395833333333333 0.096875 0.05416666666666667
2 0.72359375 0.5322916666666667 0.05375 0.14914583333333334
2 0.6 0.5235416666666667 0.05625 0.14289583333333333
6 0.69140625 0.5010416666666667 0.01875 0.06666666666666667
2 0.9228125 0.4922916666666667 0.03 0.06583333333333334
6 0.46484375 0.5322916666666667 0.015625 0.05
6 0.47734375 0.5239583333333333 0.0140625 0.06458333333333334
6 0.6625 0.5 0.0125 0.03958333333333333
6 0.44765625 0.5375 0.01875 0.04375
6 0.634375 0.5020833333333333 0.0140625 0.04375
6 0.70546875 0.4822916666666667 0.0125 0.0375
8 0.5484375 0.4947916666666667 0.0859375 0.08125
1 0.49296875 0.5208333333333334 0.0265625 0.029166666666666667
1 0.36015625 0.5291666666666667 0.0328125 0.022916666666666665
1 0.38359375 0.5291666666666667 0.01875 0.025
1 0.4 0.5291666666666667 0.0328125 0.027083333333333334
1 0.298328125 0.5420416666666666 0.081703125 0.04458333333333333