2 0.49245901639344264 0.495109375 0.8290398126463701 0.5859375
6 0.06908665105386416 0.33046875 0.11475409836065574 0.2609375
6 0.24941451990632318 0.31328125 0.08430913348946135 0.1578125
6 0.7564402810304449 0.43203125 0.20608899297423888 0.3890625
6 0.6451990632318502 0.29609375 0.06323185011709602 0.1234375
6 0.1288056206088993 0.31484375 0.07728337236533958 0.1765625
6 0.5597189695550351 0.29453125 0.06323185011709602 0.1140625
6 0.17096018735362997 0.2890625 0.0468384074941452 0.11875
6 0.3161592505854801 0.3109375 0.053864168618266976 0.1625
6 0.8536299765807962 0.28203125 0.03747072599531616 0.078125
6 0.5878220140515222 0.29296875 0.03278688524590164 0.109375
6 0.9391100702576113 0.35546875 0.10070257611241218 0.1609375
0 0.117096018735363 0.2265625 0.234192037470726 0.1390625
0 0.2892271662763466 0.2109375 0.2810304449648712 0.0765625