1 0.90736 0.6037537537537538 0.13036 0.1921921921921922
1 0.71336 0.6181981981981982 0.07328 0.21840840840840842
0 0.091 0.5780780780780781 0.038 0.16816816816816818
0 0.134 0.5825825825825826 0.046 0.12912912912912913
0 0.379 0.5990990990990991 0.064 0.16216216216216217
0 0.28 0.5900900900900901 0.042 0.15915915915915915
0 0.421 0.566066066066066 0.028 0.10810810810810811
0 0.341 0.5720720720720721 0.026 0.10810810810810811
0 0.019 0.566066066066066 0.018 0.08108108108108109
0 0.254 0.5705705705705706 0.022 0.0960960960960961
0 0.4 0.539039039039039 0.022 0.08708708708708708
1 0.377 0.6186186186186187 0.09 0.2012012012012012
2 0.056 0.5330330330330331 0.032 0.03903903903903904
1 0.79728 0.6156156156156156 0.08728 0.202012012012012
