2 0.09296875 0.7213114754098361 0.1828125 0.19437939110070257
2 0.81640625 0.6264637002341921 0.071875 0.0468384074941452
2 0.89921875 0.6217798594847775 0.0453125 0.04449648711943794
2 0.72890625 0.6428571428571429 0.05 0.06323185011709602
4 0.446875 0.5058548009367682 0.5578125 0.936768149882904
4 0.0828125 0.5655737704918032 0.165625 0.1990632318501171
4 0.7484375 0.5702576112412178 0.09375 0.18266978922716628
0 0.975 0.6241217798594848 0.0140625 0.04215456674473068
0 0.3265625 0.5128805620608899 0.0734375 0.11475409836065574
2 0.85859375 0.6229508196721312 0.0453125 0.05152224824355972
0 0.7765625 0.6147540983606558 0.0171875 0.053864168618266976
4 0.1703125 0.5327868852459017 0.0484375 0.08665105386416862
0 0.0859375 0.6217798594847775 0.046875 0.09836065573770492
1 0.9484375 0.6440281030444965 0.028125 0.10070257611241218
