6 0.5453125 0.5292740046838408 0.221875 0.6252927400468384
6 0.8734375 0.5995316159250585 0.05 0.22716627634660422
6 0.81484375 0.6065573770491803 0.0546875 0.2107728337236534
2 0.758328125 0.6213817330210772 0.061453125 0.165480093676815
2 0.95 0.6034426229508197 0.028125 0.12021077283372365
6 0.43046875 0.6030444964871194 0.040625 0.07259953161592506
6 0.61796875 0.6065573770491803 0.021875 0.07962529274004684
6 0.28046875 0.5749414519906323 0.0203125 0.09836065573770492
6 0.68125 0.5971896955503513 0.0171875 0.07728337236533958
6 0.33125 0.5796252927400468 0.0171875 0.06557377049180328
6 0.00703125 0.5597189695550351 0.0140625 0.10304449648711944
6 0.3515625 0.5796252927400468 0.01875 0.07259953161592506
6 0.571875 0.5983606557377049 0.0234375 0.0936768149882904
6 0.9953125 0.6100702576112412 0.0078125 0.08899297423887588
6 0.05078125 0.5655737704918032 0.0265625 0.08665105386416862
6 0.265625 0.5679156908665105 0.0125 0.07728337236533958
6 0.073171875 0.5675409836065574 0.027609375000000002 0.062482435597189696
6 0.22421875 0.5690866510538641 0.021875 0.07962529274004684
2 0.8322968749999999 0.6082903981264637 0.033328125 0.1346838407494145