6 0.05859375 0.8278688524590164 0.1171875 0.33489461358313816
6 0.146875 0.8384074941451991 0.0921875 0.3231850117096019
6 0.9609375 0.8302107728337237 0.078125 0.3325526932084309
6 0.209375 0.8302107728337237 0.084375 0.33489461358313816
6 0.503125 0.7903981264637002 0.0453125 0.234192037470726
6 0.3859375 0.7997658079625293 0.0359375 0.20608899297423888
6 0.46484375 0.7494145199063232 0.028125 0.11943793911007025
6 0.8875 0.7693208430913349 0.103125 0.21311475409836064
6 0.5625 0.7259953161592506 0.028125 0.0936768149882904
6 0.07109375 0.6978922716627635 0.040625 0.10772833723653395
6 0.66796875 0.7060889929742389 0.040625 0.06323185011709602
6 0.43515625 0.7236533957845434 0.0234375 0.08196721311475409