2 0.67890625 0.484375 0.14375 0.058333333333333334
2 0.41484375 0.5270833333333333 0.2265625 0.12291666666666666
0 0.39921875 0.6135416666666667 0.0375 0.20416666666666666
0 0.35390625 0.621875 0.05 0.19375
0 0.8359375 0.4708333333333333 0.0140625 0.07291666666666667
0 0.1765625 0.4479166666666667 0.0109375 0.05
3 0.96640625 0.6625 0.05 0.14583333333333334
3 0.8171875 0.6260416666666667 0.103125 0.18125
3 0.73046875 0.6260416666666667 0.0796875 0.13333333333333333
3 0.65546875 0.6197916666666666 0.0921875 0.12083333333333333
3 0.60078125 0.6145833333333334 0.08125 0.1125
3 0.484375 0.5895833333333333 0.0859375 0.13125
3 0.446875 0.5791666666666667 0.0609375 0.09791666666666667
3 0.11640625 0.5604166666666667 0.0921875 0.08333333333333333
3 0.9125 0.6541666666666667 0.059375 0.15208333333333332
0 0.8171875 0.4635416666666667 0.015625 0.04583333333333333
0 0.58046875 0.45208333333333334 0.0171875 0.04375
0 0.16171875 0.44583333333333336 0.0109375 0.052083333333333336
2 0.0328125 0.45416666666666666 0.065625 0.052083333333333336
3 0.5546875 0.47291666666666665 0.028125 0.06666666666666667
3 0.8109375 0.4791666666666667 0.034375 0.035416666666666666
3 0.821875 0.503125 0.0203125 0.025
0 0.09921875 0.528125 0.01875 0.03125
0 0.03203125 0.5177083333333333 0.021875 0.016666666666666666
0 0.5578125 0.44895833333333335 0.009375 0.022916666666666665
0 0.5265625 0.44895833333333335 0.009375 0.03125
0 0.56953125 0.446875 0.0140625 0.029166666666666667
0 0.52734375 0.6229166666666667 0.059375 0.19166666666666668
