3 0.686 0.6925133689839572 0.152 0.2192513368983957
5 0.601 0.5120320855614974 0.028 0.05614973262032086
0 0.769 0.5441176470588235 0.022 0.07219251336898395
0 0.648 0.5387700534759359 0.044 0.09358288770053476
0 0.728 0.5280748663101604 0.01 0.0374331550802139
3 0.504 0.5949197860962567 0.03 0.07219251336898395
0 0.548 0.5080213903743316 0.022 0.034759358288770054
1 0.36224 0.5992780748663101 0.045079999999999995 0.1945187165775401
1 0.20262 0.60975935828877 0.052 0.2129946524064171
1 0.29008 0.6086096256684492 0.0363 0.1983957219251337
1 0.407 0.5710160427807487 0.034 0.1372994652406417
1 0.81976 0.533235294117647 0.01446 0.0779144385026738
1 0.26183999999999996 0.6079679144385026 0.03324 0.19171122994652406
1 0.49954000000000004 0.5740374331550802 0.040920000000000005 0.13040106951871658
0 0.69 0.5454545454545454 0.104 0.14705882352941177
1 0.32264 0.6080748663101604 0.03128 0.21350267379679144
