0 0.190625 0.42916666666666664 0.3796875 0.85
6 0.81328125 0.6569444444444444 0.1078125 0.6027777777777777
6 0.4484375 0.6555555555555556 0.0796875 0.6111111111111112
6 0.7640625 0.5805555555555556 0.071875 0.48333333333333334
6 0.5578125 0.6916666666666667 0.1203125 0.5611111111111111
6 0.89609375 0.6583333333333333 0.1140625 0.6444444444444445
6 0.50078125 0.4263888888888889 0.0578125 0.175
6 0.53125 0.46805555555555556 0.0921875 0.28055555555555556
6 0.6359375 0.3972222222222222 0.0421875 0.10555555555555556
0 0.446875 0.3263888888888889 0.146875 0.3138888888888889
1 0.3984375 0.5291666666666667 0.0453125 0.28055555555555556
8 0.8890625 0.4723611111111111 0.2203125 0.4586111111111111
1 0.7234375 0.49583333333333335 0.0703125 0.22777777777777777
1 0.60078125 0.4652777777777778 0.0703125 0.14722222222222223
6 0.671015625 0.5898055555555556 0.09984375 0.4608611111111111