2 0.259 0.30428134556574926 0.04 0.05198776758409786
2 0.403 0.2996941896024465 0.066 0.07033639143730887
2 0.333 0.290519877675841 0.032 0.045871559633027525
0 0.8 0.3211009174311927 0.03 0.0581039755351682
0 0.101 0.3394495412844037 0.044 0.0672782874617737
0 0.976 0.3470948012232416 0.034 0.1345565749235474
0 0.553 0.2996941896024465 0.024 0.0581039755351682
0 0.619 0.3195718654434251 0.016 0.07033639143730887
0 0.648 0.3103975535168196 0.02 0.06422018348623854
0 0.673 0.308868501529052 0.026 0.04892966360856269
0 0.339 0.30275229357798167 0.032 0.0764525993883792
2 0.266 0.29510703363914376 0.034 0.04892966360856269
0 0.576 0.3470948012232416 0.022 0.13149847094801223
1 0.747 0.5061162079510704 0.132 0.4740061162079511
1 0.919 0.4602446483180428 0.098 0.38837920489296635
1 0.53 0.3669724770642202 0.052 0.20489296636085627
1 0.458 0.3409785932721712 0.032 0.1437308868501529
