4 0.60546875 0.7072599531615925 0.578125 0.5152224824355972
0 0.678125 0.8149882903981265 0.121875 0.34894613583138173
0 0.41171875 0.8032786885245902 0.1609375 0.3747072599531616
0 0.2453125 0.8185011709601874 0.0703125 0.3372365339578454
0 0.08828125 0.8185011709601874 0.0953125 0.3255269320843091
0 0.53671875 0.8161592505854801 0.0484375 0.36768149882903983
0 0.4875 0.7927400468384075 0.0796875 0.41451990632318503
0 0.31875 0.8208430913348946 0.0546875 0.2903981264637002
0 0.8390625 0.8348946135831382 0.11875 0.30679156908665106
0 0.13828125 0.7634660421545667 0.0796875 0.21311475409836064
0 0.17578125 0.7728337236533958 0.075 0.22014051522248243
0 0.02578125 0.7435597189695551 0.028125 0.11007025761124122
0 0.8921875 0.7201405152224825 0.01875 0.10070257611241218
0 0.37890625 0.6943793911007026 0.0484375 0.08430913348946135
