2 0.01640625 0.2609841827768014 0.0328125 0.050966608084358524
0 0.509375 0.5369068541300527 0.240625 0.6028119507908611
0 0.04140625 0.2521968365553603 0.0078125 0.033391915641476276
0 0.1671875 0.2618629173989455 0.0203125 0.05975395430579965
0 0.28671875 0.2565905096660808 0.0140625 0.054481546572934976
0 0.409375 0.26449912126537783 0.0046875 0.02460456942003515
0 0.86328125 0.24956063268892795 0.0078125 0.014059753954305799
0 0.29921875 0.24868189806678384 0.0109375 0.03866432337434095
0 0.3296875 0.26362038664323373 0.0125 0.026362038664323375
0 0.39453125 0.2557117750439367 0.0171875 0.050966608084358524
0 0.3671875 0.24956063268892795 0.0109375 0.015817223198594025
0 0.3234375 0.2530755711775044 0.0109375 0.043936731107205626
0 0.3796875 0.2583479789103691 0.015625 0.03690685413005272
0 0.8234375 0.2539543057996485 0.009375 0.01757469244288225
0 0.34921875 0.2583479789103691 0.0265625 0.01054481546572935
