2 0.2640625 0.9208333333333333 0.1296875 0.06666666666666667
2 0.7265625 0.9208333333333333 0.1421875 0.07083333333333333
2 0.32578125 0.890625 0.0421875 0.041666666666666664
2 0.35 0.8854166666666666 0.021875 0.03333333333333333
2 0.046875 0.928125 0.09375 0.08125
2 0.2765625 0.8677083333333333 0.0328125 0.010416666666666666
2 0.2171875 0.890625 0.0421875 0.0375
0 0.51640625 0.9458333333333333 0.0453125 0.10833333333333334
0 0.69453125 0.934375 0.046875 0.13125
0 0.559375 0.8875 0.0140625 0.04375
0 0.8796875 0.9302083333333333 0.021875 0.07083333333333333
0 0.740625 0.88125 0.0109375 0.03333333333333333
0 0.63671875 0.890625 0.009375 0.04791666666666667
0 0.540625 0.890625 0.01875 0.04583333333333333
0 0.50078125 0.8854166666666666 0.01875 0.05
2 0.3328125 0.8677083333333333 0.0515625 0.027083333333333334
0 0.8609375 0.9270833333333334 0.0234375 0.07708333333333334
2 0.2953125 0.8885416666666667 0.028125 0.03333333333333333
0 0.80859375 0.86875 0.0078125 0.029166666666666667
2 0.40703125 0.8583333333333333 0.0109375 0.010416666666666666
2 0.5109375 0.846875 0.0140625 0.016666666666666666
2 0.59921875 0.8541666666666666 0.0109375 0.016666666666666666
0 0.2671875 0.946875 0.0265625 0.10625
1 0.11171875 0.9333333333333333 0.071875 0.09375
