0 0.12763466042154567 0.26171875 0.20374707259953162 0.521875
0 0.8758782201405152 0.24453125 0.2224824355971897 0.403125
0 0.4449648711943794 0.2703125 0.28805620608899296 0.5328125
0 0.6978922716627635 0.19453125 0.2107728337236534 0.3609375
0 0.7576112412177985 0.09140625 0.08430913348946135 0.096875
0 0.9519906323185011 0.11796875 0.05620608899297424 0.053125
0 0.47892271662763464 0.0640625 0.18969555035128804 0.128125
0 0.8173302107728337 0.0875 0.04918032786885246 0.0453125
0 0.2728337236533958 0.26484375 0.2786885245901639 0.5296875
1 0.7669789227166276 0.2703125 0.44028103044496486 0.4546875
