6 0.921875 0.4672897196261682 0.1546875 0.5864485981308412
6 0.28125 0.33294392523364486 0.05625 0.22429906542056074
6 0.1359375 0.3002336448598131 0.08125 0.27102803738317754
6 0.053125 0.6588785046728972 0.1046875 0.6612149532710281
6 0.0203125 0.5292056074766355 0.040625 0.4088785046728972
6 0.0078125 0.2827102803738318 0.015625 0.102803738317757
6 0.08671875 0.30490654205607476 0.0515625 0.14719626168224298
6 0.02265625 0.2955607476635514 0.0234375 0.09579439252336448
6 0.22734375 0.2546728971962617 0.0203125 0.035046728971962614
6 0.3171875 0.27920560747663553 0.021875 0.04439252336448598
6 0.21259375 0.5397196261682243 0.1310625 0.7266355140186916