0 0.5125 0.4344262295081967 0.04375 0.2786885245901639
0 0.67265625 0.5163934426229508 0.08125 0.3442622950819672
0 0.753125 0.4496487119437939 0.11875 0.297423887587822
0 0.928125 0.5960187353629977 0.0890625 0.5690866510538641
0 0.6375 0.3395784543325527 0.0328125 0.06557377049180328
0 0.4828125 0.45901639344262296 0.0609375 0.2693208430913349
0 0.4390625 0.4203747072599532 0.05 0.2224824355971897
0 0.52890625 0.36533957845433257 0.01875 0.11475409836065574
0 0.83203125 0.5866510538641686 0.0578125 0.3700234192037471
0 0.83125 0.522248243559719 0.090625 0.405152224824356
0 0.27265625 0.3981264637002342 0.1671875 0.405152224824356
0 0.15859375 0.5199063231850117 0.125 0.5737704918032787
1 0.75 0.6604215456674473 0.0984375 0.2786885245901639
0 0.072625 0.45229508196721313 0.07825 0.36463700234192037
0 0.0454375 0.42702576112412177 0.04453125 0.24498829039812647
0 0.618171875 0.4175175644028103 0.04009375 0.1848946135831382
0 0.668953125 0.33885245901639344 0.065609375 0.09037470725995317
0 0.396265625 0.39615925058548007 0.031515625000000005 0.17789227166276345
0 0.55790625 0.37377049180327865 0.0220625 0.14416861826697894
0 0.58728125 0.4062295081967213 0.020140625000000002 0.18152224824355973
