7 0.425 0.21779859484777517 0.053125 0.07728337236533958
7 0.43359375 0.2681498829039813 0.0515625 0.07494145199063232
1 0.38671875 0.3629976580796253 0.075 0.08899297423887588
1 0.42559375 0.7201405152224825 0.1640625 0.1451990632318501
6 0.51484375 0.41569086651053866 0.0359375 0.10304449648711944
6 0.53828125 0.42857142857142855 0.0234375 0.11007025761124122
2 0.61171875 0.25175644028103045 0.0203125 0.07259953161592506
5 0.9859375 0.42271662763466045 0.0265625 0.09836065573770492
6 0.13515625 0.3711943793911007 0.0140625 0.0702576112412178
6 0.1765625 0.36768149882903983 0.015625 0.08196721311475409
6 0.11875 0.3875878220140515 0.021875 0.04215456674473068
6 0.4859375 0.41920374707259955 0.0203125 0.08665105386416862
6 0.15703125 0.36885245901639346 0.0203125 0.07962529274004684
6 0.19140625 0.373536299765808 0.01875 0.07728337236533958
6 0.6125 0.12412177985948478 0.009375 0.03747072599531616
6 0.809375 0.1955503512880562 0.015625 0.06323185011709602
6 0.99609375 0.6908665105386417 0.0078125 0.0351288056206089
8 0.78671875 0.5644028103044496 0.221875 0.22950819672131148
8 0.715625 0.7903981264637002 0.1609375 0.2716627634660422
1 0.08828125 0.5105386416861827 0.175 0.11943793911007025
1 0.15625 0.45550351288056207 0.1953125 0.10070257611241218
1 0.5171875 0.5210772833723654 0.221875 0.11943793911007025
1 0.59765625 0.7295081967213115 0.1296875 0.17096018735362997
1 0.8671875 0.9156908665105387 0.265625 0.16159250585480095
1 0.73046875 0.34192037470725994 0.0875 0.07962529274004684
5 0.32421875 0.4730913348946136 0.0765625 0.12644028103044497
1 0.94453125 0.8208430913348946 0.109375 0.14754098360655737
1 0.8453125 0.25995316159250587 0.0734375 0.06791569086651054
1 0.33671875 0.4414519906323185 0.0953125 0.1053864168618267
1 0.25 0.4238875878220141 0.1171875 0.1053864168618267
1 0.23515625 0.2716627634660422 0.05625 0.0702576112412178
1 0.5125 0.4215456674473068 0.15 0.09133489461358314
3 0.653171875 0.4381733021077283 0.1484375 0.1451990632318501
1 0.66171875 0.24121779859484777 0.0484375 0.06088992974238876
1 0.18046875 0.7189695550351288 0.13125 0.12646370023419204
1 0.196875 0.797423887587822 0.1484375 0.13114754098360656
5 0.0203125 0.5936768149882904 0.040625 0.1053864168618267
1 0.04921875 0.42271662763466045 0.0984375 0.06323185011709602
1 0.475 0.1791569086651054 0.046875 0.053864168618266976
1 0.4953125 0.9765807962529274 0.1546875 0.0468384074941452
2 0.72265625 0.6264637002341921 0.1 0.14985948477751757
0 0.2328125 0.0702576112412178 0.034375 0.06088992974238876
1 0.4875 0.09484777517564402 0.0265625 0.03278688524590164
1 0.865625 0.9859484777517564 0.159375 0.02576112412177986
7 0.21171875 0.9016393442622951 0.19375 0.1920374707259953
7 0.459375 0.8946135831381733 0.1546875 0.20843091334894615
1 0.89140625 0.7540983606557377 0.146875 0.16393442622950818
6 0.29990625 0.12583138173302108 0.0144375 0.046861826697892274