2 0.246875 0.6934306569343066 0.1859375 0.291970802919708
2 0.12265625 0.6788321167883211 0.1265625 0.20437956204379562
3 0.821875 0.621654501216545 0.0484375 0.1192214111922141
3 0.84765625 0.5669099756690997 0.015625 0.0413625304136253
4 0.534375 0.5498783454987834 0.40625 0.6690997566909975
0 0.553125 0.43552311435523117 0.0703125 0.10948905109489052
0 0.8234375 0.5523114355231143 0.04375 0.07785888077858881
0 0.86953125 0.5693430656934306 0.028125 0.11192214111922141
0 0.75 0.5790754257907542 0.0296875 0.1362530413625304
0 0.77421875 0.5437956204379562 0.0109375 0.0681265206812652
0 0.99375 0.5413625304136253 0.0125 0.0705596107055961
0 0.80390625 0.5413625304136253 0.0203125 0.0535279805352798
0 0.41953125 0.4245742092457421 0.084375 0.12895377128953772
3 0.74921875 0.6362530413625304 0.0375 0.14841849148418493
0 0.84765625 0.5559610705596107 0.0140625 0.038929440389294405
2 0.209375 0.5583941605839416 0.159375 0.043795620437956206
1 0.0453125 0.6934306569343066 0.084375 0.3333333333333333
1 0.9359375 0.610705596107056 0.046875 0.2116788321167883
