2 0.8140625 0.26851851851851855 0.11875 0.05291005291005291
0 0.9203125 0.4193121693121693 0.159375 0.8386243386243386
0 0.52109375 0.6481481481481481 0.1171875 0.1931216931216931
0 0.6078125 0.414021164021164 0.0796875 0.41005291005291006
0 0.2171875 0.5515873015873016 0.2546875 0.5476190476190477
0 0.03984375 0.5013227513227513 0.0765625 0.4576719576719577
0 0.74765625 0.5079365079365079 0.1265625 0.24338624338624337
0 0.83125 0.4074074074074074 0.0640625 0.2724867724867725
0 0.409375 0.5462962962962963 0.1859375 0.24338624338624337
0 0.83671875 0.5198412698412699 0.128125 0.31216931216931215
0 0.69140625 0.5211640211640212 0.1140625 0.21164021164021163
0 0.89765625 0.6944444444444444 0.2046875 0.1931216931216931
