2 0.6546875 0.6340749414519906 0.5177031249999999 0.7318501170960188
6 0.2359375 0.6487119437939111 0.221875 0.6159250585480094
6 0.3796875 0.49414519906323184 0.078125 0.3185011709601874
6 0.95859375 0.4918032786885246 0.0734375 0.34894613583138173
6 0.86953125 0.43676814988290397 0.04375 0.20140515222482436
2 0.0515625 0.691943793911007 0.103125 0.5665807962529275
6 0.5078125 0.42857142857142855 0.034375 0.14988290398126464
6 0.4171875 0.4496487119437939 0.0390625 0.1873536299765808
6 0.31484375 0.45433255269320844 0.05625 0.19437939110070257
6 0.47421875 0.43208430913348944 0.0375 0.15690866510538642
6 0.28203125 0.45081967213114754 0.0296875 0.1405152224824356
6 0.83046875 0.4414519906323185 0.0453125 0.20608899297423888
6 0.77265625 0.3946135831381733 0.0625 0.17798594847775176
6 0.9859375 0.46955503512880564 0.0265625 0.2903981264637002
6 0.1265625 0.43911007025761123 0.046875 0.12646370023419204
6 0.34609375 0.42857142857142855 0.034375 0.1756440281030445
6 0.0921875 0.4309133489461358 0.0390625 0.14285714285714285
6 0.4453125 0.44379391100702575 0.034375 0.17330210772833723
2 0.5471250000000001 0.6420843091334895 0.32239062500000004 0.5722248243559719
2 0.0765625 0.5585480093676815 0.1453125 0.468384074941452
0 0.9828125 0.31381733021077285 0.0328125 0.1405152224824356
1 0.9234375 0.8009367681498829 0.1515625 0.38173302107728335