2 0.7677083333333333 0.575 0.22083333333333333 0.1328125
0 0.28958333333333336 0.603125 0.5666666666666667 0.765625
0 0.5583333333333333 0.63984375 0.11041666666666666 0.275
0 0.228125 0.6140625 0.041666666666666664 0.1421875
0 0.046875 0.6546875 0.09166666666666666 0.2625
2 0.9520833333333333 0.5328125 0.09583333333333334 0.0484375
0 0.18229166666666666 0.659375 0.0875 0.096875
0 0.06770833333333333 0.55 0.11666666666666667 0.0953125
0 0.026041666666666668 0.78984375 0.052083333333333336 0.3796875
2 0.6364583333333333 0.57265625 0.05625 0.0375
2 0.640625 0.54296875 0.06666666666666667 0.025
0 0.990625 0.5046875 0.0125 0.009375
0 0.12083333333333333 0.7125 0.05416666666666667 0.1
0 0.5510416666666667 0.640625 0.12708333333333333 0.2734375
1 0.28958333333333336 0.603125 0.5666666666666667 0.765625
