1 0.328671875 0.5220625 0.20578124999999997 0.4625833333333333
0 0.0375 0.09583333333333334 0.0671875 0.19166666666666668
1 0.5609375 0.5265208333333333 0.24137499999999998 0.5846666666666667
0 0.54453125 0.052083333333333336 0.0359375 0.10416666666666667
0 0.28828125 0.04583333333333333 0.021875 0.09166666666666666
0 0.2703125 0.04583333333333333 0.0578125 0.09166666666666666
0 0.1890625 0.08645833333333333 0.1015625 0.17291666666666666
0 0.74140625 0.12708333333333333 0.03125 0.25
0 0.2515625 0.040625 0.01875 0.07916666666666666
1 0.221875 0.33229166666666665 0.175 0.42291666666666666
2 0.15390625 0.903125 0.30625 0.19166666666666668
