0 0.13958333333333334 0.53359375 0.27708333333333335 0.3109375
2 0.7223958333333333 0.76328125 0.5552083333333333 0.4703125
6 0.4166666666666667 0.57578125 0.09166666666666666 0.13125
2 0.32775 0.55078125 0.05625 0.090625
6 0.026041666666666668 0.75703125 0.052083333333333336 0.234375
6 0.5510416666666667 0.54921875 0.041666666666666664 0.1140625
2 0.2625 0.536078125 0.0375 0.07996875
1 0.35208333333333336 0.48203125 0.041666666666666664 0.021875
1 0.28541666666666665 0.4890625 0.052083333333333336 0.03125
0 0.8041666666666667 0.45234375 0.13125 0.0734375
0 0.9697916666666667 0.4671875 0.058333333333333334 0.1203125
0 0.2375 0.47734375 0.052083333333333336 0.071875
1 0.4010416666666667 0.49453125 0.07291666666666667 0.021875