6 0.4806356968215159 0.41328125 0.08107579462102689 0.1890625
6 0.530562347188264 0.39921875 0.5183374083129584 0.5609375
6 0.6882640586797066 0.4109375 0.10024449877750612 0.1984375
6 0.5709046454767727 0.39140625 0.10268948655256724 0.140625
6 0.037897310513447434 0.30078125 0.07334963325183375 0.0625
6 0.5048899755501223 0.3515625 0.03667481662591687 0.0578125
6 0.8434229828850855 0.37890625 0.05134474327628362 0.134375
6 0.7408312958435208 0.40390625 0.05623471882640587 0.075
1 0.7212713936430318 0.328125 0.22982885085574573 0.05625
1 0.25183374083129584 0.3265625 0.09535452322738386 0.025
6 0.735281173594132 0.357859375 0.07144254278728607 0.09040625