6 0.12578125 0.6013513513513513 0.05 0.22162162162162163
6 0.69921875 0.5432432432432432 0.046875 0.2702702702702703
6 0.653125 0.4972972972972973 0.04375 0.17297297297297298
2 0.941609375 0.5922162162162162 0.11676562500000001 0.23845945945945948
6 0.80859375 0.5324324324324324 0.0359375 0.16756756756756758
6 0.06953125 0.5891891891891892 0.0359375 0.24864864864864866
6 0.58046875 0.5594594594594594 0.034375 0.17297297297297298
6 0.546875 0.5513513513513514 0.0359375 0.1945945945945946
6 0.63359375 0.4864864864864865 0.028125 0.14054054054054055
6 0.58515625 0.4486486486486487 0.04375 0.11351351351351352
6 0.340625 0.5243243243243243 0.040625 0.12702702702702703
6 0.77890625 0.5243243243243243 0.01875 0.1810810810810811
0 0.0359375 0.518918918918919 0.071875 0.7054054054054054