1 0.526 0.3577981651376147 0.05 0.19571865443425077
1 0.45754 0.3393272171253822 0.03306 0.14045871559633027
0 0.974 0.3425076452599388 0.03 0.11009174311926606
1 0.364 0.3119266055045872 0.02 0.09174311926605505
0 0.575 0.3440366972477064 0.022 0.13149847094801223
1 0.5539400000000001 0.34186544342507647 0.02586 0.14856269113149848
0 0.103 0.3379204892966361 0.044 0.0672782874617737
0 0.232 0.29510703363914376 0.024 0.05198776758409786
0 0.649 0.3119266055045872 0.022 0.07033639143730887
1 0.747 0.5076452599388379 0.13 0.4740061162079511
1 0.918 0.45871559633027525 0.096 0.38837920489296635
2 0.406 0.29510703363914376 0.064 0.07033639143730887
2 0.262 0.2996941896024465 0.04 0.05198776758409786
2 0.287 0.2889908256880734 0.028 0.04281345565749235
2 0.333 0.2874617737003058 0.026 0.04281345565749235
0 0.7988 0.3152599388379205 0.0296 0.04715596330275229
1 0.0305 0.32452599388379205 0.03302 0.1475229357798165
