2 0.8390625 0.5396419437340153 0.321875 0.4219948849104859
3 0.44375 0.5217391304347826 0.075 0.21739130434782608
3 0.57734375 0.5025575447570333 0.09375 0.21739130434782608
3 0.27734375 0.4782608695652174 0.034375 0.10485933503836317
3 0.64453125 0.49232736572890023 0.046875 0.12276214833759591
3 0.2453125 0.3312020460358056 0.0078125 0.01278772378516624
3 0.22890625 0.31074168797953966 0.00625 0.015345268542199489
0 0.56875 0.42327365728900257 0.0984375 0.20971867007672634
0 0.43984375 0.3976982097186701 0.0734375 0.12531969309462915
0 0.26875 0.4117647058823529 0.021875 0.04859335038363171
0 0.64921875 0.43350383631713557 0.040625 0.0639386189258312
0 0.534375 0.3976982097186701 0.0375 0.0792838874680307
2 0.46015625 0.48721227621483376 0.15 0.1815856777493606
2 0.1109375 0.31074168797953966 0.028125 0.020460358056265986
2 0.0875 0.30179028132992325 0.0125 0.017902813299232736
0 0.25 0.4309462915601023 0.0109375 0.028132992327365727
0 0.4296875 0.3900255754475703 0.0734375 0.12020460358056266
5 0.328125 0.3337595907928389 0.046875 0.020460358056265986
0 0.31015625 0.40664961636828645 0.0046875 0.020460358056265986
0 0.92578125 0.4309462915601023 0.053125 0.07672634271099744
2 0.278125 0.30434782608695654 0.0234375 0.01278772378516624
2 0.68984375 0.4936061381074169 0.06875 0.17902813299232737
2 0.15390625 0.2979539641943734 0.015625 0.015345268542199489
0 0.796875 0.4462915601023018 0.034375 0.058823529411764705
2 0.23125 0.29923273657289 0.015625 0.01278772378516624
3 0.2171875 0.31074168797953966 0.0078125 0.010230179028132993
1 0.20078125 0.45907928388746805 0.0140625 0.0792838874680307
1 0.33809374999999997 0.46058823529411763 0.018515625 0.10263427109974425
1 0.364421875 0.46629156010230177 0.021156249999999998 0.09516624040920717
