2 0.7640625 0.553125 0.0546875 0.05625
2 0.746875 0.56875 0.065625 0.06041666666666667
3 0.0296875 0.571875 0.059375 0.05416666666666667
4 0.48359375 0.4947916666666667 0.4453125 0.38333333333333336
0 0.8515625 0.5677083333333334 0.0140625 0.052083333333333336
0 0.225 0.571875 0.015625 0.075
0 0.26015625 0.5697916666666667 0.0125 0.07708333333333334
4 0.71796875 0.5260416666666666 0.0375 0.1
0 0.93359375 0.5510416666666667 0.0125 0.0375
2 0.871875 0.5479166666666667 0.05 0.04791666666666667
2 0.89765625 0.5479166666666667 0.021875 0.041666666666666664
5 0.80859375 0.534375 0.0484375 0.06875
1 0.81640625 0.6322916666666667 0.05 0.17708333333333334
