4 0.323 0.7155688622754491 0.616 0.41916167664670656
5 0.748 0.7589820359281437 0.088 0.0748502994011976
0 0.417 0.8368263473053892 0.09 0.2754491017964072
0 0.844 0.8353293413173652 0.058 0.26047904191616766
0 0.617 0.7949101796407185 0.05 0.18862275449101795
0 0.643 0.7934131736526946 0.024 0.1467065868263473
0 0.689 0.7769461077844312 0.032 0.18263473053892215
0 0.951 0.7874251497005988 0.038 0.16766467065868262
0 0.511 0.5299401197604791 0.06 0.10179640718562874
0 0.51 0.7634730538922155 0.05 0.20958083832335328
0 0.564 0.7859281437125748 0.048 0.2275449101796407
0 0.496 0.8712574850299402 0.06 0.16467065868263472
0 0.678 0.7964071856287425 0.024 0.1497005988023952
1 0.799 0.7679640718562875 0.038 0.09880239520958084
0 0.772 0.8817365269461078 0.096 0.11976047904191617
