6 0.28828125 0.45625 0.053125 0.22916666666666666
2 0.896875 0.4635416666666667 0.046875 0.22708333333333333
6 0.325 0.428125 0.0359375 0.14583333333333334
6 0.4296875 0.4197916666666667 0.0375 0.12708333333333333
6 0.0859375 0.39791666666666664 0.0453125 0.11458333333333333
6 0.5296875 0.428125 0.03125 0.11875
2 0.19671875 0.45391666666666663 0.1690625 0.26825
2 0.103125 0.5208333333333334 0.20625 0.49375
2 0.63046875 0.6604166666666667 0.265625 0.66875
2 0.9484375 0.5395833333333333 0.103125 0.5291666666666667
2 0.82578125 0.54375 0.1328125 0.33125
2 0.46328125 0.459375 0.146875 0.2604166666666667
2 0.740625 0.48020833333333335 0.1015625 0.2833333333333333
2 0.2125 0.446875 0.125 0.2520833333333333
6 0.36124999999999996 0.43066666666666664 0.027500000000000004 0.13949999999999999
6 0.38703125 0.424625 0.0290625 0.13075