7 0.0609375 0.3770491803278688 0.121875 0.2646370023419204
6 0.73359375 0.629976580796253 0.1875 0.7213114754098361
6 0.97109375 0.40866510538641687 0.05625 0.2810304449648712
6 0.915625 0.35011709601873536 0.028125 0.1522248243559719
6 0.89296875 0.3594847775175644 0.03125 0.15456674473067916
6 0.87421875 0.35362997658079626 0.0265625 0.15456674473067916
6 0.65390625 0.3477751756440281 0.04375 0.18032786885245902
6 0.690625 0.34543325526932084 0.0390625 0.16393442622950818
6 0.84609375 0.3407494145199063 0.0265625 0.1358313817330211
6 0.63125 0.3559718969555035 0.0296875 0.16159250585480095
6 0.81796875 0.34543325526932084 0.028125 0.13348946135831383
6 0.79921875 0.3091334894613583 0.028125 0.10070257611241218
6 0.94765625 0.3992974238875878 0.040625 0.25995316159250587
6 0.76171875 0.2997658079625293 0.0296875 0.06323185011709602
2 0.2578125 0.4414519906323185 0.078125 0.3044496487119438
8 0.39609375 0.2903981264637002 0.2828125 0.405152224824356
8 0.13359375 0.2810304449648712 0.259375 0.351288056206089