0 0.2528409090909091 0.6375 0.09659090909090909 0.225
0 0.3380681818181818 0.6328125 0.08712121212121213 0.2203125
0 0.07007575757575757 0.77578125 0.125 0.29375
3 0.6401515151515151 0.633578125 0.11363636363636363 0.20153125
0 0.14678030303030304 0.715625 0.13068181818181818 0.3203125
0 0.803030303030303 0.79140625 0.19886363636363635 0.415625
0 0.6818181818181818 0.55546875 0.03787878787878788 0.0875
0 0.59375 0.5671875 0.05113636363636364 0.06875
0 0.05776515151515151 0.5953125 0.07007575757575757 0.1140625
0 0.7291666666666666 0.5765625 0.06818181818181818 0.0953125
0 0.2840909090909091 0.5421875 0.03977272727272727 0.0546875
0 0.9640151515151515 0.63671875 0.07196969696969698 0.19375
0 0.771780303030303 0.56015625 0.04924242424242424 0.0625
0 0.3759469696969697 0.56015625 0.04924242424242424 0.071875
1 0.4659090909090909 0.746875 0.21401515151515152 0.475
2 0.5880681818181818 0.56875 0.13636363636363635 0.1015625
