6 0.47109375 0.4895833333333333 0.703125 0.7708333333333334
6 0.728125 0.48125 0.3109375 0.46875
6 0.44765625 0.38645833333333335 0.2 0.19166666666666668
6 0.64765625 0.39166666666666666 0.115625 0.11041666666666666
6 0.434375 0.3416666666666667 0.0703125 0.10208333333333333
6 0.0109375 0.2635416666666667 0.021875 0.10416666666666667
6 0.06015625 0.40520833333333334 0.1203125 0.2375
6 0.5328125 0.3416666666666667 0.046875 0.1125
6 0.82109375 0.32916666666666666 0.05 0.10208333333333333
6 0.3859375 0.3614583333333333 0.0734375 0.14375
6 0.57734375 0.39479166666666665 0.0359375 0.075
6 0.1796875 0.31354166666666666 0.03125 0.05625
6 0.1390625 0.334375 0.059375 0.09791666666666667
6 0.0984375 0.26145833333333335 0.025 0.058333333333333334
6 0.115625 0.2864583333333333 0.03125 0.06875
6 0.871875 0.35208333333333336 0.05 0.07291666666666667
6 0.7015625 0.35625 0.0609375 0.07916666666666666
6 0.0734375 0.28020833333333334 0.021875 0.06041666666666667
7 0.86640625 0.3177083333333333 0.0609375 0.03958333333333333