0 0.45625 0.297423887587822 0.315625 0.5925058548009368
0 0.67578125 0.18266978922716628 0.0234375 0.117096018735363
1 0.758921875 0.20740046838407494 0.065171875 0.15290398126463703
0 0.44609375 0.1873536299765808 0.0203125 0.03981264637002342
0 0.39296875 0.2259953161592506 0.01875 0.04449648711943794
0 0.4671875 0.1791569086651054 0.0171875 0.03981264637002342
0 0.8515625 0.21428571428571427 0.025 0.09836065573770492
0 0.78203125 0.18501170960187355 0.0171875 0.09836065573770492
0 0.409375 0.2154566744730679 0.0140625 0.0234192037470726
0 0.63671875 0.20608899297423888 0.0265625 0.04449648711943794
