4 0.465625 0.665083135391924 0.14375 0.27790973871733965
0 0.7515625 0.7790973871733967 0.028125 0.16864608076009502
0 0.66484375 0.7482185273159145 0.0234375 0.12589073634204276
0 0.640625 0.7446555819477435 0.0203125 0.12826603325415678
0 0.5890625 0.7315914489311164 0.01875 0.09026128266033254
0 0.13984375 0.7838479809976246 0.0375 0.1496437054631829
0 0.1984375 0.7185273159144893 0.015625 0.06413301662707839
0 0.11875 0.7790973871733967 0.1015625 0.25415676959619954
0 0.7828125 0.7992874109263658 0.0625 0.2850356294536817
0 0.05703125 0.7399049881235155 0.028125 0.07363420427553444
0 0.34609375 0.7672209026128266 0.046875 0.20190023752969122
0 0.44765625 0.6864608076009501 0.0234375 0.035629453681710214
0 0.6 0.7541567695961995 0.0421875 0.1163895486935867
0 0.840625 0.7802850356294537 0.0375 0.19002375296912113
1 0.567703125 0.7665083135391924 0.062343749999999996 0.1616627078384798
