2 0.4933184855233853 0.05078125 0.10244988864142539 0.0359375
2 0.24387527839643652 0.046875 0.0757238307349666 0.028125
2 0.1403118040089087 0.034375 0.07349665924276169 0.0296875
2 0.6135857461024499 0.0453125 0.0645879732739421 0.025
2 0.6792873051224945 0.0421875 0.026726057906458798 0.021875
0 0.6469933184855234 0.47890625 0.38530066815144765 0.34375
0 0.38530066815144765 0.059375 0.028953229398663696 0.0359375
2 0.6848552338530067 0.028125 0.026726057906458798 0.009375
0 0.3363028953229399 0.0640625 0.06904231625835189 0.053125
0 0.4688195991091314 0.203125 0.0645879732739421 0.0875
2 0.7115812917594655 0.04765625 0.0334075723830735 0.0140625
0 0.22383073496659242 0.06015625 0.0400890868596882 0.046875
0 0.20044543429844097 0.05859375 0.031180400890868598 0.05
0 0.5467706013363028 0.04375 0.011135857461024499 0.025
1 0.08797327394209355 0.046875 0.04899777282850779 0.090625
1 0.026726057906458798 0.05625 0.053452115812917596 0.0671875
