6 0.41484375 0.8763020833333334 0.05 0.1328125
6 0.20078125 0.7044270833333334 0.025 0.10416666666666667
6 0.84609375 0.72265625 0.0265625 0.13802083333333334
6 0.221875 0.7044270833333334 0.028125 0.1015625
6 0.971875 0.7122395833333334 0.0390625 0.1484375
6 0.25546875 0.6901041666666666 0.034375 0.13541666666666666
6 0.29765625 0.7005208333333334 0.034375 0.11979166666666667
6 0.8875 0.71484375 0.034375 0.15104166666666666
2 0.7531875 0.7184635416666666 0.028249999999999997 0.09054687500000001
2 0.66971875 0.7156510416666667 0.0394375 0.098828125
6 0.9296875 0.7096354166666666 0.0453125 0.1328125
6 0.3453125 0.734375 0.025 0.057291666666666664