2 0.64140625 0.4636150234741784 0.0796875 0.07042253521126761
2 0.58984375 0.4565727699530516 0.04375 0.06338028169014084
2 0.7140625 0.44014084507042256 0.025 0.04225352112676056
2 0.67265625 0.43779342723004694 0.0421875 0.03755868544600939
0 0.146875 0.45422535211267606 0.09375 0.36619718309859156
0 0.5140625 0.45539906103286387 0.0140625 0.10093896713615023
0 0.1015625 0.4495305164319249 0.0203125 0.11032863849765258
2 0.959375 0.4636150234741784 0.028125 0.028169014084507043
1 0.48203125 0.47769953051643194 0.0578125 0.20187793427230047
1 0.2578125 0.4624413145539906 0.0265625 0.09624413145539906
1 0.196875 0.460093896713615 0.01875 0.06338028169014084
2 0.405359375 0.4580985915492958 0.014781250000000001 0.06835680751173709
