2 0.41640625 0.39791666666666664 0.1390625 0.12708333333333333
2 0.10625 0.36041666666666666 0.171875 0.1375
0 0.70703125 0.459375 0.24375 0.68125
0 0.8703125 0.41458333333333336 0.1015625 0.3229166666666667
2 0.01953125 0.33541666666666664 0.0390625 0.11041666666666666
5 0.55234375 0.37083333333333335 0.1515625 0.2
0 0.0140625 0.421875 0.01875 0.27291666666666664
1 0.27890625 0.4395833333333333 0.1359375 0.38125
1 0.0765625 0.36354166666666665 0.0546875 0.15625
1 0.921875 0.50625 0.15625 0.5458333333333333
