6 0.1 0.6261425959780622 0.04375 0.16453382084095064
2 0.755578125 0.5982084095063986 0.062265625000000005 0.15073126142595977
6 0.1625 0.603290676416819 0.0265625 0.1480804387568556
2 0.57371875 0.6092687385740402 0.077796875 0.16550274223034736
6 0.51796875 0.5914076782449725 0.0234375 0.05301645338208409
6 0.37890625 0.6051188299817185 0.034375 0.09323583180987204
6 0.4796875 0.5987202925045704 0.0234375 0.051188299817184646
6 0.7328125 0.5539305301645339 0.01875 0.054844606946983544
6 0.215625 0.6115173674588665 0.0375 0.08226691042047532
6 0.53984375 0.5877513711151737 0.025 0.05301645338208409
6 0.41640625 0.6170018281535649 0.0234375 0.062157221206581355
6 0.70078125 0.5292504570383912 0.025 0.04021937842778794
6 0.44375 0.6106032906764168 0.0203125 0.05850091407678245
6 0.43046875 0.3875685557586837 0.015625 0.03656307129798903