1 0.776 0.66 0.192 0.18666666666666668
5 0.14887999999999998 0.6170133333333333 0.036 0.12330666666666668
2 0.058 0.5848533333333333 0.02 0.06573333333333332
2 0.08 0.5915733333333334 0.02 0.07917333333333333
6 0.47 0.588 0.034 0.10133333333333333
6 0.831 0.5853333333333334 0.018 0.050666666666666665
2 0.287 0.708 0.104 0.3253333333333333
1 0.586 0.6306666666666667 0.118 0.136
5 0.657 0.6643466666666666 0.102 0.26064
1 0.53 0.5933333333333334 0.04 0.056
2 0.102 0.60248 0.03 0.11269333333333333
5 0.49668 0.7853066666666667 0.126 0.4230133333333333