7 0.7109375 0.6569086651053864 0.075 0.07962529274004684
6 0.36875 0.7693208430913349 0.0765625 0.2646370023419204
6 0.98359375 0.6639344262295082 0.01875 0.08196721311475409
2 0.22890625 0.7845433255269321 0.21875 0.33489461358313816
1 0.5046875 0.6990632318501171 0.1203125 0.10304449648711944
1 0.9046875 0.6604215456674473 0.0546875 0.06088992974238876
1 0.8515625 0.629976580796253 0.0359375 0.03278688524590164
1 0.821875 0.6370023419203747 0.0265625 0.0351288056206089
1 0.784375 0.6428571428571429 0.034375 0.04215456674473068
1 0.90546875 0.6194379391100703 0.0328125 0.0234192037470726
1 0.76328125 0.6451990632318502 0.0375 0.0468384074941452