5 0.441 0.5106666666666667 0.258 0.2906666666666667
0 0.396 0.392 0.02 0.05333333333333334
0 0.446 0.37066666666666664 0.014 0.056
0 0.381 0.38266666666666665 0.012 0.04
2 0.783 0.36533333333333334 0.056 0.04533333333333334
2 0.762 0.4013333333333333 0.09 0.037333333333333336
2 0.433 0.716 0.08 0.15733333333333333
2 0.664 0.7 0.096 0.18933333333333333
2 0.73 0.5586666666666666 0.084 0.08533333333333333
5 0.767 0.6666666666666666 0.14 0.18933333333333333
0 0.345 0.408 0.02 0.042666666666666665
0 0.618 0.4613333333333333 0.022 0.050666666666666665
2 0.639 0.5946666666666667 0.072 0.104
2 0.538 0.6893333333333334 0.082 0.18133333333333335
2 0.704 0.496 0.076 0.10133333333333333
2 0.752 0.43466666666666665 0.108 0.06666666666666667
2 0.531 0.592 0.078 0.09866666666666667
2 0.784 0.4866666666666667 0.04 0.04533333333333334
1 0.414 0.3893333333333333 0.022 0.050666666666666665
