0 0.17890625 0.6774847870182555 0.06875 0.24949290060851928
0 0.12421875 0.6835699797160243 0.0484375 0.2535496957403651
0 0.9265625 0.6440162271805274 0.028125 0.10344827586206896
0 0.3046875 0.6501014198782962 0.021875 0.07910750507099391
0 0.98515625 0.6348884381338742 0.0109375 0.05273833671399594
0 0.01171875 0.6551724137931034 0.0234375 0.05273833671399594
0 0.5640625 0.6592292089249493 0.0109375 0.04462474645030426
0 0.5421875 0.6592292089249493 0.021875 0.0486815415821501
5 0.3046875 0.6430020283975659 0.084375 0.09939148073022312
0 0.325 0.6490872210953347 0.0265625 0.10547667342799188
