0 0.48203125 0.3903301886792453 0.125 0.33962264150943394
0 0.60546875 0.2653301886792453 0.0359375 0.20754716981132076
0 0.66171875 0.25825471698113206 0.0390625 0.14622641509433962
0 0.77421875 0.2665094339622642 0.0359375 0.125
0 0.8640625 0.25 0.0453125 0.12264150943396226
0 0.69609375 0.2688679245283019 0.0296875 0.12735849056603774
0 0.82578125 0.24528301886792453 0.0390625 0.16745283018867924
0 0.9078125 0.267688679245283 0.0421875 0.11556603773584906
0 0.89296875 0.2617924528301887 0.040625 0.12028301886792453
0 0.16953125 0.29952830188679247 0.025 0.09669811320754718
0 0.1015625 0.2606132075471698 0.0328125 0.09905660377358491
0 0.13515625 0.2971698113207547 0.0375 0.10141509433962265
0 0.046875 0.2818396226415094 0.0390625 0.14386792452830188
