2 0.6358313817330211 0.81640625 0.38173302107728335 0.3671875
6 0.6721311475409836 0.20625 0.1873536299765808 0.165625
6 0.4812646370023419 0.50234375 0.2459016393442623 0.3125
6 0.40749414519906324 0.190625 0.117096018735363 0.209375
6 0.9203747072599532 0.81328125 0.1592505854800937 0.3578125
6 0.7939110070257611 0.80625 0.1405152224824356 0.2625
6 0.7810304449648712 0.36640625 0.17330210772833723 0.28125
6 0.09718969555035128 0.84140625 0.1920374707259953 0.315625
6 0.4168618266978923 0.82421875 0.17096018735362997 0.3359375
6 0.27400468384074944 0.83125 0.1053864168618267 0.3078125
6 0.17447306791569087 0.35078125 0.09601873536299765 0.1234375
6 0.29859484777517564 0.2640625 0.07728337236533958 0.1125
6 0.20140515222482436 0.3234375 0.06088992974238876 0.071875
8 0.46955503512880564 0.51875 0.9086651053864169 0.4640625