0 0.69609375 0.49895833333333334 0.090625 0.28125
0 0.9296875 0.484375 0.0359375 0.2125
0 0.0109375 0.490625 0.021875 0.15208333333333332
0 0.05546875 0.45416666666666666 0.025 0.16458333333333333
0 0.0359375 0.4479166666666667 0.0296875 0.15416666666666667
0 0.79453125 0.4083333333333333 0.021875 0.06666666666666667
0 0.0140625 0.4083333333333333 0.028125 0.08333333333333333
0 0.18828125 0.39479166666666665 0.009375 0.03958333333333333
0 0.18046875 0.4041666666666667 0.0140625 0.0375
0 0.23515625 0.39791666666666664 0.01875 0.03958333333333333
1 0.3546875 0.65625 0.6265625 0.6833333333333333
7 0.45390625 0.440625 0.115625 0.125
2 0.8625 0.4822916666666667 0.1390625 0.16875
2 0.7234375 0.459375 0.15 0.125
2 0.5875 0.471875 0.2140625 0.16458333333333333
2 0.315625 0.41770833333333335 0.0578125 0.06875
2 0.28203125 0.39166666666666666 0.028125 0.03333333333333333
2 0.3296875 0.37604166666666666 0.0296875 0.01875
2 0.16640625 0.3958333333333333 0.0296875 0.03333333333333333
2 0.15390625 0.3927083333333333 0.0234375 0.0375
2 0.2546875 0.3927083333333333 0.0203125 0.03333333333333333
2 0.8625 0.48125 0.140625 0.17291666666666666
0 0.202828125 0.3985625 0.012796875 0.0380625
0 0.268703125 0.39443750000000005 0.0129375 0.0389375
