0 0.475 0.48951048951048953 0.3125 0.7505827505827506
0 0.2828125 0.4090909090909091 0.18125 0.4662004662004662
0 0.11875 0.4125874125874126 0.075 0.32400932400932403
0 0.83515625 0.43123543123543123 0.059375 0.22843822843822845
1 0.894203125 0.43606060606060604 0.0546875 0.17282051282051283
0 0.9609375 0.43356643356643354 0.0390625 0.1888111888111888
0 0.23359375 0.40559440559440557 0.0640625 0.34265734265734266
0 0.0390625 0.3543123543123543 0.05625 0.20512820512820512
0 0.01484375 0.3741258741258741 0.0296875 0.1282051282051282
1 0.17890625 0.4090909090909091 0.084375 0.358974358974359
