0 0.4765625 0.496875 0.43125 0.38333333333333336
2 0.81484375 0.6331249999999999 0.0515625 0.17875
2 0.85234375 0.5677083333333334 0.015625 0.05
6 0.2234375 0.5708333333333333 0.0171875 0.075
6 0.26171875 0.5708333333333333 0.0125 0.075
1 0.74453125 0.56875 0.0671875 0.06041666666666667
0 0.71171875 0.528125 0.0453125 0.09791666666666667
7 0.7640625 0.55625 0.05 0.05416666666666667
8 0.81015625 0.534375 0.05 0.06875
1 0.915625 0.55625 0.0296875 0.020833333333333332
6 0.934390625 0.55325 0.00965625 0.042895833333333334
1 0.8693593749999999 0.5507291666666667 0.044437500000000005 0.05291666666666666