0 0.8703319502074689 0.7078125 0.043568464730290454 0.0546875
0 0.7728215767634855 0.7109375 0.04979253112033195 0.046875
0 0.279045643153527 0.67265625 0.03941908713692946 0.0375
0 0.6068464730290456 0.67265625 0.029045643153526972 0.04375
0 0.5643153526970954 0.7359375 0.06224066390041494 0.0625
0 0.9398340248962656 0.71171875 0.04149377593360996 0.0484375
0 0.24066390041493776 0.678125 0.03112033195020747 0.040625
0 0.4107883817427386 0.678125 0.029045643153526972 0.04375
0 0.6286307053941909 0.67734375 0.03734439834024896 0.0515625
0 0.4948132780082988 0.75234375 0.06016597510373444 0.103125
0 0.15145228215767634 0.684375 0.03734439834024896 0.053125
0 0.29564315352697096 0.69140625 0.029045643153526972 0.0265625
0 0.4263485477178423 0.75625 0.06016597510373444 0.071875
0 0.7479253112033195 0.6828125 0.03734439834024896 0.05
0 0.44398340248962653 0.70625 0.03112033195020747 0.0296875
0 0.18775933609958506 0.69609375 0.029045643153526972 0.0359375
0 0.3848547717842324 0.70703125 0.03734439834024896 0.0421875
0 0.6556016597510373 0.67734375 0.029045643153526972 0.0484375
0 0.35684647302904565 0.740625 0.024896265560165973 0.0421875
0 0.7605394190871368 0.6975781249999999 0.026804979253112034 0.021765625
