7 0.03359375 0.33541666666666664 0.0671875 0.13958333333333334
7 0.20703125 0.5927083333333333 0.3546875 0.2833333333333333
6 0.41796875 0.44375 0.059375 0.16041666666666668
6 0.54609375 0.453125 0.0484375 0.15416666666666667
2 0.95015625 0.5895833333333333 0.060625 0.16872916666666665
6 0.0796875 0.278125 0.021875 0.09166666666666666
6 0.88125 0.5520833333333334 0.040625 0.16458333333333333
6 0.04453125 0.26458333333333334 0.021875 0.058333333333333334
6 0.5609375 0.2375 0.0125 0.020833333333333332
6 0.33671875 0.25416666666666665 0.0171875 0.0625
6 0.06796875 0.25416666666666665 0.0109375 0.03958333333333333
1 0.415625 0.7625 0.3796875 0.29375
0 0.6875 0.259375 0.2125 0.14791666666666667
1 0.153125 0.40208333333333335 0.259375 0.13541666666666666
1 0.02578125 0.5614583333333333 0.0515625 0.12708333333333333
1 0.53125 0.27395833333333336 0.11875 0.06041666666666667
1 0.89765625 0.24791666666666667 0.053125 0.0375
1 0.971875 0.2625 0.053125 0.04791666666666667
1 0.99140625 0.31979166666666664 0.0171875 0.041666666666666664
1 0.49140625 0.24895833333333334 0.078125 0.03958333333333333
1 0.84296875 0.253125 0.0421875 0.04375
1 0.421875 0.21041666666666667 0.0921875 0.052083333333333336
1 0.8078125 0.2625 0.0375 0.041666666666666664
1 0.4703125 0.234375 0.05625 0.0375
1 0.32890625 0.171875 0.0484375 0.035416666666666666