8 0.32083333333333336 0.7571718749999999 0.11666666666666667 0.040625
4 0.86875 0.7265625 0.16041666666666668 0.0921875
0 0.775 0.9015625 0.24791666666666667 0.196875
0 0.30520833333333336 0.87265625 0.07708333333333334 0.1484375
0 0.010416666666666666 0.85234375 0.020833333333333332 0.115625
0 0.23333333333333334 0.83515625 0.04583333333333333 0.1
1 0.7417708333333334 0.83025 0.17481249999999998 0.149578125
3 0.18645833333333334 0.84921875 0.06041666666666667 0.10625
3 0.900375 0.7880625 0.06533333333333333 0.085515625
0 0.2708333333333333 0.846875 0.0375 0.109375
5 0.13958333333333334 0.76640625 0.14791666666666667 0.10625
4 0.2326666666666667 0.7571718749999999 0.0625 0.0515625
2 0.24895833333333334 0.78515625 0.04375 0.0390625
7 0.36666666666666664 0.78984375 0.14166666666666666 0.05
2 0.28541666666666665 0.7890625 0.04583333333333333 0.025
0 0.7010416666666667 0.79375 0.03125 0.0421875
