2 0.96953125 0.4427083333333333 0.0609375 0.052083333333333336
2 0.228125 0.4552083333333333 0.0609375 0.04375
4 0.5859375 0.4322916666666667 0.55625 0.4083333333333333
0 0.31015625 0.6302083333333334 0.1359375 0.5458333333333333
0 0.890625 0.5291666666666667 0.0890625 0.34375
0 0.8484375 0.5302083333333333 0.053125 0.30625
0 0.17265625 0.640625 0.1109375 0.5208333333333334
0 0.6984375 0.8229166666666666 0.140625 0.3541666666666667
5 0.59453125 0.46458333333333335 0.5515625 0.3333333333333333
0 0.459375 0.3885416666666667 0.0328125 0.0875
2 0.06171875 0.4625 0.1015625 0.05416666666666667
0 0.95390625 0.728125 0.0921875 0.54375
0 0.21328125 0.584375 0.0921875 0.35208333333333336
