0 0.2015625 0.8677083333333333 0.05 0.2
0 0.7640625 0.8864583333333333 0.1390625 0.18541666666666667
0 0.69296875 0.8239583333333333 0.0578125 0.17916666666666667
0 0.740625 0.771875 0.03125 0.125
0 0.82734375 0.7708333333333334 0.0296875 0.10416666666666667
0 0.87421875 0.7614583333333333 0.0265625 0.09375
0 0.91328125 0.7583333333333333 0.021875 0.11041666666666666
0 0.9625 0.778125 0.05625 0.14166666666666666
0 0.7890625 0.7489583333333333 0.028125 0.08958333333333333
0 0.76328125 0.7291666666666666 0.015625 0.07291666666666667
0 0.80859375 0.7697916666666667 0.025 0.12708333333333333
0 0.6640625 0.8895833333333333 0.0625 0.21041666666666667
0 0.065625 0.8583333333333333 0.0546875 0.2125
0 0.715328125 0.7727916666666667 0.028703125000000003 0.11002083333333333
0 0.9321249999999999 0.7682291666666666 0.03265625 0.12760416666666666
0 0.6899375 0.734375 0.01584375 0.05945833333333333
0 0.666015625 0.7552083333333334 0.015015625 0.05602083333333333
0 0.7211875 0.7200624999999999 0.01590625 0.043625000000000004
0 0.78759375 0.7057291666666666 0.015187500000000001 0.03225
0 0.8706093750000001 0.7174583333333333 0.018765625 0.032375
0 0.85840625 0.7643333333333333 0.018234375 0.08375
0 0.016890625 0.8816875 0.033765625 0.20502083333333332
0 0.554984375 0.7729166666666667 0.020390625000000002 0.048604166666666664
0 0.625765625 0.7447708333333334 0.01403125 0.06602083333333333
0 0.19921875 0.44597916666666665 0.023421875 0.03639583333333333
0 0.17740625000000002 0.44116666666666665 0.007671875 0.04622916666666667
