2 0.9 0.8985042735042735 0.2 0.202991452991453
4 0.25078125 0.4967948717948718 0.421875 0.38247863247863245
0 0.803125 0.5096153846153846 0.028125 0.038461538461538464
0 0.97265625 0.6314102564102564 0.0546875 0.1858974358974359
0 0.4265625 0.6004273504273504 0.0703125 0.19230769230769232
0 0.96328125 0.563034188034188 0.04375 0.12606837606837606
0 0.9234375 0.561965811965812 0.0265625 0.12179487179487179
2 0.509375 0.5202991452991453 0.0328125 0.04700854700854701
0 0.8890625 0.5395299145299145 0.025 0.0811965811965812
1 0.425 0.7393162393162394 0.209375 0.5213675213675214
1 0.60390625 0.7510683760683761 0.1671875 0.49786324786324787
1 0.44140625 0.7457264957264957 0.1859375 0.48504273504273504
1 0.8046875 0.7532051282051282 0.14375 0.48717948717948717
1 0.7953125 0.7339743589743589 0.125 0.4465811965811966
1 0.738875 0.6979700854700854 0.09103125 0.34893162393162397
