0 0.7964705882352942 0.5109375 0.01411764705882353 0.01875
2 0.13529411764705881 0.521875 0.06352941176470588 0.0265625
2 0.21764705882352942 0.51640625 0.042352941176470586 0.021875
4 0.5329411764705883 0.50078125 0.06352941176470588 0.046875
5 0.5329411764705883 0.5 0.06588235294117648 0.04375
2 0.24705882352941178 0.51640625 0.021176470588235293 0.015625
2 0.28705882352941176 0.5125 0.021176470588235293 0.015625
2 0.5941176470588235 0.51796875 0.05176470588235294 0.0234375
2 0.5705882352941176 0.51640625 0.03764705882352941 0.0265625
2 0.5011764705882353 0.5125 0.011764705882352941 0.0125
2 0.5505882352941176 0.5125 0.02588235294117647 0.0203125
1 0.3611764705882353 0.66171875 0.48 0.3390625
1 0.8741176470588236 0.51796875 0.06352941176470588 0.0375
