2 0.15352697095435686 0.5703125 0.02074688796680498 0.0046875
2 0.6203319502074689 0.55625 0.01037344398340249 0.003125
2 0.3495850622406639 0.5640625 0.029045643153526972 0.0078125
0 0.24273858921161826 0.68125 0.03319502074688797 0.0421875
0 0.3236514522821577 0.6765625 0.024896265560165973 0.0296875
0 0.3879668049792531 0.70546875 0.04149377593360996 0.034375
0 0.4450207468879668 0.70390625 0.026970954356846474 0.0296875
0 0.5155601659751037 0.70390625 0.03734439834024896 0.0375
0 0.6390041493775933 0.68046875 0.05394190871369295 0.0546875
0 0.7085062240663901 0.69453125 0.04979253112033195 0.078125
0 0.9408713692946058 0.71171875 0.03734439834024896 0.0328125
0 0.6078838174273858 0.67578125 0.03112033195020747 0.0421875
0 0.8734439834024896 0.7078125 0.043568464730290454 0.0453125
0 0.9149377593360996 0.6890625 0.03319502074688797 0.0421875
0 0.8558091286307054 0.671875 0.024896265560165973 0.028125
2 0.15871369294605808 0.565625 0.024896265560165973 0.00625
0 0.8941908713692946 0.671875 0.02074688796680498 0.028125
