0 0.2903981264637002 0.3125 0.13114754098360656 0.275
1 0.16042154566744732 0.33046875 0.1522248243559719 0.2875
0 0.7587822014051522 0.3640625 0.13114754098360656 0.3078125
0 0.06791569086651054 0.496875 0.1358313817330211 0.6296875
0 0.6346604215456675 0.23125 0.09601873536299765 0.1140625
0 0.8079625292740047 0.26015625 0.08430913348946135 0.1453125
1 0.9590163934426229 0.35859375 0.08196721311475409 0.2828125
0 0.05035128805620609 0.214875 0.10070257611241218 0.087546875
0 0.5796252927400468 0.21875 0.0585480093676815 0.0640625
1 0.4613583138173302 0.56796875 0.550351288056206 0.8640625
1 0.8735362997658079 0.34609375 0.16159250585480095 0.2828125
