6 0.059375 0.5843091334894613 0.0734375 0.35362997658079626
6 0.3671875 0.5866510538641686 0.05625 0.2693208430913349
6 0.171875 0.5843091334894613 0.0578125 0.28337236533957844
6 0.29375 0.5866510538641686 0.05625 0.26229508196721313
6 0.7765625 0.5901639344262295 0.0421875 0.2107728337236534
6 0.815625 0.5843091334894613 0.0484375 0.22950819672131148
6 0.128125 0.5901639344262295 0.0421875 0.234192037470726
6 0.01328125 0.5983606557377049 0.0265625 0.28805620608899296
6 0.209375 0.5913348946135831 0.040625 0.24824355971896955
6 0.6890625 0.5866510538641686 0.03125 0.14754098360655737
6 0.24453125 0.585480093676815 0.0328125 0.1873536299765808
6 0.628125 0.5889929742388759 0.0234375 0.11007025761124122
6 0.6640625 0.5843091334894613 0.028125 0.117096018735363
6 0.58359375 0.5070257611241218 0.040625 0.07494145199063232
2 0.91875 0.5866510538641686 0.1453125 0.24121779859484777
2 0.33015625000000004 0.5851990632318501 0.0424375 0.1675409836065574