3 0.2109375 0.8541666666666666 0.096875 0.20625
3 0.9125 0.6854166666666667 0.071875 0.15416666666666667
0 0.696875 0.3333333333333333 0.109375 0.23125
0 0.5625 0.7510416666666667 0.16875 0.47291666666666665
0 0.20703125 0.7302083333333333 0.1046875 0.28125
0 0.81328125 0.6604166666666667 0.0578125 0.18333333333333332
0 0.24921875 0.7541666666666667 0.0640625 0.22916666666666666
2 0.84140625 0.6260416666666667 0.0390625 0.08541666666666667
0 0.13046875 0.634375 0.0734375 0.09375
1 0.5625 0.7552083333333334 0.16875 0.48125
1 0.5390625 0.7645833333333333 0.1578125 0.46458333333333335
