0 0.64765625 0.6341176470588236 0.209375 0.7082352941176471
0 0.2015625 0.5270588235294118 0.08125 0.3905882352941176
0 0.43671875 0.5470588235294118 0.1 0.37176470588235294
0 0.48984375 0.5152941176470588 0.04375 0.25882352941176473
0 0.9546875 0.571764705882353 0.0890625 0.4588235294117647
0 0.37890625 0.5223529411764706 0.0546875 0.3035294117647059
0 0.153125 0.5035294117647059 0.0484375 0.26823529411764707
0 0.91328125 0.5035294117647059 0.0640625 0.26588235294117646
0 0.29609375 0.5188235294117647 0.0765625 0.2917647058823529
0 0.09375 0.49058823529411766 0.0640625 0.24235294117647058
0 0.85703125 0.4764705882352941 0.0703125 0.2188235294117647
0 0.034375 0.48705882352941177 0.0515625 0.24941176470588236
0 0.46328125 0.5341176470588235 0.0484375 0.2235294117647059
