0 0.883 0.7709580838323353 0.008 0.05389221556886228
2 0.158 0.8907185628742516 0.294 0.218562874251497
2 0.328 0.8892215568862275 0.15 0.2215568862275449
2 0.42 0.8637724550898204 0.116 0.16167664670658682
2 0.826 0.7589820359281437 0.024 0.03293413173652695
2 0.583 0.8203592814371258 0.076 0.10479041916167664
2 0.617 0.812874251497006 0.036 0.08682634730538923
2 0.623 0.8008982035928144 0.06 0.09580838323353294
2 0.463 0.8293413173652695 0.13 0.17365269461077845
2 0.547 0.8368263473053892 0.064 0.12574850299401197
2 0.65 0.7934131736526946 0.06 0.09281437125748503
2 0.684 0.7889221556886228 0.036 0.0658682634730539
2 0.711 0.7739520958083832 0.052 0.0748502994011976
0 0.571 0.7604790419161677 0.016 0.023952095808383235
2 0.678 0.7904191616766467 0.02 0.059880239520958084
0 0.943 0.844311377245509 0.088 0.31137724550898205
2 0.77 0.7784431137724551 0.172 0.09580838323353294
