0 0.45390625 0.5479166666666667 0.496875 0.5020833333333333
6 0.0328125 0.7375 0.065625 0.24583333333333332
6 0.8140625 0.6875 0.0765625 0.19375
6 0.9609375 0.70625 0.0765625 0.23333333333333334
6 0.728125 0.665625 0.04375 0.13541666666666666
6 0.84453125 0.6739583333333333 0.0484375 0.175
2 0.1066875 0.680875 0.038828125000000005 0.13258333333333333
6 0.98671875 0.7197916666666667 0.025 0.19166666666666668
6 0.13125 0.6322916666666667 0.0125 0.04375
6 0.15234375 0.634375 0.0140625 0.05625
7 0.1390625 0.625 0.0625 0.052083333333333336
0 0.05078125 0.5895833333333333 0.1 0.17916666666666667