7 0.76484375 0.4791666666666667 0.0953125 0.13125
3 0.94140625 0.6029583333333334 0.1171875 0.3253333333333333
2 0.8765625 0.49895833333333334 0.06875 0.10416666666666667
3 0.88203125 0.5138541666666667 0.0515625 0.14729166666666668
3 0.107375 0.5146041666666666 0.171015625 0.2937083333333333
0 0.2296875 0.55625 0.09375 0.37916666666666665
3 0.825 0.51875 0.065625 0.14375
0 0.65078125 0.4875 0.0484375 0.18125
0 0.01796875 0.5458333333333333 0.0359375 0.4
0 0.1765625 0.4708333333333333 0.065625 0.18541666666666667
0 0.68671875 0.44583333333333336 0.03125 0.0625
0 0.92578125 0.48020833333333335 0.040625 0.06666666666666667
0 0.25546875 0.421875 0.0875 0.16875
2 0.53671875 0.509375 0.203125 0.15416666666666667
2 0.859375 0.465625 0.0359375 0.03958333333333333
2 0.9546875 0.4635416666666667 0.028125 0.027083333333333334
2 0.9109375 0.4635416666666667 0.03125 0.022916666666666665
1 0.77859375 0.4981041666666667 0.05375 0.1661875
