2 0.3875 0.6147540983606558 0.165625 0.20374707259953162
2 0.8890625 0.6288056206088993 0.221875 0.22482435597189696
2 0.4875 0.5702576112412178 0.084375 0.11475409836065574
2 0.5140625 0.5163934426229508 0.034375 0.03981264637002342
2 0.45859375 0.5187353629976581 0.034375 0.03747072599531616
3 0.2034375 0.6457142857142858 0.08442187500000001 0.23784543325526933
4 0.63515625 0.4971896955503513 0.21875 0.3199297423887588
0 0.80859375 0.5257611241217799 0.0375 0.14988290398126464
0 0.84296875 0.5234192037470726 0.0328125 0.1288056206088993
5 0.26328125 0.4964871194379391 0.20625 0.2459016393442623
2 0.4953125 0.5035128805620609 0.0125 0.0117096018735363
0 0.1078125 0.5562060889929742 0.0234375 0.1053864168618267
0 0.0984375 0.5374707259953162 0.015625 0.06557377049180328
2 0.4765625 0.5058548009367682 0.009375 0.01405152224824356
0 0.875 0.5175644028103045 0.04375 0.1288056206088993
1 0.06171875 0.5606557377049181 0.053125 0.12911007025761126
