7 0.31381733021077285 0.40234375 0.10070257611241218 0.0546875
5 0.19531615925058549 0.7180156249999999 0.268711943793911 0.364140625
6 0.9168618266978923 0.64765625 0.12412177985948478 0.1640625
2 0.4531615925058548 0.5469999999999999 0.07494145199063232 0.11865624999999999
2 0.5831381733021077 0.5275000000000001 0.053864168618266976 0.108125
2 0.5281030444964872 0.538734375 0.06557377049180328 0.10873437500000001
2 0.702576112412178 0.483 0.04449648711943794 0.091015625
2 0.639344262295082 0.53771875 0.06557377049180328 0.141046875
6 0.9812646370023419 0.60546875 0.0351288056206089 0.225
2 0.7622950819672131 0.47090624999999997 0.04449648711943794 0.087125
6 0.9637002341920374 0.45 0.03278688524590164 0.053125
6 0.16510538641686182 0.36953125 0.02576112412177986 0.0421875
2 0.7950819672131147 0.46153125 0.0351288056206089 0.07618749999999999
7 0.03629976580796253 0.4671875 0.07259953161592506 0.096875
7 0.08899297423887588 0.45390625 0.117096018735363 0.0828125
1 0.22365339578454332 0.42734375 0.11475409836065574 0.0546875
1 0.16510538641686182 0.44765625 0.07259953161592506 0.0609375
1 0.27634660421545665 0.415625 0.1053864168618267 0.053125
1 0.7822014051522248 0.37109375 0.0702576112412178 0.0265625
7 0.8677049180327868 0.37112500000000004 0.11395784543325527 0.03528125
2 0.8331147540983607 0.448734375 0.035995316159250584 0.07890625