1 0.567703125 0.6548946135831382 0.051046875000000005 0.21142857142857144
1 0.526296875 0.5659484777517564 0.046359375 0.1420608899297424
0 0.53515625 0.509367681498829 0.0140625 0.04215456674473068
0 0.54375 0.509367681498829 0.0125 0.04215456674473068
4 0.22265625 0.4274004683840749 0.4421875 0.765807962529274
2 0.48359375 0.5491803278688525 0.04375 0.06557377049180328
2 0.75 0.5128805620608899 0.05 0.0234192037470726
2 0.83359375 0.5152224824355972 0.0515625 0.0234192037470726
2 0.978125 0.5187353629976581 0.040625 0.0234192037470726
2 0.90625 0.5117096018735363 0.05625 0.01639344262295082
2 0.4515625 0.5117096018735363 0.0234375 0.03044496487119438
2 0.63046875 0.5035128805620609 0.04375 0.03278688524590164
