0 0.1234375 0.9427083333333334 0.0265625 0.0875
0 0.075 0.9427083333333334 0.028125 0.09166666666666666
0 0.28984375 0.9260416666666667 0.0234375 0.09375
0 0.646875 0.9375 0.025 0.08125
1 0.77515625 0.9463541666666667 0.0909375 0.10729166666666666
0 0.72734375 0.9333333333333333 0.0265625 0.0875
0 0.05625 0.93125 0.021875 0.05625
0 0.65703125 0.8822916666666667 0.0109375 0.03125
0 0.928125 0.9083333333333333 0.025 0.052083333333333336
0 0.8890625 0.8833333333333333 0.01875 0.06666666666666667
0 0.73984375 0.9291666666666667 0.015625 0.07083333333333333
0 0.78828125 0.9229166666666667 0.0171875 0.05416666666666667
0 0.85078125 0.9208333333333333 0.0234375 0.04375
