3 0.01640625 0.6888888888888889 0.0328125 0.1361111111111111
3 0.07890625 0.6930555555555555 0.121875 0.1638888888888889
0 0.459375 0.4986111111111111 0.5875 0.7833333333333333
6 0.78125 0.7125 0.0359375 0.14444444444444443
6 0.81015625 0.7152777777777778 0.01875 0.1361111111111111
2 0.898234375 0.7229722222222221 0.08149999999999999 0.19872222222222224
6 0.8296875 0.7138888888888889 0.0234375 0.1638888888888889
6 0.8484375 0.7097222222222223 0.025 0.15
6 0.93828125 0.6805555555555556 0.028125 0.125
6 0.86171875 0.7027777777777777 0.0234375 0.1388888888888889
1 0.95703125 0.8125 0.084375 0.36944444444444446