6 0.06484375 0.6197183098591549 0.128125 0.392018779342723
6 0.5390625 0.45422535211267606 0.071875 0.2535211267605634
6 0.3625 0.7934272300469484 0.2953125 0.3967136150234742
6 0.64140625 0.5082159624413145 0.0875 0.38497652582159625
6 0.71640625 0.4694835680751174 0.0671875 0.20657276995305165
6 0.20078125 0.505868544600939 0.0671875 0.22535211267605634
6 0.3859375 0.392018779342723 0.08125 0.4131455399061033
6 0.0390625 0.24647887323943662 0.034375 0.05868544600938967
6 0.20703125 0.25 0.034375 0.11032863849765258
6 0.08125 0.25938967136150237 0.03125 0.046948356807511735
6 0.4203125 0.4518779342723005 0.04375 0.18544600938967137
6 0.10234375 0.25938967136150237 0.01875 0.03990610328638498
6 0.065625 0.24061032863849766 0.025 0.056338028169014086
2 0.321875 0.3755868544600939 0.2078125 0.45305164319248825
6 0.3074375 0.7906572769953052 0.3501875 0.4186619718309859