0 0.5328125 0.6206088992974239 0.046875 0.14285714285714285
0 0.35078125 0.6229508196721312 0.0375 0.117096018735363
0 0.3015625 0.6264637002341921 0.0328125 0.14285714285714285
0 0.43671875 0.5936768149882904 0.0171875 0.06557377049180328
0 0.42421875 0.5831381733021077 0.0171875 0.10070257611241218
0 0.75625 0.5843091334894613 0.0234375 0.09133489461358314
0 0.85625 0.5702576112412178 0.0109375 0.01873536299765808
0 0.478125 0.5737704918032787 0.0125 0.0585480093676815
0 0.56328125 0.5573770491803278 0.01875 0.04918032786885246
0 0.940625 0.5761124121779859 0.025 0.07259953161592506
0 0.49453125 0.6065573770491803 0.021875 0.03747072599531616
0 0.1640625 0.5807962529274004 0.0140625 0.0585480093676815
1 0.57421875 0.6007025761124122 0.0515625 0.09601873536299765
0 0.2548828125 0.5734045667447307 0.012054443359375 0.04848507025761124
0 0.23828125 0.5748682669789227 0.010528564453125 0.04368230386416862
0 0.2469482421875 0.5756001170960188 0.00818634033203125 0.03796472482435597
0 0.92626953125 0.5792593676814989 0.01507568359375 0.07254464285714286
0 0.93408203125 0.4325234192037471 0.01666259765625 0.05635245901639344
0 0.9560546875 0.4354508196721312 0.01495361328125 0.04452850556206089
0 0.96875 0.5810889929742389 0.01666259765625 0.053196355386416865
0 0.15380859375 0.587675644028103 0.011505126953125 0.0509093237704918
0 0.87646484375 0.4486241217798595 0.00803375244140625 0.050268954918032786
0 0.984375 0.5821867681498829 0.019500732421875 0.06659836065573771
0 0.281005859375 0.5660860655737705 0.01073455810546875 0.024311146077283373
0 0.7080078125 0.48960772833723654 0.00989532470703125 0.03883379683840749
0 0.408935546875 0.5788934426229508 0.0125732421875 0.046769796545667444
