4 0.915625 0.37604166666666666 0.125 0.16458333333333333
0 0.96796875 0.4083333333333333 0.0296875 0.0875
0 0.78515625 0.4322916666666667 0.0171875 0.06041666666666667
0 0.64375 0.428125 0.0125 0.06458333333333334
0 0.63359375 0.43020833333333336 0.0125 0.058333333333333334
0 0.80390625 0.4375 0.015625 0.04583333333333333
0 0.8140625 0.4375 0.0140625 0.04583333333333333
0 0.7625 0.43020833333333336 0.0109375 0.052083333333333336
0 0.659375 0.43645833333333334 0.015625 0.052083333333333336
0 0.653125 0.440625 0.0125 0.04375
1 0.61171875 0.53325 0.0734375 0.31024999999999997
