6 0.687 0.7394578313253012 0.128 0.35843373493975905
6 0.615 0.7530120481927711 0.048 0.17771084337349397
6 0.135 0.7695783132530121 0.022 0.08734939759036145
6 0.013 0.8433734939759037 0.026 0.08132530120481928
6 0.99 0.733433734939759 0.018 0.06927710843373494
2 0.95174 0.7382228915662651 0.05004 0.07286144578313253
2 0.84988 0.7412650602409638 0.05398 0.0819277108433735
6 0.015 0.641566265060241 0.03 0.06626506024096386
1 0.81 0.7424698795180723 0.068 0.0391566265060241
1 0.226 0.7710843373493976 0.084 0.045180722891566265
1 0.486 0.7560240963855421 0.052 0.02710843373493976
1 0.149 0.7725903614457831 0.072 0.04216867469879518
1 0.401 0.7605421686746988 0.032 0.024096385542168676
1 0.029 0.7801204819277109 0.042 0.030120481927710843