7 0.0734375 0.4479166666666667 0.146875 0.21666666666666667
2 0.531515625 0.5149374999999999 0.656765625 0.9625
6 0.0703125 0.48020833333333335 0.05 0.20833333333333334
6 0.21015625 0.3614583333333333 0.04375 0.08333333333333333
6 0.14609375 0.44375 0.05 0.09166666666666666
6 0.321875 0.475 0.0515625 0.15625
6 0.34921875 0.40208333333333335 0.046875 0.13541666666666666
6 0.0640625 0.34375 0.021875 0.027083333333333334
6 0.8625 0.41458333333333336 0.03125 0.1
2 0.21328125 0.4947916666666667 0.1359375 0.22708333333333333
5 0.83203125 0.425 0.084375 0.1