6 0.3421875 0.5729411764705883 0.2078125 0.8329411764705882
6 0.6046875 0.6070588235294118 0.215625 0.7670588235294118
6 0.47578125 0.5964705882352941 0.090625 0.548235294117647
6 0.03203125 0.26588235294117646 0.03125 0.10823529411764705
6 0.98828125 0.2647058823529412 0.021875 0.11529411764705882
6 0.88828125 0.25176470588235295 0.021875 0.08235294117647059
6 0.74375 0.24823529411764705 0.015625 0.06823529411764706
6 0.67109375 0.24705882352941178 0.015625 0.06352941176470588
6 0.8078125 0.2411764705882353 0.01875 0.058823529411764705
6 0.13671875 0.21529411764705883 0.0234375 0.05647058823529412
6 0.01796875 0.21411764705882352 0.0203125 0.05411764705882353
6 0.69296875 0.24823529411764705 0.0171875 0.0611764705882353
6 0.50625 0.23529411764705882 0.0140625 0.05411764705882353
6 0.8703125 0.22588235294117648 0.0140625 0.03294117647058824
6 0.5328125 0.23529411764705882 0.009375 0.05411764705882353
6 0.9046875 0.23411764705882354 0.0125 0.042352941176470586
6 0.85546875 0.23176470588235293 0.0125 0.04941176470588235
6 0.467703125 0.23423529411764704 0.012765625 0.04990588235294118
2 0.819796875 0.2475529411764706 0.039578125 0.07668235294117648