0 0.88984375 0.8341121495327103 0.1265625 0.3317757009345794
0 0.1578125 0.8002336448598131 0.0953125 0.3691588785046729
0 0.30859375 0.7955607476635514 0.0828125 0.3621495327102804
0 0.2578125 0.8049065420560748 0.0578125 0.3247663551401869
0 0.37734375 0.7616822429906542 0.0703125 0.2616822429906542
0 0.75078125 0.8376168224299065 0.1265625 0.3014018691588785
0 0.9328125 0.7885514018691588 0.03125 0.12850467289719625
0 0.10703125 0.7535046728971962 0.1734375 0.48130841121495327
0 0.684375 0.7651869158878505 0.0390625 0.1308411214953271
0 0.6640625 0.7920560747663551 0.0421875 0.06074766355140187
0 0.03125 0.7733644859813084 0.0625 0.4158878504672897
0 0.5109375 0.6997663551401869 0.2984375 0.5747663551401869
0 0.55859375 0.7628504672897196 0.8796875 0.4696261682242991
1 0.96640625 0.883177570093458 0.0609375 0.1705607476635514
