6 0.39921875 0.5188235294117647 0.209375 0.6894117647058824
6 0.01875 0.49529411764705883 0.0375 0.16705882352941176
6 0.178125 0.4611764705882353 0.05625 0.12470588235294118
6 0.10703125 0.48705882352941177 0.05 0.13647058823529412
6 0.93359375 0.45529411764705885 0.13125 0.2447058823529412
6 0.76640625 0.4447058823529412 0.0875 0.28941176470588237
6 0.83203125 0.4764705882352941 0.15 0.2635294117647059
6 0.71015625 0.6141176470588235 0.0890625 0.6235294117647059
6 0.13984375 0.4788235294117647 0.025 0.12470588235294118
6 0.659375 0.3870588235294118 0.0453125 0.09411764705882353
6 0.86953125 0.3458823529411765 0.046875 0.05647058823529412
6 0.53671875 0.4258823529411765 0.0296875 0.0611764705882353
1 0.23046875 0.48705882352941177 0.065625 0.09176470588235294