3 0.58828125 0.465625 0.5625 0.35
6 0.309375 0.6291666666666667 0.1359375 0.55
6 0.6984375 0.821875 0.140625 0.35625
6 0.9546875 0.73125 0.0890625 0.5333333333333333
6 0.16875 0.6458333333333334 0.1125 0.525
6 0.2125 0.584375 0.0921875 0.36041666666666666
6 0.8484375 0.5302083333333333 0.0625 0.3125
2 0.900390625 0.6785 0.19921875 0.44297916666666665
1 0.96875 0.44479166666666664 0.0625 0.05
1 0.0671875 0.4666666666666667 0.0921875 0.05625
1 0.228125 0.45729166666666665 0.05625 0.04375
6 0.88734375 0.53525 0.0846875 0.35533333333333333