2 0.740625 0.67018779342723 0.5140625 0.6009389671361502
0 0.0703125 0.6854460093896714 0.140625 0.3685446009389671
0 0.20234375 0.6161971830985915 0.0640625 0.31220657276995306
0 0.07421875 0.5633802816901409 0.046875 0.176056338028169
0 0.1046875 0.5586854460093896 0.025 0.14084507042253522
0 0.15546875 0.5387323943661971 0.03125 0.12206572769953052
0 0.33125 0.5387323943661971 0.0203125 0.11737089201877934
0 0.44921875 0.5786384976525821 0.059375 0.284037558685446
0 0.7 0.5704225352112676 0.06875 0.08450704225352113
0 0.40859375 0.5129107981220657 0.0203125 0.08450704225352113
0 0.25859375 0.5586854460093896 0.0453125 0.17370892018779344
0 0.528125 0.5046948356807511 0.025 0.07746478873239436
0 0.37421875 0.5856807511737089 0.0578125 0.24178403755868544
5 0.22421875 0.48708920187793425 0.1796875 0.18544600938967137
1 0.13515625 0.5821596244131455 0.1 0.18779342723004694
