0 0.75703125 0.23903966597077245 0.040625 0.18580375782881003
0 0.81640625 0.23695198329853862 0.0421875 0.13778705636743216
0 0.73359375 0.2453027139874739 0.028125 0.16075156576200417
0 0.6609375 0.2056367432150313 0.025 0.1127348643006263
0 0.353125 0.22755741127348644 0.04375 0.11899791231732777
0 0.2453125 0.22129436325678498 0.0234375 0.09603340292275574
0 0.05546875 0.22025052192066805 0.0203125 0.0709812108559499
0 0.896875 0.23382045929018788 0.04375 0.16910229645093947
0 0.84765625 0.2359081419624217 0.040625 0.16701461377870563
0 0.39609375 0.22233820459290188 0.0203125 0.1022964509394572
0 0.37578125 0.20876826722338204 0.021875 0.07306889352818371
1 0.534375 0.5208768267223383 0.6796875 0.9123173277661796
