0 0.653125 0.8854166666666666 0.0609375 0.22916666666666666
0 0.2015625 0.8895833333333333 0.0640625 0.21875
1 0.490625 0.85875 0.0965625 0.13458333333333333
0 0.25234375 0.8395833333333333 0.040625 0.13125
0 0.29140625 0.890625 0.0578125 0.21666666666666667
0 0.33046875 0.8625 0.04375 0.15625
0 0.39375 0.8552083333333333 0.0359375 0.15208333333333332
0 0.165625 0.84375 0.028125 0.0875
0 0.3484375 0.8197916666666667 0.0234375 0.07291666666666667
0 0.36796875 0.8208333333333333 0.015625 0.06458333333333334
0 0.3859375 0.8270833333333333 0.0171875 0.05625
0 0.12421875 0.853125 0.025 0.06041666666666667
0 0.2390625 0.8447916666666667 0.01875 0.11458333333333333
0 0.27265625 0.8041666666666667 0.015625 0.041666666666666664
7 0.54921875 0.84375 0.0984375 0.1125
2 0.5984375 0.80625 0.0578125 0.06458333333333334
2 0.471875 0.8208333333333333 0.046875 0.06458333333333334
