4 0.6772805507745266 0.43130434782608695 0.6402753872633391 0.20869565217391303
1 0.23332185886402754 0.6384521739130435 0.07075731497418244 0.2699304347826087
0 0.42512908777969016 0.2808695652173913 0.025817555938037865 0.050434782608695654
0 0.46987951807228917 0.2817391304347826 0.0189328743545611 0.04869565217391304
1 0.16006884681583478 0.6295652173913043 0.09294320137693632 0.3095652173913043
1 0.31497418244406195 0.6547826086956522 0.12564543889845095 0.3391304347826087
2 0.6824440619621343 0.5234782608695652 0.2685025817555938 0.1373913043478261
4 0.14629948364888123 0.44782608695652176 0.2874354561101549 0.24869565217391304
7 0.9070567986230637 0.5226086956521739 0.18588640275387264 0.17043478260869566
2 0.5180722891566265 0.30434782608695654 0.0981067125645439 0.05565217391304348
4 0.32960413080895007 0.4295652173913043 0.09982788296041308 0.1791304347826087
7 0.7908777969018933 0.45565217391304347 0.1566265060240964 0.07652173913043478
2 0.8192771084337349 0.49391304347826087 0.08950086058519793 0.06608695652173913
4 0.14199655765920827 0.2773913043478261 0.1359724612736661 0.10260869565217391
