7 0.53359375 0.30416666666666664 0.0984375 0.11666666666666667
5 0.425 0.2708333333333333 0.140625 0.27291666666666664
8 0.5171875 0.4822916666666667 0.1578125 0.24166666666666667
2 0.5875 0.7416666666666667 0.3203125 0.38333333333333336
1 0.2884375 0.77625 0.10500000000000001 0.3295833333333333
0 0.0890625 0.7614583333333333 0.08125 0.33125
0 0.03125 0.7729166666666667 0.059375 0.3020833333333333
0 0.2359375 0.4708333333333333 0.034375 0.13125
0 0.27890625 0.45416666666666666 0.0375 0.14791666666666667
0 0.23125 0.4 0.034375 0.07083333333333333
0 0.26328125 0.34791666666666665 0.0328125 0.06875
0 0.28828125 0.365625 0.0265625 0.06875
0 0.2640625 0.4 0.025 0.08958333333333333
0 0.25078125 0.30520833333333336 0.0296875 0.11458333333333333
0 0.80078125 0.365625 0.03125 0.125
0 0.30625 0.34791666666666665 0.0296875 0.07916666666666666
0 0.28203125 0.240625 0.021875 0.06875
4 0.94296875 0.28541666666666665 0.1140625 0.20416666666666666
4 0.8015625 0.23020833333333332 0.1421875 0.27708333333333335
4 0.62109375 0.10104166666666667 0.09375 0.18125
4 0.39296875 0.19375 0.11875 0.2791666666666667
2 0.93671875 0.6489583333333333 0.1265625 0.16666666666666666
2 0.79140625 0.5125 0.1015625 0.16666666666666666
2 0.71328125 0.346875 0.1 0.13125
4 0.89765625 0.28854166666666664 0.1703125 0.2916666666666667
2 0.7046875 0.225 0.0609375 0.09375
2 0.88203125 0.5645833333333333 0.125 0.17916666666666667
2 0.946875 0.5395833333333333 0.1046875 0.07083333333333333
2 0.96875 0.75625 0.0609375 0.14375
2 0.52109375 0.146875 0.0671875 0.075
4 0.92421875 0.4479166666666667 0.1 0.12708333333333333
0 0.5275000000000001 0.16116666666666665 0.0325 0.0701875
0 0.25890625 0.18197916666666666 0.0228125 0.07852083333333333
0 0.24 0.25695833333333334 0.03 0.06525
