1 0.32734375 0.5395833333333333 0.1578125 0.5125
4 0.1625 0.39375 0.3234375 0.33125
1 0.83203125 0.615625 0.334375 0.7625
1 0.4296875 0.6104166666666667 0.259375 0.7666666666666667
1 0.30078125 0.4739583333333333 0.046875 0.30625
1 0.69765625 0.41041666666666665 0.065625 0.21041666666666667
1 0.275 0.465625 0.0453125 0.2604166666666667
1 0.58203125 0.39443750000000005 0.034375 0.17639583333333334
1 0.52734375 0.4267291666666667 0.0921875 0.3826458333333333
1 0.090625 0.49895833333333334 0.1484375 0.325
1 0.6421875 0.5125 0.0875 0.375
1 0.22265625 0.46875 0.075 0.25416666666666665
4 0.65703125 0.31875 0.228125 0.10208333333333333
