6 0.171 0.6373333333333333 0.246 0.7253333333333334
6 0.363 0.5506666666666666 0.048 0.2
2 0.54446 0.5290133333333333 0.04692 0.12472000000000001
2 0.45262 0.5285066666666667 0.03324 0.11834666666666667
2 0.48424 0.52368 0.03046 0.09269333333333332
2 0.645 0.5330133333333333 0.026 0.10338666666666667
2 0.674 0.5321066666666666 0.028 0.10424000000000001
2 0.7498400000000001 0.5344533333333333 0.039700000000000006 0.17557333333333333
2 0.96084 0.5748533333333333 0.05262 0.20037333333333335
6 0.858 0.5373333333333333 0.024 0.08533333333333333
6 0.874 0.5373333333333333 0.02 0.08266666666666667
6 0.422 0.5093333333333333 0.028 0.056
6 0.814 0.5253333333333333 0.016 0.06133333333333333
1 0.619 0.5226666666666666 0.032 0.048
1 0.513 0.5106666666666667 0.024 0.02666666666666667
0 0.16906000000000002 0.50072 0.33814 0.9985333333333333
0 0.36025999999999997 0.46424 0.04302 0.24496