0 0.734375 0.7552693208430913 0.290625 0.4894613583138173
0 0.45234375 0.65807962529274 0.0203125 0.08430913348946135
0 0.8609375 0.6639344262295082 0.025 0.08196721311475409
0 0.48984375 0.667447306791569 0.0203125 0.08196721311475409
2 0.54765625 0.6311475409836066 0.028125 0.03044496487119438
2 0.50546875 0.6311475409836066 0.0203125 0.02107728337236534
2 0.475 0.6440281030444965 0.0328125 0.04449648711943794
2 0.9421875 0.6487119437939111 0.115625 0.07259953161592506
5 0.62421875 0.6381733021077284 0.040625 0.053864168618266976
0 0.41484375 0.6264637002341921 0.009375 0.02810304449648712
0 0.4296875 0.6252927400468384 0.0078125 0.02810304449648712
0 0.84765625 0.6498829039812647 0.009375 0.053864168618266976
2 0.76484375 0.6697892271662763 0.171875 0.11943793911007025
2 0.53671875 0.6252927400468384 0.0390625 0.02810304449648712
1 0.58828125 0.65807962529274 0.021875 0.08196721311475409
