0 0.54609375 0.3840749414519906 0.0453125 0.20843091334894615
0 0.575 0.3875878220140515 0.028125 0.1756440281030445
0 0.43828125 0.405152224824356 0.03125 0.12646370023419204
0 0.6484375 0.40046838407494145 0.0421875 0.1990632318501171
0 0.234375 0.41569086651053866 0.0140625 0.05152224824355972
1 0.1515625 0.40749414519906324 0.0171875 0.06557377049180328
0 0.5140625 0.4016393442622951 0.0203125 0.10772833723653395
1 0.25234375 0.4082201405152225 0.0171875 0.07402810304449649
0 0.13515625 0.4098360655737705 0.0140625 0.04449648711943794
7 0.18515625 0.4098360655737705 0.0359375 0.04215456674473068
2 0.40859375 0.4203747072599532 0.0453125 0.03044496487119438
2 0.20078125 0.4098360655737705 0.0265625 0.0351288056206089
