4 0.48203125 0.5761124121779859 0.3703125 0.6370023419203747
0 0.24609375 0.8185011709601874 0.0125 0.03044496487119438
0 0.07109375 0.8208430913348946 0.01875 0.0351288056206089
0 0.5921875 0.6733021077283372 0.0484375 0.06557377049180328
0 0.1578125 0.8021077283372365 0.0171875 0.0468384074941452
0 0.29609375 0.8208430913348946 0.009375 0.02810304449648712
0 0.0578125 0.8021077283372365 0.009375 0.04215456674473068
0 0.478125 0.3770491803278688 0.05625 0.08899297423887588
0 0.43125 0.3864168618266979 0.03125 0.06791569086651054
0 0.6 0.39227166276346603 0.0515625 0.07962529274004684
0 0.278125 0.819672131147541 0.0109375 0.02810304449648712
0 0.26484375 0.819672131147541 0.0125 0.02810304449648712
0 0.26015625 0.8021077283372365 0.0078125 0.03747072599531616
1 0.20078125 0.8044496487119438 0.0390625 0.06323185011709602
