2 0.071875 0.6145833333333334 0.1421875 0.7625
2 0.309734375 0.6615208333333332 0.13664062500000002 0.306375
2 0.19453125 0.6452083333333333 0.090625 0.3154375
2 0.560828125 0.6772291666666667 0.04240625 0.1440625
2 0.5025625 0.6765833333333333 0.0558125 0.17816666666666667
2 0.612828125 0.6886458333333334 0.038390625 0.14814583333333334
6 0.2640625 0.64375 0.0296875 0.13333333333333333
2 0.75625 0.6832499999999999 0.0296875 0.11858333333333333
2 0.377453125 0.6663541666666667 0.046640625000000005 0.168125
2 0.809375 0.687125 0.0296875 0.1055
6 0.42734375 0.65 0.0234375 0.0875
2 0.53390625 0.6672083333333333 0.036859375 0.13022916666666667
2 0.69140625 0.684375 0.04375 0.10625
6 0.46484375 0.6479166666666667 0.021875 0.08541666666666667
2 0.638 0.6780416666666667 0.028687499999999998 0.12897916666666667
6 0.06953125 0.646875 0.0296875 0.10833333333333334
6 0.4078125 0.65 0.01875 0.09166666666666666
6 0.8609375 0.66875 0.01875 0.06458333333333334
2 0.65859375 0.684375 0.028125 0.1
6 0.875 0.6729166666666667 0.015625 0.05625
6 0.84296875 0.6666666666666666 0.0171875 0.06666666666666667
1 0.97421875 0.68125 0.0515625 0.035416666666666666
2 0.7408750000000001 0.6896666666666668 0.016468749999999997 0.09802083333333332
2 0.7718906249999999 0.6844166666666667 0.015046875000000001 0.09543750000000001