6 0.3140625 0.6569086651053864 0.1078125 0.39344262295081966
6 0.4015625 0.639344262295082 0.1 0.4379391100702576
2 0.520828125 0.5925058548009368 0.080734375 0.35126463700234195
6 0.46484375 0.47892271662763464 0.015625 0.06323185011709602
6 0.0203125 0.6065573770491803 0.040625 0.21779859484777517
6 0.571875 0.4297423887587822 0.021875 0.06323185011709602
6 0.2078125 0.3442622950819672 0.0125 0.06088992974238876
6 0.61171875 0.4016393442622951 0.0140625 0.05620608899297424
6 0.56328125 0.35714285714285715 0.015625 0.05152224824355972
6 0.58359375 0.39344262295081966 0.015625 0.06323185011709602
6 0.49296875 0.4449648711943794 0.0140625 0.0585480093676815
6 0.59609375 0.3594847775175644 0.0125 0.0585480093676815
6 0.35703125 0.3325526932084309 0.0125 0.05152224824355972
6 0.47890625 0.4765807962529274 0.0171875 0.053864168618266976