6 0.4359375 0.37916666666666665 0.0234375 0.11041666666666666
6 0.17734375 0.3104166666666667 0.01875 0.052083333333333336
6 0.721875 0.3177083333333333 0.0140625 0.05625
6 0.253125 0.409375 0.0234375 0.0625
6 0.1421875 0.30520833333333336 0.0171875 0.03333333333333333
6 0.11171875 0.3104166666666667 0.0171875 0.06875
6 0.81015625 0.409375 0.021875 0.05
6 0.28125 0.3770833333333333 0.0171875 0.025
6 0.04765625 0.321875 0.0171875 0.07916666666666666
6 0.73203125 0.3875 0.01875 0.03333333333333333
1 0.2421875 0.4197916666666667 0.0984375 0.09375
1 0.35 0.44895833333333335 0.1453125 0.1125