0 0.60859375 0.43707093821510296 0.28125 0.28832951945080093
1 0.46953125 0.8054919908466819 0.03125 0.10755148741418764
0 0.2015625 0.8009153318077803 0.0203125 0.06407322654462243
0 0.9765625 0.7048054919908466 0.021875 0.13272311212814644
0 0.1640625 0.7929061784897025 0.01875 0.07322654462242563
0 0.36953125 0.8203661327231121 0.0171875 0.043478260869565216
1 0.53203125 0.8043478260869565 0.0171875 0.07093821510297482
0 0.92890625 0.7459954233409611 0.0140625 0.06864988558352403
1 0.5125 0.7951945080091534 0.0765625 0.12814645308924486
1 0.425 0.8089244851258581 0.0609375 0.09839816933638444
0 0.861890625 0.7552631578947369 0.0160625 0.037917620137299775
