3 0.70546875 0.5614583333333333 0.2578125 0.34375
3 0.82890625 0.684375 0.3421875 0.6104166666666667
3 0.5859375 0.4010416666666667 0.08125 0.2125
3 0.5734375 0.8145833333333333 0.3140625 0.37083333333333335
3 0.25703125 0.428125 0.1203125 0.17291666666666666
3 0.05859375 0.63125 0.1171875 0.34375
3 0.515625 0.37604166666666666 0.03125 0.11875
0 0.74609375 0.41458333333333336 0.1875 0.24166666666666667
0 0.97421875 0.34791666666666665 0.05 0.16666666666666666
0 0.2 0.2833333333333333 0.028125 0.09791666666666667
0 0.47578125 0.37604166666666666 0.0875 0.23958333333333334
0 0.0390625 0.296875 0.0375 0.08958333333333333
3 0.91328125 0.3541666666666667 0.08125 0.16875
3 0.17578125 0.4895833333333333 0.1171875 0.19583333333333333
3 0.465625 0.434375 0.06875 0.11666666666666667
0 0.32421875 0.24479166666666666 0.0265625 0.052083333333333336
0 0.5015625 0.28020833333333334 0.0234375 0.0625
0 0.52734375 0.26875 0.021875 0.06458333333333334
0 0.76796875 0.315625 0.0453125 0.17708333333333334
0 0.95390625 0.24583333333333332 0.0234375 0.03333333333333333
3 0.959375 0.49895833333333334 0.08125 0.14791666666666667
3 0.16640625 0.7791666666666667 0.3328125 0.44166666666666665
0 0.3453125 0.28854166666666664 0.040625 0.07916666666666666
3 0.1140625 0.421875 0.0921875 0.19166666666666668
0 0.23671875 0.2635416666666667 0.028125 0.05
1 0.38359375 0.5583333333333333 0.35 0.55
