6 0.38984375 0.18032786885245902 0.3859375 0.3583138173302108
6 0.6828125 0.20608899297423888 0.0203125 0.117096018735363
2 0.80859375 0.24276346604215457 0.075515625 0.14908665105386415
6 0.54296875 0.23185011709601874 0.021875 0.04918032786885246
6 0.57734375 0.2306791569086651 0.0234375 0.0468384074941452
6 0.5234375 0.23185011709601874 0.0171875 0.053864168618266976
6 0.640625 0.22950819672131148 0.0234375 0.0468384074941452
6 0.859375 0.23536299765807964 0.025 0.1053864168618267
6 0.78828125 0.20491803278688525 0.01875 0.08899297423887588
6 0.41796875 0.24707259953161592 0.0171875 0.03981264637002342
6 0.95859375 0.22365339578454332 0.015625 0.0702576112412178