2 0.0765625 0.846875 0.153125 0.12708333333333333
2 0.1328125 0.803125 0.0390625 0.0375
2 0.3625 0.81875 0.0453125 0.041666666666666664
0 0.2015625 0.89375 0.1109375 0.2125
0 0.7921875 0.83125 0.0390625 0.03958333333333333
0 0.36015625 0.8260416666666667 0.01875 0.04583333333333333
0 0.29140625 0.825 0.015625 0.04791666666666667
0 0.30234375 0.815625 0.0109375 0.041666666666666664
0 0.25390625 0.828125 0.015625 0.06041666666666667
2 0.10625 0.809375 0.028125 0.016666666666666666
0 0.11796875 0.7177083333333333 0.00625 0.03333333333333333
0 0.8953125 0.84375 0.021875 0.06875
0 0.15078125 0.9083333333333333 0.0859375 0.18125
1 0.42578125 0.840625 0.021875 0.08541666666666667
1 0.36015625 0.8375 0.01875 0.06875
1 0.32421875 0.8395833333333333 0.0328125 0.07291666666666667
0 0.2335205078125 0.82421875 0.0184783935546875 0.057698567708333336
0 0.310546875 0.8229166666666666 0.01348114013671875 0.0462646484375
