0 0.802 0.5810055865921788 0.13 0.5195530726256983
0 0.572 0.5921787709497207 0.102 0.5139664804469274
0 0.384 0.611731843575419 0.08 0.4720670391061452
0 0.19 0.5949720670391061 0.106 0.5223463687150838
0 0.239 0.5824022346368715 0.08 0.4776536312849162
0 0.423 0.40502793296089384 0.07 0.12849162011173185
0 0.133 0.6047486033519553 0.094 0.505586592178771
0 0.62 0.5977653631284916 0.054 0.4301675977653631
0 0.87 0.6229050279329609 0.088 0.4692737430167598
0 0.08 0.6606145251396648 0.16 0.6145251396648045
0 0.438 0.61731843575419 0.062 0.36312849162011174
1 0.311 0.6075418994413407 0.128 0.5418994413407822
1 0.696 0.6201117318435754 0.126 0.5139664804469274
1 0.49 0.6145251396648045 0.116 0.5195530726256983
