6 0.9554865424430642 0.1390625 0.07246376811594203 0.0796875
6 0.039337474120082816 0.13671875 0.043478260869565216 0.075
6 0.9813664596273292 0.13046875 0.026915113871635612 0.0609375
6 0.9316770186335404 0.11875 0.020703933747412008 0.0421875
2 0.16459627329192547 0.315625 0.2153209109730849 0.584375
1 0.8095238095238095 0.15 0.20082815734989648 0.1125
1 0.4523809523809524 0.128125 0.13664596273291926 0.0640625
1 0.5797101449275363 0.121875 0.10144927536231885 0.0546875
1 0.6790890269151139 0.10625 0.035196687370600416 0.0171875
1 0.6262939958592133 0.09921875 0.037267080745341616 0.03125
1 0.5165631469979296 0.10859375 0.035196687370600416 0.0265625
1 0.7163561076604554 0.10546875 0.031055900621118012 0.0171875
1 0.8012422360248447 0.090625 0.053830227743271224 0.0125