1 0.234640625 0.76 0.313015625 0.48
0 0.1046875 0.7741176470588236 0.109375 0.38588235294117645
1 0.38984375 0.6329411764705882 0.1140625 0.3952941176470588
0 0.03828125 0.7129411764705882 0.0765625 0.3552941176470588
0 0.84609375 0.3764705882352941 0.0734375 0.19058823529411764
0 0.4859375 0.5047058823529412 0.0375 0.2376470588235294
0 0.16875 0.6129411764705882 0.05625 0.28941176470588237
0 0.31015625 0.5447058823529412 0.065625 0.17882352941176471
0 0.553125 0.4823529411764706 0.0328125 0.17411764705882352
0 0.209375 0.66 0.059375 0.25176470588235295
0 0.13203125 0.6305882352941177 0.06875 0.22823529411764706
0 0.78984375 0.38 0.05625 0.14352941176470588
0 0.36640625 0.508235294117647 0.05 0.2188235294117647
0 0.75859375 0.3764705882352941 0.040625 0.11294117647058824
0 0.23515625 0.52 0.05 0.13647058823529412
0 0.090625 0.5341176470588235 0.0453125 0.11058823529411765
0 0.44453125 0.48470588235294115 0.0328125 0.13176470588235295
0 0.51015625 0.4894117647058824 0.03125 0.20470588235294118
0 0.71171875 0.3764705882352941 0.0421875 0.09411764705882353
0 0.27734375 0.4776470588235294 0.0359375 0.09176470588235294
2 0.1140625 0.44 0.159375 0.07058823529411765
0 0.021796875 0.5278588235294118 0.04359375 0.1092705882352941
0 0.1594375 0.4328 0.044609375 0.07185882352941177
