3 0.18671875 0.6760925449871465 0.253125 0.2879177377892031
0 0.16328125 0.596401028277635 0.05625 0.3393316195372751
0 0.3578125 0.6195372750642674 0.1046875 0.2133676092544987
0 0.45078125 0.6079691516709511 0.0921875 0.17480719794344474
0 0.8109375 0.5642673521850899 0.0640625 0.20565552699228792
0 0.50234375 0.512853470437018 0.0515625 0.1928020565552699
0 0.57421875 0.5 0.0359375 0.08740359897172237
0 0.65078125 0.4652956298200514 0.0296875 0.061696658097686374
0 0.53515625 0.5077120822622108 0.046875 0.09768637532133675
0 0.3796875 0.5115681233933161 0.0390625 0.12853470437017994
0 0.34765625 0.4691516709511568 0.025 0.09511568123393316
1 0.81015625 0.5719794344473008 0.1609375 0.2210796915167095
1 0.50703125 0.5167095115681234 0.1109375 0.19794344473007713
1 0.65390625 0.4755784061696658 0.0609375 0.08226221079691516
1 0.34140625 0.4691516709511568 0.0375 0.09768637532133675
