3 0.925 0.6124121779859485 0.15 0.34660421545667447
2 0.965625 0.7505854800936768 0.06875 0.49882903981264637
6 0.77109375 0.6030444964871194 0.021875 0.09836065573770492
6 0.58359375 0.5807962529274004 0.0171875 0.08430913348946135
6 0.05625 0.5339578454332553 0.021875 0.09133489461358314
2 0.11770312499999999 0.5690866510538641 0.022921875 0.09836065573770492
6 0.55625 0.5819672131147541 0.015625 0.07728337236533958
6 0.0765625 0.5421545667447307 0.025 0.0702576112412178
6 0.08046875 0.4964871194379391 0.0234375 0.0585480093676815
6 0.5671875 0.5807962529274004 0.0109375 0.07259953161592506
0 0.3671875 0.4180327868852459 0.3765625 0.8313817330210773
1 0.6703125 0.6311475409836066 0.184375 0.2224824355971897
0 0.1453125 0.5081967213114754 0.034375 0.1592505854800937
0 0.16875 0.47423887587822017 0.03125 0.3325526932084309