7 0.6859375 0.589349593495935 0.11875 0.17073170731707318
4 0.221875 0.5582655826558266 0.4375 0.8428184281842819
0 0.4765625 0.7601626016260162 0.0890625 0.37398373983739835
0 0.9125 0.5311653116531165 0.0265625 0.14634146341463414
0 0.88203125 0.5582655826558266 0.0234375 0.10569105691056911
0 0.7890625 0.505420054200542 0.025 0.05420054200542006
2 0.55078125 0.6856368563685636 0.15625 0.21680216802168023
2 0.7953125 0.6205962059620597 0.15 0.18699186991869918
2 0.025 0.7669376693766937 0.05 0.19241192411924118
2 0.45234375 0.6897018970189702 0.09375 0.22493224932249323
