0 0.7328125 0.4957627118644068 0.534375 0.9864406779661017
0 0.1 0.19152542372881357 0.0359375 0.10677966101694915
0 0.42265625 0.19152542372881357 0.040625 0.1271186440677966
0 0.1375 0.17542372881355933 0.021875 0.08135593220338982
0 0.0828125 0.16610169491525423 0.0140625 0.0423728813559322
0 0.04765625 0.1694915254237288 0.0171875 0.06779661016949153
0 0.021875 0.18305084745762712 0.04375 0.12033898305084746
0 0.3703125 0.2 0.0234375 0.03389830508474576
0 0.15859375 0.18135593220338983 0.0390625 0.06440677966101695
0 0.23125 0.1788135593220339 0.040625 0.08644067796610169
0 0.30625 0.16440677966101694 0.0140625 0.04406779661016949
1 0.45390625 0.20508474576271185 0.0828125 0.11016949152542373
