6 0.60859375 0.3005836575875486 0.0859375 0.35019455252918286
6 0.7078125 0.7071984435797666 0.4015625 0.5505836575875487
6 0.5375 0.29766536964980544 0.090625 0.311284046692607
6 0.715625 0.28599221789883267 0.1109375 0.19649805447470817
6 0.02421875 0.18385214007782102 0.0484375 0.23540856031128404
6 0.828125 0.27431906614785995 0.128125 0.37937743190661477
6 0.39296875 0.33754863813229574 0.084375 0.33852140077821014
6 0.67734375 0.22859922178988326 0.05625 0.10505836575875487
6 0.91171875 0.16634241245136186 0.0765625 0.1264591439688716
6 0.16484375 0.20914396887159534 0.0640625 0.17509727626459143
6 0.415625 0.19455252918287938 0.06875 0.17509727626459143
6 0.7890625 0.19747081712062256 0.0703125 0.1614785992217899
6 0.084375 0.11381322957198443 0.0609375 0.10700389105058365
6 0.97265625 0.14688715953307394 0.053125 0.1556420233463035
6 0.62265625 0.13715953307392997 0.0453125 0.08560311284046693
6 0.66796875 0.14396887159533073 0.04375 0.07782101167315175
6 0.48125 0.29766536964980544 0.096875 0.26459143968871596
6 0.24609375 0.13618677042801555 0.0421875 0.054474708171206226
6 0.255015625 0.5072178988326848 0.313609375 0.9727626459143969