0 0.4578125 0.4893162393162393 0.54375 0.7841880341880342
6 0.965625 0.6079059829059829 0.0484375 0.16880341880341881
6 0.175 0.5993589743589743 0.0390625 0.12606837606837606
6 0.9890625 0.5908119658119658 0.0203125 0.13675213675213677
6 0.0140625 0.6014957264957265 0.028125 0.09829059829059829
6 0.0609375 0.6079059829059829 0.025 0.1047008547008547
6 0.04140625 0.6068376068376068 0.0234375 0.1047008547008547
6 0.9171875 0.5779914529914529 0.0265625 0.08974358974358974
6 0.84609375 0.5779914529914529 0.0171875 0.07478632478632478
2 0.136671875 0.5954700854700855 0.07271875 0.10974358974358975
6 0.9328125 0.5758547008547008 0.015625 0.08333333333333333
6 0.8046875 0.5822649572649573 0.015625 0.06837606837606838
6 0.74140625 0.5811965811965812 0.021875 0.07478632478632478
6 0.78984375 0.5886752136752137 0.0171875 0.05555555555555555
1 0.98359375 0.875 0.0328125 0.16880341880341881
2 0.119359375 0.5950427350427351 0.058484375 0.10628205128205129