7 0.28984375 0.5803782505910166 0.05 0.07801418439716312
1 0.535671875 0.5898345153664303 0.021359375 0.09456264775413711
2 0.471875 0.5851063829787234 0.109375 0.054373522458628844
2 0.18203125 0.5945626477541371 0.0515625 0.0591016548463357
2 0.05703125 0.5945626477541371 0.0671875 0.06619385342789598
2 0.38828125 0.5638297872340425 0.0671875 0.04018912529550828
7 0.10390625 0.5862884160756501 0.0375 0.0591016548463357
2 0.128125 0.5886524822695035 0.015625 0.0425531914893617
2 0.14921875 0.5862884160756501 0.0265625 0.037825059101654845
2 0.5875 0.5602836879432624 0.0234375 0.026004728132387706
2 0.00390625 0.6146572104018913 0.0078125 0.06855791962174941
2 0.13984375 0.5874704491725768 0.015625 0.04018912529550828
