7 0.20390625 0.7389380530973452 0.178125 0.10398230088495575
6 0.85625 0.4446902654867257 0.140625 0.504424778761062
2 0.7109375 0.6404867256637168 0.3984375 0.5907079646017699
1 0.4 0.7212389380530974 0.1734375 0.07964601769911504
1 0.94375 0.7023672566371681 0.1125 0.16827433628318583
1 0.259375 0.6792035398230089 0.096875 0.048672566371681415
1 0.09453125 0.6648230088495575 0.0625 0.035398230088495575
1 0.09375 0.7223451327433629 0.0578125 0.07300884955752213
7 0.44296875 0.665929203539823 0.0890625 0.05530973451327434
1 0.29453125 0.7002212389380531 0.1140625 0.05752212389380531
1 0.1546875 0.6692477876106194 0.0921875 0.0420353982300885
7 0.07578125 0.6515486725663717 0.0359375 0.028761061946902654
1 0.8390625 0.6526548672566371 0.053125 0.033185840707964605
1 0.2609375 0.6482300884955752 0.0609375 0.030973451327433628