6 0.04765625 0.5425311203319502 0.0953125 0.4045643153526971
6 0.74453125 0.7479253112033195 0.26875 0.3215767634854772
2 0.19171875 0.5452282157676349 0.1678125 0.4473029045643153
6 0.09765625 0.508298755186722 0.084375 0.38381742738589214
2 0.31953125 0.4678423236514523 0.090625 0.3132780082987552
6 0.66328125 0.5850622406639004 0.146875 0.4605809128630705
6 0.7546875 0.5622406639004149 0.153125 0.26348547717842324
6 0.38828125 0.4636929460580913 0.0828125 0.23651452282157676
6 0.52421875 0.4190871369294606 0.04375 0.17634854771784234
6 0.46796875 0.4242738589211618 0.05 0.18672199170124482
6 0.98046875 0.3454356846473029 0.0390625 0.08298755186721991
6 0.50078125 0.4211618257261411 0.0328125 0.17427385892116182
6 0.72265625 0.41286307053941906 0.04375 0.14522821576763487