6 0.80859375 0.6395833333333333 0.38125 0.71875
6 0.4390625 0.5677083333333334 0.075 0.2375
2 0.6453125 0.5912291666666667 0.0578125 0.15743749999999998
6 0.50546875 0.509375 0.03125 0.11041666666666666
6 0.53515625 0.5125 0.03125 0.10833333333333334
6 0.29609375 0.49375 0.0203125 0.08125
6 0.24296875 0.49375 0.0234375 0.07916666666666666
6 0.47109375 0.5083333333333333 0.025 0.09791666666666667
6 0.615625 0.48854166666666665 0.0171875 0.08125
6 0.92265625 0.5385416666666667 0.0328125 0.06666666666666667
6 0.3784375 0.503125 0.0340625 0.08958333333333333
6 0.26015625 0.5020833333333333 0.015625 0.05625
6 0.3125 0.49583333333333335 0.01875 0.06666666666666667
6 0.59453125 0.4895833333333333 0.01875 0.06875
2 0.34249999999999997 0.5183333333333333 0.025625 0.06166666666666667
6 0.40390625 0.4864583333333333 0.0171875 0.06666666666666667
1 0.959375 0.5145833333333333 0.08125 0.058333333333333334
1 0.6796875 0.496875 0.053125 0.0375
0 0.684375 0.43645833333333334 0.084375 0.09791666666666667