0 0.5092592592592593 0.44831460674157303 0.06228956228956229 0.11235955056179775
0 0.6944444444444444 0.5393258426966292 0.06902356902356903 0.3775280898876405
0 0.05555555555555555 0.5314606741573034 0.1111111111111111 0.6629213483146067
0 0.16498316498316498 0.5561797752808989 0.10606060606060606 0.34831460674157305
0 0.21885521885521886 0.45393258426966293 0.03535353535353535 0.20674157303370785
0 0.8232323232323232 0.5415730337078651 0.09595959595959595 0.31910112359550563
0 0.20959595959595959 0.5393258426966292 0.04040404040404041 0.2966292134831461
0 0.5917508417508418 0.45393258426966293 0.03535353535353535 0.07415730337078652
0 0.9570707070707071 0.3853932584269663 0.08585858585858586 0.08314606741573034
1 0.4250673400673401 0.6316404494382022 0.5875084175084175 0.6026067415730337
