5 0.6313125 0.6407624633431085 0.357375 0.6979472140762464
5 0.451796875 0.48533724340175954 0.15421875000000002 0.4340175953079179
5 0.9100781250000001 0.5102639296187683 0.17984375 0.5689149560117303
5 0.23121874999999997 0.4426979472140763 0.11365624999999999 0.3106158357771261
5 0.57265625 0.3287683284457478 0.0609375 0.20234604105571846
5 0.1015625 0.36950146627565983 0.0421875 0.1906158357771261
5 0.8425625 0.44340175953079175 0.133640625 0.4
5 0.51953125 0.35777126099706746 0.0546875 0.15542521994134897
5 0.156421875 0.39073313782991204 0.05278125 0.26826979472140766
5 0.320859375 0.3870967741935484 0.120046875 0.2668621700879765
5 0.75390625 0.42554252199413495 0.0859375 0.2903225806451613
5 0.24140625 0.3152492668621701 0.034375 0.10263929618768329
5 0.52421875 0.2961876832844575 0.0625 0.12903225806451613
5 0.040328125 0.39838709677419354 0.07403125 0.23460410557184752
5 0.05915625 0.3393255131964809 0.040921875 0.1424340175953079
5 0.424421875 0.26513196480938417 0.041578125 0.0872434017595308
7 0.73753125 0.3248093841642229 0.337578125 0.19281524926686217