0 0.58515625 0.6727019498607242 0.0640625 0.20055710306406685
1 0.846703125 0.5940668523676881 0.03 0.07674094707520891
1 0.97990625 0.6040668523676881 0.032359375 0.08275766016713092
0 0.4921875 0.6225626740947076 0.015625 0.05013927576601671
0 0.00625 0.628133704735376 0.0125 0.06128133704735376
0 0.359375 0.6002785515320335 0.0125 0.052924791086350974
0 0.03359375 0.6211699164345403 0.0171875 0.06406685236768803
0 0.40703125 0.6058495821727019 0.015625 0.0584958217270195
0 0.45859375 0.6030640668523677 0.0109375 0.04456824512534819
0 0.5234375 0.628133704735376 0.015625 0.03899721448467967
0 0.41875 0.6086350974930362 0.0109375 0.06685236768802229
0 0.05234375 0.6183844011142061 0.0140625 0.06128133704735376
0 0.43515625 0.6086350974930362 0.0078125 0.03899721448467967
0 0.46953125 0.6239554317548747 0.0125 0.04456824512534819
