1 0.590890625 0.8559850374064838 0.215625 0.2880299251870324
0 0.19375 0.7855361596009975 0.0640625 0.2967581047381546
0 0.90390625 0.7044887780548629 0.065625 0.19451371571072318
0 0.41640625 0.7531172069825436 0.0515625 0.28428927680798005
0 0.0921875 0.6471321695760599 0.0109375 0.05236907730673317
0 0.34582812500000004 0.6531172069825436 0.016671875 0.05369077306733167
0 0.319265625 0.6481296758104738 0.017703125 0.047032418952618456
0 0.29465625 0.6533167082294264 0.012234375 0.04082294264339152
0 0.28125 0.6501995012468829 0.010421875 0.05119700748129676
0 0.25768749999999996 0.654364089775561 0.01328125 0.0428927680798005
0 0.519921875 0.6443890274314213 0.01484375 0.046209476309226935
0 0.575515625 0.6404488778054863 0.015625 0.04164588528678304
0 0.139578125 0.6365087281795512 0.0125 0.05369077306733167
0 0.0704375 0.6514463840399003 0.01796875 0.04039900249376559
0 0.072921875 0.5702244389027431 0.010421875 0.04234413965087282
0 0.13996875 0.5625436408977557 0.01171875 0.035361596009975065
0 0.830859375 0.6155112219451372 0.01796875 0.041620947630922694
0 0.80078125 0.6198753117206982 0.018234375 0.0370573566084788
0 0.692578125 0.6144638403990025 0.008078125 0.03955112219451371
0 0.724609375 0.6138653366583541 0.01171875 0.044937655860349125
0 0.015359375 0.6610224438902743 0.016140625 0.0628428927680798
