2 0.954296875 0.7766990291262136 0.09140625 0.26857605177993527
2 0.7125 0.7054692556634304 0.084375 0.26857605177993527
2 0.797265625 0.708705501618123 0.07578125 0.255631067961165
2 0.6125 0.7006472491909385 0.065625 0.20385113268608415
2 0.48203125 0.691747572815534 0.0375 0.16019417475728157
2 0.427734375 0.691747572815534 0.03671875 0.1633980582524272
2 0.3828125 0.6844660194174758 0.0359375 0.1262135922330097
2 0.353125 0.6739482200647249 0.0265625 0.12135922330097088
2 0.546484375 0.7038834951456311 0.06171875 0.18443365695792882
2 0.2359375 0.6642394822006472 0.0234375 0.09870550161812297
2 0.20234375 0.656957928802589 0.015625 0.08414239482200647
2 0.2703125 0.6707119741100324 0.0359375 0.11812297734627832
2 0.8328125 0.7491909385113269 0.1328125 0.2750809061488673
1 0.071875 0.7119741100323624 0.1296875 0.2168284789644013
1 0.15546875 0.6731391585760518 0.05 0.06796116504854369
1 0.11328125 0.6440129449838188 0.034375 0.07766990291262135
2 0.314453125 0.67915857605178 0.03515625 0.1311326860841424