0 0.41796875 0.7540983606557377 0.0921875 0.07728337236533958
6 0.06875 0.8067915690866511 0.0359375 0.14285714285714285
6 0.76328125 0.8220140515222483 0.0203125 0.07728337236533958
6 0.03828125 0.8173302107728337 0.0296875 0.10304449648711944
6 0.6484375 0.7810304449648712 0.01875 0.0468384074941452
6 0.14765625 0.788056206088993 0.0140625 0.04918032786885246
6 0.7703125 0.7412177985948478 0.0109375 0.03981264637002342
6 0.78984375 0.7622950819672131 0.0140625 0.06323185011709602
6 0.73359375 0.7283372365339579 0.0125 0.03044496487119438
6 0.1328125 0.7435597189695551 0.009375 0.01873536299765808
6 0.7140625 0.7271662763466042 0.0109375 0.0351288056206089
1 0.56171875 0.7997658079625293 0.0703125 0.05620608899297424
7 0.40859375 0.7728337236533958 0.05625 0.05152224824355972
1 0.18125 0.7704918032786885 0.0265625 0.03278688524590164
1 0.15234375 0.7412177985948478 0.015625 0.01873536299765808
0 0.26875 0.7377049180327869 0.0421875 0.05620608899297424
1 0.1828125 0.7447306791569087 0.0171875 0.02107728337236534
1 0.3125 0.7517564402810304 0.025 0.0351288056206089
1 0.24140625 0.7388758782201406 0.0140625 0.02107728337236534
0 0.44765625 0.7552693208430913 0.0328125 0.07494145199063232
6 0.094203125 0.8155503512880562 0.011953125 0.052341920374707265
6 0.665125 0.7167213114754099 0.010859375000000001 0.04882903981264637
6 0.56409375 0.7178922716627635 0.008140625 0.043021077283372365
6 0.581734375 0.7175878220140516 0.011640625 0.041264637002341925
0 0.34696875 0.743208430913349 0.04228125 0.049601873536299766