7 0.9162343749999999 0.6639344262295082 0.0546875 0.06088992974238876
7 0.97109375 0.7060889929742389 0.0578125 0.1053864168618267
5 0.81615625 0.819016393442623 0.090265625 0.28911007025761126
6 0.34296875 0.7400468384074942 0.0359375 0.14754098360655737
2 0.366046875 0.7502107728337236 0.04921875 0.17004683840749416
3 0.05703125 0.7189695550351288 0.1140625 0.22716627634660422
3 0.19609375 0.7213114754098361 0.21875 0.21779859484777517
6 0.0453125 0.7611241217798594 0.0578125 0.20608899297423888
6 0.01484375 0.7634660421545667 0.0296875 0.21311475409836064
5 0.85590625 0.7366276346604216 0.044625 0.14775175644028105
6 0.27109375 0.7622950819672131 0.0328125 0.1358313817330211
6 0.52109375 0.5456674473067916 0.05625 0.11475409836065574
2 0.432921875 0.7449414519906322 0.040703125 0.159672131147541
6 0.3234375 0.7377049180327869 0.03125 0.1522248243559719
6 0.389234375 0.7435128805620609 0.021875 0.12039812646370023
1 0.70625 0.7681498829039812 0.1453125 0.1873536299765808
1 0.8640625 0.6779859484777517 0.0515625 0.06323185011709602
1 0.76640625 0.6838407494145199 0.075 0.06323185011709602
5 0.928609375 0.7772599531615925 0.07082812499999999 0.2104215456674473
5 0.797265625 0.6940749414519907 0.03984375 0.06496487119437938