2 0.1125 0.4953051643192488 0.1703125 0.18779342723004694
0 0.46484375 0.3415492957746479 0.0890625 0.13380281690140844
0 0.8015625 0.4061032863849765 0.0546875 0.11971830985915492
0 0.8875 0.4424882629107981 0.0296875 0.056338028169014086
0 0.95234375 0.4424882629107981 0.040625 0.11032863849765258
0 0.94140625 0.4014084507042254 0.084375 0.11267605633802817
0 0.39296875 0.3744131455399061 0.015625 0.03286384976525822
0 0.47265625 0.41431924882629106 0.05 0.09389671361502347
3 0.51484375 0.5516431924882629 0.1125 0.29577464788732394
0 0.40703125 0.4154929577464789 0.0375 0.1056338028169014
0 0.36171875 0.4213615023474178 0.0375 0.046948356807511735
0 0.55078125 0.41784037558685444 0.0484375 0.06572769953051644
0 0.87578125 0.4154929577464789 0.0671875 0.11737089201877934
1 0.43359375 0.6666666666666666 0.1328125 0.3826291079812207
1 0.3125 0.5903755868544601 0.096875 0.3333333333333333
