7 0.1921875 0.7088815789473685 0.209375 0.1825657894736842
0 0.434375 0.7401315789473685 0.1265625 0.23848684210526316
1 0.47578125 0.6564309210526316 0.034375 0.12700657894736841
1 0.50234375 0.6541611842105264 0.0296875 0.10108552631578947
2 0.328125 0.6735197368421053 0.0703125 0.08552631578947369
2 0.2953125 0.6866776315789473 0.0625 0.10855263157894737
2 0.0890625 0.7360197368421053 0.1765625 0.18092105263157895
8 0.3921875 0.6307565789473685 0.0578125 0.06907894736842106
2 0.01484375 0.6299342105263158 0.0296875 0.03289473684210526
8 0.084375 0.6241776315789473 0.128125 0.049342105263157895
