6 0.64921875 0.8489583333333334 0.175 0.3
5 0.29965625 0.7529791666666666 0.1180625 0.23510416666666664
6 0.58984375 0.7 0.04375 0.1625
6 0.69296875 0.7520833333333333 0.059375 0.18958333333333333
2 0.18160937500000002 0.6907083333333334 0.053859375 0.21475
6 0.65 0.6697916666666667 0.03125 0.10208333333333333
5 0.061515625 0.7517708333333334 0.12303125 0.23395833333333332
5 0.45021875 0.6795625 0.0535625 0.13877083333333334
5 0.5603281250000001 0.6643333333333333 0.036890624999999996 0.107875
5 0.5120625000000001 0.6910624999999999 0.05109375000000001 0.1451875
5 0.348609375 0.6902291666666667 0.05815625 0.1445625
1 0.5890625 0.6177083333333333 0.04375 0.04791666666666667
5 0.621703125 0.6395625 0.0203125 0.07502083333333333
5 0.39375 0.6510416666666666 0.045296875 0.08541666666666667
5 0.5578125 0.8447916666666667 0.0625 0.14375
5 0.32806250000000003 0.6556458333333333 0.036171875 0.07454166666666667