0 0.28046875 0.5770833333333333 0.103125 0.325
0 0.48671875 0.5760416666666667 0.0671875 0.25625
0 0.690625 0.2791666666666667 0.071875 0.11666666666666667
0 0.7265625 0.25104166666666666 0.0515625 0.10625
0 0.61171875 0.565625 0.03125 0.075
0 0.21953125 0.56875 0.0734375 0.12708333333333333
0 0.5859375 0.5510416666666667 0.0140625 0.022916666666666665
2 0.515625 0.5854166666666667 0.1140625 0.10625
5 0.96953125 0.5770833333333333 0.0609375 0.15833333333333333
1 0.775 0.596875 0.0375 0.12083333333333333
1 0.8184374999999999 0.5766666666666667 0.04 0.13499999999999998
1 0.85390625 0.5804166666666667 0.0359375 0.13583333333333333
