0 0.5015625 0.575 0.0890625 0.2625
0 0.3828125 0.5979166666666667 0.06875 0.27291666666666664
0 0.11640625 0.634375 0.103125 0.225
0 0.61015625 0.58125 0.0515625 0.2125
0 0.71015625 0.5708333333333333 0.0796875 0.2
0 0.77578125 0.565625 0.0609375 0.19166666666666668
0 0.63203125 0.571875 0.053125 0.20833333333333334
0 0.75546875 0.5416666666666666 0.0484375 0.16458333333333333
0 0.1984375 0.5666666666666667 0.0515625 0.125
0 0.15546875 0.5604166666666667 0.03125 0.11666666666666667
0 0.228125 0.565625 0.0375 0.125
0 0.30859375 0.5958333333333333 0.0609375 0.21041666666666667
1 0.75390625 0.5416666666666666 0.0515625 0.16458333333333333
1 0.86328125 0.5489583333333333 0.134375 0.19583333333333333
