6 0.1578125 0.7435597189695551 0.084375 0.20608899297423888
6 0.5375 0.6604215456674473 0.0609375 0.234192037470726
2 0.56953125 0.6826697892271663 0.0671875 0.2786885245901639
6 0.234375 0.7775175644028103 0.0984375 0.18032786885245902
6 0.75859375 0.6451990632318502 0.059375 0.1288056206088993
6 0.35703125 0.7587822014051522 0.1546875 0.22482435597189696
6 0.0421875 0.7353629976580797 0.084375 0.1522248243559719
6 0.82265625 0.6370023419203747 0.0515625 0.13817330210772832
6 0.0171875 0.6018735362997658 0.034375 0.11943793911007025
6 0.384375 0.6475409836065574 0.059375 0.20374707259953162
6 0.44296875 0.6124121779859485 0.0359375 0.10772833723653395
6 0.1125 0.5784543325526932 0.028125 0.07728337236533958
6 0.34453125 0.5960187353629977 0.0234375 0.0936768149882904
6 0.88828125 0.5913348946135831 0.0609375 0.11007025761124122
6 0.7634531250000001 0.5806088992974239 0.052937500000000005 0.0943559718969555
6 0.1696875 0.5772365339578454 0.047703125 0.0771896955503513