4 0.253125 0.40544871794871795 0.3578125 0.33653846153846156
1 0.532 0.4257051282051282 0.021812500000000002 0.058125
0 0.94609375 0.452724358974359 0.0359375 0.052884615384615384
0 0.896875 0.4495192307692308 0.0421875 0.03205128205128205
0 0.05703125 0.3685897435897436 0.01875 0.03365384615384615
2 0.96015625 0.43028846153846156 0.0765625 0.04487179487179487
2 0.5171875 0.38621794871794873 0.0453125 0.02564102564102564
1 0.5046875 0.4094551282051282 0.0203125 0.049679487179487176
0 0.97890625 0.453525641025641 0.0421875 0.05448717948717949
0 0.93125 0.46153846153846156 0.03125 0.03365384615384615
0 0.915625 0.4358974358974359 0.01875 0.04326923076923077
1 0.56875 0.7099358974358975 0.2 0.5064102564102564
1 0.74140625 0.44471153846153844 0.028125 0.04487179487179487
