6 0.36015625 0.6338028169014085 0.1328125 0.3380281690140845
6 0.4765625 0.47417840375586856 0.0546875 0.22065727699530516
6 0.30390625 0.3427230046948357 0.0859375 0.2934272300469484
6 0.88515625 0.3744131455399061 0.034375 0.11502347417840375
6 0.7 0.4084507042253521 0.046875 0.2112676056338028
6 0.0234375 0.31572769953051644 0.0265625 0.07042253521126761
6 0.10078125 0.31690140845070425 0.025 0.0892018779342723
6 0.42890625 0.2711267605633803 0.0203125 0.08450704225352113
6 0.5890625 0.3286384976525822 0.0265625 0.051643192488262914
6 0.528125 0.32511737089201875 0.0234375 0.056338028169014086
6 0.56328125 0.35093896713615025 0.0265625 0.08450704225352113
6 0.6671875 0.2887323943661972 0.0203125 0.10093896713615023
6 0.4015625 0.3086854460093897 0.0265625 0.04929577464788732
6 0.534375 0.3532863849765258 0.0390625 0.07276995305164319
6 0.37890625 0.3192488262910798 0.0203125 0.03755868544600939
6 0.6171875 0.28169014084507044 0.015625 0.07276995305164319
6 0.8375 0.36384976525821594 0.04375 0.0539906103286385
6 0.4515625 0.31220657276995306 0.025 0.0539906103286385
6 0.646875 0.27699530516431925 0.01875 0.06807511737089202
6 0.58125 0.27582159624413144 0.0125 0.06338028169014084
6 0.7796875 0.3438967136150235 0.03125 0.04225352112676056