4 0.528125 0.5322916666666667 0.65625 0.6875
0 0.03046875 0.5854166666666667 0.053125 0.1875
0 0.89921875 0.521875 0.0265625 0.06666666666666667
0 0.98046875 0.5197916666666667 0.021875 0.07083333333333333
0 0.87421875 0.5177083333333333 0.0203125 0.07083333333333333
0 0.421875 0.5947916666666667 0.0421875 0.11666666666666667
2 0.146875 0.5302083333333333 0.0390625 0.03125
2 0.13515625 0.5229166666666667 0.028125 0.03333333333333333
0 0.6984375 0.5229166666666667 0.021875 0.03958333333333333
5 0.1859375 0.5208333333333334 0.021875 0.0375
2 0.12109375 0.5177083333333333 0.01875 0.025
1 0.09765625 0.5989583333333334 0.0609375 0.19166666666666668
