2 0.28671875 0.5239583333333333 0.075 0.23958333333333334
6 0.73828125 0.5177083333333333 0.0484375 0.20208333333333334
2 0.2109375 0.5950833333333333 0.021875 0.07091666666666667
6 0.3359375 0.5791666666666667 0.0328125 0.0875
2 0.04375 0.6104166666666667 0.0265625 0.06041666666666667
2 0.12846875 0.6048125 0.0243125 0.05754166666666667
6 0.1515625 0.6135416666666667 0.01875 0.03958333333333333
6 0.184375 0.578125 0.0109375 0.0375
6 0.09609375 0.6083333333333333 0.0109375 0.03333333333333333
6 0.0765625 0.60625 0.0125 0.0375
6 0.3 0.571875 0.0203125 0.09375
6 0.321875 0.575 0.0140625 0.07916666666666666
6 0.8165625000000001 0.5109791666666667 0.055015625 0.21720833333333334