0 0.1592505854800937 0.32890625 0.1451990632318501 0.284375
0 0.28805620608899296 0.309375 0.1451990632318501 0.2734375
0 0.7599531615925058 0.3625 0.12412177985948478 0.309375
0 0.8067915690866511 0.25234375 0.08665105386416862 0.13125
0 0.07259953161592506 0.49765625 0.13817330210772832 0.6375
0 0.6381733021077284 0.23125 0.09133489461358314 0.1109375
0 0.5960187353629977 0.22265625 0.07728337236533958 0.0796875
0 0.9449648711943794 0.35703125 0.11007025761124122 0.28125
1 0.4847775175644028 0.559375 0.477751756440281 0.8546875
1 0.1592505854800937 0.32890625 0.1451990632318501 0.284375
1 0.8723653395784543 0.340625 0.17798594847775176 0.2875
