2 0.49765625 0.5677083333333334 0.1203125 0.22291666666666668
6 0.9578125 0.5697916666666667 0.0578125 0.28541666666666665
6 0.08984375 0.44895833333333335 0.1109375 0.1125
1 0.28984375 0.7479166666666667 0.578125 0.5020833333333333
0 0.571875 0.471875 0.5796875 0.4270833333333333
1 0.79921875 0.6260416666666667 0.2703125 0.225
7 0.18971875 0.5627083333333334 0.3794375 0.23375
1 0.984375 0.5614583333333333 0.03125 0.14375
1 0.87578125 0.54375 0.1328125 0.11875
0 0.87734375 0.4583333333333333 0.0734375 0.06458333333333334
7 0.2890625 0.7489583333333333 0.578125 0.5020833333333333
2 0.287515625 0.5189166666666667 0.153171875 0.29614583333333333