2 0.425625 0.7229791666666666 0.152828125 0.5042916666666667
6 0.68984375 0.5927083333333333 0.05625 0.23958333333333334
6 0.31875 0.5708333333333333 0.078125 0.14375
2 0.547109375 0.6610208333333334 0.11554687500000001 0.3574583333333334
5 0.79453125 0.5864583333333333 0.08125 0.19583333333333333
6 0.12890625 0.7541666666666667 0.1921875 0.49166666666666664
6 0.25078125 0.5510416666666667 0.046875 0.11666666666666667
6 0.62734375 0.525 0.0625 0.1
6 0.02109375 0.5427083333333333 0.0421875 0.19166666666666668
6 0.890625 0.5489583333333333 0.1015625 0.18125
6 0.075 0.73125 0.1359375 0.33125
6 0.965625 0.5729166666666666 0.0515625 0.15
6 0.34609375 0.5125 0.0484375 0.08958333333333333
6 0.265625 0.465625 0.0515625 0.09166666666666666
6 0.5859375 0.5114583333333333 0.0375 0.09166666666666666
6 0.99375 0.575 0.0109375 0.15
1 0.040625 0.8625 0.08125 0.27291666666666664