6 0.021875 0.5613207547169812 0.04375 0.3160377358490566
6 0.48359375 0.3938679245283019 0.1296875 0.33962264150943394
6 0.6015625 0.27004716981132076 0.04375 0.2099056603773585
6 0.66171875 0.25825471698113206 0.0390625 0.14386792452830188
6 0.046875 0.2830188679245283 0.0390625 0.14386792452830188
6 0.1375 0.2971698113207547 0.0296875 0.10613207547169812
6 0.6953125 0.2665094339622642 0.0296875 0.12264150943396226
6 0.16796875 0.2983490566037736 0.028125 0.09905660377358491
6 0.77265625 0.2688679245283019 0.0359375 0.125
2 0.832921875 0.24665094339622642 0.026328125 0.16308962264150945
6 0.10078125 0.2641509433962264 0.0328125 0.10377358490566038
6 0.89140625 0.2617924528301887 0.040625 0.12264150943396226
6 0.91171875 0.2688679245283019 0.034375 0.11320754716981132
6 0.525 0.2617924528301887 0.0265625 0.05660377358490566
6 0.553125 0.25471698113207547 0.025 0.08254716981132075
6 0.50234375 0.2617924528301887 0.0203125 0.03537735849056604
6 0.8217656249999999 0.24358490566037735 0.036843749999999995 0.161061320754717