7 0.9360790273556232 0.23489130434782607 0.1276595744680851 0.4076086956521739
4 0.4786018237082067 0.4164945652173913 0.40334346504559265 0.8003804347826088
4 0.7901215805471125 0.421820652173913 0.2785866261398176 0.843641304347826
4 0.26378419452887536 0.4457608695652174 0.33661094224924015 0.8885326086956522
6 0.6238601823708206 0.08831521739130435 0.034954407294832825 0.16847826086956522
6 0.5524316109422492 0.08423913043478261 0.03343465045592705 0.14673913043478262
6 0.5790273556231003 0.08831521739130435 0.022796352583586626 0.11684782608695653
6 0.5311550151975684 0.08152173913043478 0.0243161094224924 0.1331521739130435
6 0.5995440729483282 0.08423913043478261 0.022796352583586626 0.13043478260869565
6 0.4088145896656535 0.033967391304347824 0.0182370820668693 0.0625
4 0.1197112462006079 0.44339673913043476 0.2394224924012158 0.8786141304347825
1 0.0858662613981763 0.11548913043478261 0.1717325227963526 0.1983695652173913
1 0.6998480243161094 0.27853260869565216 0.22492401215805471 0.44021739130434784
7 0.3518237082066869 0.09103260869565218 0.09270516717325228 0.16032608695652173
7 0.19072948328267478 0.09782608695652174 0.08662613981762918 0.19293478260869565
7 0.7621580547112462 0.042255434782608695 0.060790273556231005 0.059782608695652176
1 0.4065349544072948 0.09375 0.041033434650455926 0.14673913043478262
1 0.2948328267477204 0.09918478260869565 0.1458966565349544 0.15217391304347827
1 0.6375379939209727 0.08152173913043478 0.08206686930091185 0.10054347826086957
1 0.8936170212765957 0.3111413043478261 0.0729483282674772 0.4592391304347826
1 0.991550151975684 0.14945652173913043 0.016717325227963525 0.08967391304347826