0 0.6359375 0.44028103044496486 0.0328125 0.053864168618266976
0 0.2671875 0.45550351288056207 0.01875 0.03981264637002342
0 0.00703125 0.4133489461358314 0.0125 0.05620608899297424
0 0.48359375 0.509367681498829 0.0671875 0.04215456674473068
0 0.5984375 0.4496487119437939 0.040625 0.03747072599531616
0 0.23359375 0.45784543325526933 0.0375 0.0468384074941452
0 0.80078125 0.4180327868852459 0.01875 0.0351288056206089
0 0.35625 0.4274004683840749 0.0140625 0.03278688524590164
0 0.346875 0.42857142857142855 0.0296875 0.0351288056206089
0 0.7953125 0.5292740046838408 0.04375 0.10070257611241218
0 0.253125 0.45901639344262296 0.0140625 0.03981264637002342
0 0.82265625 0.41569086651053866 0.028125 0.03747072599531616
0 0.2546875 0.45784543325526933 0.040625 0.04215456674473068
0 0.61640625 0.4519906323185012 0.0328125 0.03278688524590164
1 0.81796875 0.6358313817330211 0.3328125 0.6112412177985949
0 0.19343749999999998 0.4585948477751756 0.031906250000000004 0.028266978922716627
0 0.06021875 0.5095081967213115 0.0306875 0.048899297423887586
0 0.01034375 0.5098829039812647 0.020671875 0.03252927400468384
