0 0.35859375 0.6326291079812206 0.1375 0.3427230046948357
0 0.4765625 0.47417840375586856 0.059375 0.21830985915492956
0 0.88125 0.3755868544600939 0.0296875 0.11267605633802817
0 0.55546875 0.3568075117370892 0.0375 0.07511737089201878
0 0.52890625 0.352112676056338 0.04375 0.06807511737089202
0 0.09921875 0.31572769953051644 0.025 0.09154929577464789
0 0.1421875 0.2734741784037559 0.01875 0.11267605633802817
0 0.69609375 0.40492957746478875 0.0546875 0.2112676056338028
0 0.303125 0.34624413145539906 0.0875 0.2934272300469484
0 0.22890625 0.25938967136150237 0.021875 0.04460093896713615
0 0.45546875 0.30985915492957744 0.0125 0.0539906103286385
0 0.61328125 0.284037558685446 0.025 0.07981220657276995
0 0.5859375 0.3286384976525822 0.0265625 0.0539906103286385
