3 0.51484375 0.6255924170616114 0.659375 0.542654028436019
0 0.38984375 0.44549763033175355 0.159375 0.6232227488151659
0 0.603125 0.3175355450236967 0.075 0.14218009478672985
0 0.52109375 0.4099526066350711 0.19375 0.5687203791469194
0 0.70859375 0.4265402843601896 0.084375 0.3033175355450237
0 0.8921875 0.40165876777251186 0.0859375 0.2037914691943128
0 0.92109375 0.6575829383886256 0.0875 0.31990521327014215
0 0.9703125 0.6433649289099526 0.059375 0.3341232227488152
0 0.86640625 0.6291469194312796 0.065625 0.33886255924170616
0 0.54296875 0.2985781990521327 0.0296875 0.06398104265402843
0 0.81484375 0.5995260663507109 0.103125 0.4312796208530806
1 0.11015625 0.45734597156398105 0.1 0.36729857819905215
