0 0.02734375 0.5084541062801933 0.0515625 0.321256038647343
0 0.63515625 0.5966183574879227 0.1390625 0.463768115942029
0 0.809375 0.532608695652174 0.0578125 0.30676328502415456
0 0.3078125 0.5048309178743962 0.109375 0.4782608695652174
0 0.08828125 0.9239130434782609 0.109375 0.14492753623188406
0 0.75078125 0.4359903381642512 0.0359375 0.1473429951690821
0 0.72109375 0.45169082125603865 0.034375 0.14492753623188406
0 0.1984375 0.6570048309178744 0.1 0.5579710144927537
0 0.87109375 0.5845410628019324 0.06875 0.16183574879227053
0 0.96640625 0.5676328502415459 0.0671875 0.1932367149758454
0 0.90625 0.605072463768116 0.0609375 0.09903381642512077
0 0.12890625 0.7077294685990339 0.1234375 0.5579710144927537
0 0.31953125 0.9299516908212561 0.1265625 0.14009661835748793
0 0.4359375 0.5060386473429952 0.065625 0.26811594202898553
