6 0.21979166666666666 0.56953125 0.43125 0.75
6 0.925 0.309375 0.13125 0.21875
6 0.6989583333333333 0.30390625 0.08125 0.146875
6 0.778125 0.3109375 0.0625 0.13125
6 0.0875 0.2640625 0.058333333333333334 0.115625
6 0.271875 0.25546875 0.06666666666666667 0.1234375
6 0.4510416666666667 0.30859375 0.04791666666666667 0.14375
6 0.019791666666666666 0.296875 0.03958333333333333 0.16875
6 0.525 0.315625 0.0625 0.11875
6 0.5927083333333333 0.3109375 0.06666666666666667 0.1234375
6 0.415625 0.2984375 0.041666666666666664 0.11875
6 0.040625 0.2984375 0.052083333333333336 0.1046875
6 0.628125 0.32734375 0.058333333333333334 0.09375
6 0.3638333333333333 0.311234375 0.05266666666666667 0.13184374999999998
6 0.33229166666666665 0.2859375 0.04583333333333333 0.1328125
6 0.5645833333333333 0.30390625 0.04375 0.121875
6 0.84375 0.27109375 0.04583333333333333 0.090625
6 0.38825000000000004 0.30978125 0.04516666666666667 0.129265625