0 0.30859375 0.5229645093945721 0.2109375 0.29227557411273486
0 0.52890625 0.6461377870563675 0.0375 0.10647181628392484
0 0.6171875 0.6555323590814196 0.028125 0.081419624217119
0 0.05625 0.7546972860125261 0.046875 0.06263048016701461
0 0.015625 0.7578288100208769 0.0296875 0.060542797494780795
0 0.665625 0.6565762004175365 0.0234375 0.07724425887265135
0 0.8296875 0.6503131524008351 0.0203125 0.06889352818371608
0 0.70234375 0.6638830897703549 0.01875 0.05845511482254697
0 0.73125 0.6450939457202505 0.015625 0.05010438413361169
3 0.76665625 0.6468058455114822 0.034375 0.048768267223382046
