0 0.859375 0.7323943661971831 0.075 0.26291079812206575
0 0.5640625 0.7394366197183099 0.0296875 0.12441314553990611
0 0.5375 0.7464788732394366 0.0203125 0.11737089201877934
0 0.65859375 0.7394366197183099 0.0359375 0.051643192488262914
0 0.58046875 0.7394366197183099 0.021875 0.1267605633802817
0 0.9421875 0.6607981220657277 0.0171875 0.05868544600938967
0 0.7140625 0.710093896713615 0.028125 0.035211267605633804
0 0.96875 0.6338028169014085 0.0140625 0.06807511737089202
0 0.578125 0.57981220657277 0.009375 0.03051643192488263
0 0.75234375 0.7089201877934272 0.0203125 0.035211267605633804
0 0.640625 0.6197183098591549 0.015625 0.03051643192488263
0 0.12185937499999999 0.7771596244131456 0.029249999999999998 0.042300469483568075
0 0.144875 0.7823239436619718 0.01625 0.037816901408450704
0 0.020265625000000002 0.6049295774647887 0.0159375 0.025938967136150237
0 0.039203125 0.6049295774647887 0.025265625000000003 0.027441314553990608
0 0.268859375 0.588849765258216 0.011375 0.02483568075117371
0 0.28337500000000004 0.585586854460094 0.014828125000000001 0.030140845070422535
0 0.30598437500000003 0.5940140845070423 0.015765625 0.017417840375586854
0 0.3291875 0.580962441314554 0.016921875 0.04009389671361502
0 0.344640625 0.5873943661971831 0.013078125 0.02204225352112676
0 0.553171875 0.5802816901408451 0.017640625 0.026009389671361502
0 0.764125 0.5761971830985916 0.01515625 0.036009389671361504
0 0.727765625 0.5812206572769953 0.0119375 0.02791079812206573
0 0.598609375 0.5823239436619718 0.009375 0.026784037558685445
0 0.606546875 0.5871830985915493 0.005578125 0.01664319248826291
