0 0.7765625 0.5035046728971962 0.0484375 0.1705607476635514
0 0.88828125 0.4649532710280374 0.0515625 0.1822429906542056
0 0.91328125 0.45560747663551404 0.05 0.15654205607476634
0 0.80234375 0.4544392523364486 0.0359375 0.1308411214953271
0 0.78984375 0.4614485981308411 0.028125 0.1308411214953271
0 0.4921875 0.5163551401869159 0.0515625 0.2219626168224299
0 0.51015625 0.4532710280373832 0.0359375 0.09813084112149532
0 0.71796875 0.508177570093458 0.0625 0.21962616822429906
0 0.234375 0.7137850467289719 0.0703125 0.16121495327102803
0 0.09609375 0.9450934579439252 0.1921875 0.10981308411214953
0 0.6796875 0.5397196261682243 0.071875 0.18457943925233644
