2 0.79921875 0.6260416666666667 0.2734375 0.22708333333333333
2 0.2890625 0.75 0.578125 0.5
2 0.871875 0.5510416666666667 0.1234375 0.1375
2 0.98515625 0.56875 0.028125 0.14791666666666667
4 0.56171875 0.465625 0.5671875 0.4375
0 0.2703125 0.440625 0.096875 0.14166666666666666
0 0.0859375 0.44895833333333335 0.1171875 0.11666666666666667
2 0.16796875 0.47291666666666665 0.0953125 0.058333333333333334
0 0.9609375 0.5708333333333333 0.059375 0.2875
4 0.87890625 0.45416666666666666 0.0578125 0.0625
1 0.49765625 0.5739583333333333 0.11875 0.23125
