6 0.4671875 0.3532863849765258 0.084375 0.1596244131455399
6 0.389015625 0.39410798122065727 0.03428125 0.07225352112676056
6 0.65546875 0.4084507042253521 0.0578125 0.11971830985915492
6 0.98359375 0.4307511737089202 0.03125 0.09859154929577464
6 0.78359375 0.4119718309859155 0.0609375 0.107981220657277
6 0.736703125 0.42420187793427233 0.032765625 0.07842723004694835
6 0.83984375 0.42370892018779344 0.040625 0.09389671361502347
6 0.8765625 0.4460093896713615 0.0375 0.06338028169014084
2 0.309375 0.5880281690140845 0.0921875 0.3333333333333333
2 0.4296875 0.6584507042253521 0.125 0.4084507042253521
1 0.1109375 0.4988262910798122 0.1640625 0.18309859154929578
5 0.50471875 0.5307042253521127 0.12025 0.32591549295774647
2 0.43353125 0.6194835680751173 0.105609375 0.37377934272300467
6 0.41015625 0.39401408450704223 0.035546875 0.06450704225352112