6 0.040625 0.4322429906542056 0.05 0.21962616822429906
6 0.63359375 0.48364485981308414 0.0671875 0.12850467289719625
6 0.01171875 0.433411214953271 0.0234375 0.20093457943925233
6 0.63359375 0.39369158878504673 0.04375 0.15186915887850466
6 0.71796875 0.4369158878504673 0.0484375 0.14953271028037382
6 0.5796875 0.4252336448598131 0.046875 0.21495327102803738
6 0.07265625 0.3691588785046729 0.025 0.10981308411214953
6 0.025 0.3399532710280374 0.0203125 0.053738317757009345
5 0.4625 0.5661915887850467 0.278125 0.7250934579439252
8 0.27421875 0.24065420560747663 0.18125 0.0794392523364486
7 0.1640625 0.441588785046729 0.1375 0.3014018691588785
7 0.28515625 0.47897196261682246 0.234375 0.3878504672897196