7 0.91328125 0.7875 0.1734375 0.4041666666666667
6 0.74921875 0.6885416666666667 0.0265625 0.12083333333333333
2 0.73234375 0.587875 0.017796875 0.06327083333333333
0 0.64296875 0.60625 0.1421875 0.16666666666666666
1 0.05078125 0.7291666666666666 0.1 0.175
1 0.5296875 0.64375 0.065625 0.07291666666666667
1 0.77109375 0.5364583333333334 0.025 0.03125
1 0.753125 0.553125 0.0265625 0.03125
7 0.5515625 0.6197916666666666 0.053125 0.07916666666666666
1 0.7859375 0.5302083333333333 0.0234375 0.027083333333333334
1 0.7328125 0.5572916666666666 0.0359375 0.03125
1 0.71875 0.56875 0.015625 0.027083333333333334
1 0.87109375 0.525 0.021875 0.01875