6 0.675 0.597877358490566 0.225 0.7877358490566038
6 0.103125 0.5283018867924528 0.1484375 0.6037735849056604
6 0.50390625 0.5283018867924528 0.1328125 0.6061320754716981
6 0.91953125 0.6002358490566038 0.1609375 0.7806603773584906
2 0.026703125 0.3758254716981132 0.05340625 0.12903301886792454
6 0.84453125 0.6002358490566038 0.1328125 0.7075471698113207
6 0.80625 0.4033018867924528 0.071875 0.25
1 0.34921875 0.44221698113207547 0.20625 0.18632075471698112
1 0.04765625 0.5554245283018868 0.09375 0.23820754716981132
1 0.6796875 0.3867924528301887 0.2375 0.18160377358490565
1 0.7578125 0.3561320754716981 0.0828125 0.10377358490566038
6 0.216453125 0.6104245283018868 0.0873125 0.5799056603773585