1 0.14375 0.5187714285714286 0.03125 0.11714285714285715
1 0.2 0.5185714285714286 0.03125 0.12
1 0.16953125 0.52 0.025 0.12571428571428572
0 0.16953125 0.48 0.01875 0.045714285714285714
0 0.21953125 0.5357142857142857 0.0140625 0.06857142857142857
2 0.36171875 0.4685714285714286 0.0546875 0.045714285714285714
2 0.38125 0.49142857142857144 0.065625 0.06857142857142857
2 0.24609375 0.49857142857142855 0.021875 0.06
7 0.46015625 0.52 0.13125 0.18285714285714286
7 0.73359375 0.4942857142857143 0.1703125 0.37142857142857144
