1 0.6074375 0.5744208809135399 0.3410625 0.44575856443719414
0 0.18203125 0.37765089722675366 0.028125 0.07177814029363784
0 0.8796875 0.4445350734094617 0.0328125 0.09787928221859707
0 0.15078125 0.4282218597063622 0.0421875 0.14518760195758565
0 0.109375 0.41517128874388254 0.03125 0.12071778140293637
0 0.0859375 0.3556280587275693 0.0109375 0.05546492659053834
0 0.11640625 0.35154975530179444 0.0171875 0.04241435562805873
0 0.06328125 0.3539967373572594 0.0109375 0.024469820554649267
0 0.10390625 0.3450244698205546 0.0125 0.03262642740619902
4 0.025 0.3401305057096248 0.05 0.1402936378466558
4 0.0265625 0.34094616639477976 0.053125 0.1468189233278956
