0 0.6671875 0.6264637002341921 0.090625 0.2810304449648712
0 0.7328125 0.6065573770491803 0.1125 0.28805620608899296
0 0.58984375 0.6475409836065574 0.1296875 0.26229508196721313
0 0.37265625 0.563231850117096 0.084375 0.2646370023419204
0 0.4671875 0.6241217798594848 0.0703125 0.30679156908665106
0 0.9859375 0.5831381733021077 0.0265625 0.24355971896955503
0 0.5171875 0.6088992974238876 0.08125 0.3395784543325527
0 0.76640625 0.48243559718969553 0.021875 0.08899297423887588
1 0.91640625 0.594847775175644 0.1671875 0.32786885245901637
5 0.49609375 0.4648711943793911 0.434375 0.3957845433255269
4 0.10390625 0.39227166276346603 0.2078125 0.2154566744730679
8 0.24609375 0.43559718969555034 0.0875 0.09836065573770492
0 0.7171875 0.45433255269320844 0.0203125 0.03981264637002342
