6 0.7679611650485437 0.49921875 0.04271844660194175 0.096875
6 0.8786407766990292 0.5 0.03495145631067961 0.0875
6 0.9776699029126213 0.49140625 0.04466019417475728 0.1640625
6 0.7310679611650486 0.50546875 0.031067961165048542 0.08125
6 0.9504854368932039 0.49765625 0.03495145631067961 0.1390625
6 0.8067961165048544 0.50625 0.017475728155339806 0.04375
6 0.641747572815534 0.47890625 0.03495145631067961 0.05
6 0.7922330097087379 0.50703125 0.015533980582524271 0.0421875
6 0.916504854368932 0.5015625 0.021359223300970873 0.059375
2 0.3796116504854369 0.51171875 0.7572815533980582 0.940625
1 0.3932038834951456 0.5078125 0.6116504854368932 0.25