6 0.2726269315673289 0.94140625 0.1280353200883002 0.1171875
6 0.19426048565121412 0.8984375 0.10375275938189846 0.0796875
6 0.8675496688741722 0.90390625 0.13024282560706402 0.090625
6 0.48344370860927155 0.86796875 0.0684326710816777 0.115625
6 0.7781456953642384 0.8484375 0.037527593818984545 0.078125
2 0.9239293598233996 0.851734375 0.10125827814569535 0.09476562499999999
6 0.5143487858719646 0.8546875 0.03090507726269316 0.0703125
6 0.2152317880794702 0.84609375 0.024282560706401765 0.03125
6 0.05739514348785872 0.86640625 0.08609271523178808 0.1046875
6 0.0640176600441501 0.890625 0.039735099337748346 0.0578125
6 0.6059602649006622 0.8734375 0.04856512141280353 0.0484375
6 0.18984547461368653 0.853125 0.024282560706401765 0.0265625
6 0.008830022075055188 0.859375 0.017660044150110375 0.0359375
7 0.2704194260485651 0.854828125 0.08830022075055188 0.028125
2 0.11081677704194261 0.8680468749999999 0.0476158940397351 0.033703125
2 0.3562913907284768 0.856046875 0.021986754966887418 0.026578125
2 0.3805518763796909 0.8573437500000001 0.024724061810154525 0.025281249999999998
6 0.9851655629139072 0.839828125 0.01816777041942605 0.038140625
6 0.965187637969095 0.838328125 0.019381898454746135 0.03771875