0 0.84375 0.6756756756756757 0.0421875 0.1288981288981289
0 0.24453125 0.6413721413721414 0.00625 0.02286902286902287
0 0.33203125 0.7047817047817048 0.0671875 0.21413721413721415
0 0.8796875 0.6517671517671517 0.0125 0.062370062370062374
0 0.77578125 0.6725571725571725 0.0421875 0.15176715176715178
0 0.39453125 0.7338877338877339 0.0734375 0.17671517671517672
0 0.0828125 0.7858627858627859 0.1171875 0.4261954261954262
0 0.68828125 0.6767151767151767 0.0296875 0.10602910602910603
0 0.80546875 0.6486486486486487 0.0109375 0.035343035343035345
1 0.527328125 0.7069022869022868 0.050046875000000005 0.18717255717255718
1 0.878125 0.7588357588357588 0.240625 0.48232848232848236
1 0.3796875 0.735966735966736 0.103125 0.18087318087318088
1 0.65234375 0.6933471933471933 0.053125 0.12474012474012475
1 0.5640625 0.7879417879417879 0.1859375 0.42411642411642414
1 0.221875 0.6941580041580041 0.08125 0.19257796257796256
