6 0.55703125 0.5979166666666667 0.11875 0.4479166666666667
6 0.403125 0.634375 0.1140625 0.4083333333333333
6 0.0984375 0.5177083333333333 0.0515625 0.16458333333333333
6 0.975 0.565625 0.05 0.2708333333333333
6 0.65390625 0.49583333333333335 0.0390625 0.12916666666666668
6 0.15234375 0.521875 0.0390625 0.15
6 0.68671875 0.490625 0.03125 0.12708333333333333
6 0.60625 0.48125 0.034375 0.12916666666666668
6 0.73046875 0.4822916666666667 0.0265625 0.09375
6 0.79296875 0.4822916666666667 0.028125 0.125
2 0.30390625 0.5010416666666667 0.034375 0.13541666666666666
2 0.91171875 0.5152708333333333 0.059375 0.1618125
6 0.94921875 0.49166666666666664 0.0296875 0.10833333333333334
6 0.19375 0.4739583333333333 0.0265625 0.08541666666666667
6 0.45390625 0.45416666666666666 0.0171875 0.0625
6 0.403125 0.44583333333333336 0.0109375 0.04375
6 0.88828125 0.471875 0.028125 0.06875
6 0.46796875 0.45416666666666666 0.0171875 0.06666666666666667
2 0.353984375 0.4642708333333333 0.019671875 0.08329166666666667
6 0.162234375 0.44652083333333337 0.02025 0.04627083333333334
6 0.262015625 0.45 0.01040625 0.05475
6 0.27184375 0.4542291666666667 0.00925 0.05552083333333333