1 0.5546875 0.35058823529411764 0.1609375 0.1011764705882353
2 0.609375 0.5411764705882353 0.4765625 0.7835294117647059
1 0.29765625 0.35058823529411764 0.1515625 0.14823529411764705
1 0.8578125 0.3905882352941176 0.234375 0.2023529411764706
6 0.16171875 0.5317647058823529 0.1609375 0.6611764705882353
6 0.55078125 0.3658823529411765 0.0625 0.11294117647058824
6 0.2765625 0.32823529411764707 0.0515625 0.1952941176470588
6 0.42890625 0.35294117647058826 0.065625 0.1011764705882353
6 0.0265625 0.40705882352941175 0.053125 0.3129411764705882
6 0.07421875 0.4047058823529412 0.05 0.3058823529411765
6 0.36015625 0.3623529411764706 0.053125 0.08941176470588236
6 0.37109375 0.42823529411764705 0.0765625 0.2211764705882353
6 0.33828125 0.3305882352941176 0.05 0.08
3 0.66484375 0.2952941176470588 0.2078125 0.11764705882352941
1 0.4796875 0.3341176470588235 0.071875 0.07529411764705882
1 0.40078125 0.3129411764705882 0.059375 0.04470588235294118