0 0.321875 0.4678423236514523 0.084375 0.3070539419087137
0 0.05 0.5446058091286307 0.1 0.4066390041493776
0 0.665625 0.6037344398340249 0.1421875 0.4107883817427386
0 0.740625 0.7468879668049793 0.2765625 0.32987551867219916
0 0.09921875 0.508298755186722 0.0765625 0.38589211618257263
0 0.384375 0.4605809128630705 0.0796875 0.23443983402489627
0 0.52421875 0.4149377593360996 0.046875 0.1825726141078838
0 0.46796875 0.4149377593360996 0.046875 0.2033195020746888
0 0.98125 0.3454356846473029 0.0375 0.08091286307053942
0 0.40390625 0.33195020746887965 0.053125 0.07676348547717843
0 0.49921875 0.42323651452282157 0.0390625 0.17427385892116182
3 0.44453125 0.6659751037344398 0.2890625 0.3257261410788382
2 0.5453125 0.32987551867219916 0.0859375 0.06224066390041494
0 0.75390625 0.5632780082987552 0.1484375 0.2697095435684647
0 0.4953125 0.4387966804979253 0.896875 0.3008298755186722
1 0.18984375 0.5446058091286307 0.1640625 0.45228215767634855
