4 0.5859375 0.32083333333333336 0.3640625 0.10833333333333334
4 0.15703125 0.39166666666666666 0.3140625 0.32083333333333336
1 0.60828125 0.4286041666666666 0.050937500000000004 0.21864583333333334
1 0.48515625 0.6125 0.4109375 0.775
1 0.32890625 0.5416666666666666 0.1640625 0.5145833333333333
1 0.09140625 0.4979166666666667 0.1484375 0.32083333333333336
1 0.221875 0.46875 0.078125 0.25625
1 0.27421875 0.46458333333333335 0.04375 0.2604166666666667
1 0.6453125 0.5114583333333333 0.0875 0.38125
1 0.7075 0.41964583333333333 0.0475 0.22404166666666667
1 0.5276562499999999 0.4144583333333333 0.0728125 0.33025000000000004
