7 0.82734375 0.8489461358313818 0.2046875 0.24824355971896955
7 0.3375 0.7412177985948478 0.153125 0.10772833723653395
2 0.507 0.8163700234192037 0.06085937500000001 0.24866510538641687
6 0.090625 0.702576112412178 0.0140625 0.02810304449648712
6 0.15546875 0.7306791569086651 0.0203125 0.0702576112412178
6 0.1046875 0.7072599531615925 0.0125 0.03044496487119438
6 0.846875 0.7201405152224825 0.0140625 0.0234192037470726
6 0.8296875 0.7166276346604216 0.0140625 0.02576112412177986
6 0.9109375 0.7318501170960188 0.0203125 0.04449648711943794
7 0.02734375 0.7447306791569087 0.0546875 0.09836065573770492
1 0.0890625 0.7482435597189696 0.0734375 0.06323185011709602
7 0.721875 0.7915690866510539 0.096875 0.14988290398126464
1 0.55078125 0.7283372365339579 0.071875 0.06557377049180328
1 0.1953125 0.7271662763466042 0.0453125 0.04918032786885246
1 0.66953125 0.7810304449648712 0.053125 0.0936768149882904
7 0.59375 0.711943793911007 0.040625 0.053864168618266976
1 0.63203125 0.7482435597189696 0.0359375 0.07962529274004684
7 0.24140625 0.7154566744730679 0.034375 0.0468384074941452
1 0.265625 0.711943793911007 0.0296875 0.03981264637002342
0 0.4921875 0.6838407494145199 0.1234375 0.08665105386416862
1 0.221875 0.7213114754098361 0.0296875 0.04449648711943794
7 0.7546875 0.8044496487119438 0.0671875 0.16393442622950818