2 0.709375 0.8443396226415094 0.08125 0.3089622641509434
2 0.839796875 0.8792924528301886 0.135859375 0.23974056603773586
6 0.95859375 0.8384433962264151 0.08125 0.29009433962264153
2 0.7703125 0.7925943396226415 0.06875 0.21962264150943397
2 0.53046875 0.7841981132075472 0.04375 0.18632075471698112
6 0.646875 0.7264150943396226 0.021875 0.08962264150943396
2 0.46328125 0.7616273584905661 0.0265625 0.1435377358490566
2 0.68125 0.7700471698113207 0.034375 0.14858490566037735
2 0.8890625 0.8372641509433962 0.0828125 0.25943396226415094
2 0.43984375 0.7342216981132076 0.0234375 0.1122877358490566
2 0.590625 0.8632075471698113 0.0703125 0.27122641509433965
2 0.94296875 0.8466981132075472 0.1125 0.30660377358490565
2 0.39765625 0.7679009433962264 0.03546875 0.15257075471698112
2 0.8914375 0.7439150943396227 0.075796875 0.10669811320754717
2 0.6136874999999999 0.7471462264150944 0.026968750000000003 0.10285377358490566
2 0.360703125 0.6941273584905661 0.012640624999999999 0.052500000000000005
2 0.49946875 0.7270047169811321 0.018828125 0.09721698113207547
2 0.48423437500000005 0.72875 0.017421875 0.09910377358490567
2 0.3764375 0.6973584905660377 0.01515625 0.0564622641509434