7 0.1734375 0.3729166666666667 0.06875 0.13333333333333333
6 0.9375 0.3854166666666667 0.028125 0.10416666666666667
1 0.328125 0.4010416666666667 0.1046875 0.12916666666666668
1 0.38828125 0.396875 0.071875 0.10833333333333334
1 0.078125 0.4114583333333333 0.1546875 0.16666666666666666
1 0.6296875 0.375 0.0375 0.01875
1 0.34140625 0.33541666666666664 0.053125 0.01875
1 0.590625 0.375 0.01875 0.020833333333333332
1 0.52109375 0.3729166666666667 0.0171875 0.029166666666666667
1 0.5765625 0.375 0.0140625 0.020833333333333332
7 0.04375 0.3072916666666667 0.0875 0.05416666666666667
1 0.41953125 0.3729166666666667 0.0265625 0.025
2 0.8846875000000001 0.4425 0.11156250000000001 0.39958333333333335