0 0.54765625 0.5269320843091335 0.2234375 0.6159250585480094
0 0.28125 0.5749414519906323 0.01875 0.1053864168618267
0 0.265625 0.5690866510538641 0.0109375 0.07494145199063232
0 0.6171875 0.6065573770491803 0.025 0.07494145199063232
0 0.76640625 0.5983606557377049 0.0515625 0.12646370023419204
0 0.81328125 0.6042154566744731 0.05 0.21779859484777517
0 0.871875 0.6007025761124122 0.0515625 0.22950819672131148
0 0.0453125 0.5620608899297423 0.0265625 0.09133489461358314
0 0.43046875 0.6018735362997658 0.0390625 0.0702576112412178
0 0.67890625 0.5960187353629977 0.0203125 0.07962529274004684
0 0.07265625 0.5644028103044496 0.0203125 0.05152224824355972
0 0.9484375 0.5995316159250585 0.03125 0.11475409836065574
0 0.221875 0.5679156908665105 0.0203125 0.08196721311475409
0 0.49921875 0.5784543325526932 0.9984375 0.1920374707259953
1 0.765625 0.6217798594847775 0.0609375 0.1756440281030445
