0 0.54375 0.24707259953161592 0.1265625 0.33489461358313816
0 0.43359375 0.2775175644028103 0.1421875 0.297423887587822
0 0.09921875 0.2306791569086651 0.1546875 0.45433255269320844
0 0.23671875 0.09016393442622951 0.0703125 0.17798594847775176
0 0.45546875 0.117096018735363 0.0578125 0.22716627634660422
0 0.16875 0.3009367681498829 0.0671875 0.3185011709601874
0 0.28671875 0.09250585480093677 0.0453125 0.18501170960187355
0 0.3796875 0.15339578454332553 0.1453125 0.3044496487119438
1 0.7101875 0.20079625292740044 0.224921875 0.4015925058548009
1 0.86528125 0.2532552693208431 0.16096875 0.3852693208430913
