0 0.50625 0.5259593679458239 0.234375 0.8848758465011287
3 0.753125 0.15349887133182843 0.05625 0.14221218961625282
3 0.46328125 0.19751693002257337 0.0390625 0.07223476297968397
3 0.60546875 0.1162528216704289 0.0234375 0.0654627539503386
0 0.45078125 0.15349887133182843 0.0578125 0.1580135440180587
0 0.6046875 0.06772009029345373 0.021875 0.03611738148984198
0 0.878125 0.0654627539503386 0.0171875 0.09480812641083522
0 0.6515625 0.07562076749435666 0.025 0.0654627539503386
0 0.75234375 0.11963882618510158 0.0625 0.1670428893905192
0 0.61875 0.07110609480812641 0.0171875 0.05417607223476298
0 0.8609375 0.060948081264108354 0.0125 0.05869074492099323
0 0.5859375 0.06884875846501129 0.0171875 0.05191873589164785
3 0.95546875 0.21896162528216703 0.0890625 0.19187358916478556
1 0.56328125 0.08803611738148984 0.028125 0.09029345372460497
1 0.3171875 0.1252821670428894 0.0375 0.14221218961625282
0 0.430671875 0.08474040632054176 0.018484375 0.07110609480812641
0 0.476078125 0.07600451467268624 0.017374999999999998 0.049390519187358914
0 0.5234375 0.06480812641083522 0.012421875 0.037155756207674945
0 0.49682812500000006 0.06790067720090293 0.0190625 0.03672686230248307
0 0.5493125 0.07918735891647855 0.01678125 0.04735891647855531
0 0.44165625000000003 0.08006772009029345 0.01353125 0.06564334085778781
0 0.769046875 0.058781038374717834 0.019125 0.059571106094808125
3 0.7982812499999999 0.07756207674943566 0.02659375 0.04625282167042889
