6 0.4602888086642599 0.46228868660598177 0.42358604091456076 0.8842652795838751
2 0.7214199759326113 0.24902470741222366 0.5547533092659447 0.3589076723016905
2 0.05776173285198556 0.14954486345903772 0.11552346570397112 0.18205461638491546
5 0.23766546329723226 0.1293888166449935 0.3104693140794224 0.16775032509752927
2 0.8249097472924187 0.05136540962288687 0.148014440433213 0.04291287386215865
2 0.7322503008423586 0.07477243172951886 0.17208182912154033 0.031209362808842653
2 0.5008423586040914 0.09094928478543562 0.27086642599277977 0.10517555266579974
2 0.9596871239470517 0.06827048114434331 0.07942238267148015 0.05981794538361508
2 0.1371841155234657 0.05201560468140442 0.08062575210589651 0.035110533159947985
7 0.23405535499398314 0.1293888166449935 0.3056558363417569 0.16775032509752927
2 0.05776173285198556 0.1482444733420026 0.11552346570397112 0.18335500650195058
