7 0.8203125 0.6333333333333333 0.1390625 0.14791666666666667
2 0.57375 0.6690208333333333 0.0615625 0.19824999999999998
6 0.89453125 0.6458333333333334 0.025 0.11041666666666666
6 0.921875 0.646875 0.0265625 0.10625
6 0.9484375 0.6510416666666666 0.021875 0.09375
6 0.74453125 0.6458333333333334 0.028125 0.12916666666666668
6 0.67578125 0.6604166666666667 0.03125 0.12291666666666666
6 0.25 0.10416666666666667 0.1078125 0.2
5 0.99296875 0.6770833333333334 0.0125 0.12708333333333333
5 0.9676562499999999 0.6494583333333334 0.027500000000000004 0.08014583333333333
6 0.64296875 0.6375 0.0328125 0.09791666666666667
6 0.494703125 0.70625 0.042875 0.0681875