6 0.909 0.8986666666666666 0.064 0.14666666666666667
6 0.287 0.912 0.058 0.15466666666666667
6 0.096 0.912 0.042 0.13066666666666665
6 0.152 0.912 0.026 0.128
6 0.347 0.9053333333333333 0.058 0.15466666666666667
6 0.202 0.8893333333333333 0.036 0.10666666666666667
6 0.541 0.8933333333333333 0.052 0.14933333333333335
6 0.124 0.9106666666666666 0.036 0.13066666666666665
6 0.381 0.9026666666666666 0.026 0.13866666666666666
6 0.062 0.9133333333333333 0.024 0.15733333333333333
6 0.853 0.868 0.022 0.08266666666666667
6 0.567 0.9146666666666666 0.054 0.10933333333333334
2 0.817 0.8733333333333333 0.026 0.07733333333333334
1 0.742 0.8573333333333333 0.05 0.048
1 0.612 0.8613333333333333 0.05 0.05333333333333334
1 0.712 0.852 0.034 0.04533333333333334
3 0.66 0.8493333333333334 0.044 0.050666666666666665
1 0.774 0.8506666666666667 0.03 0.037333333333333336
1 0.529 0.868 0.034 0.07733333333333334
8 0.945 0.8213333333333334 0.108 0.16
1 0.108 0.876 0.074 0.08533333333333333
1 0.174 0.8626666666666667 0.03 0.037333333333333336
7 0.036 0.9146666666666666 0.072 0.17066666666666666
7 0.964 0.8906666666666667 0.072 0.12266666666666666