1 0.4958450704225352 0.412171875 0.09732394366197183 0.11496875
0 0.4072769953051643 0.3921875 0.06572769953051644 0.1015625
2 0.704225352112676 0.4203125 0.11032863849765258 0.0453125
2 0.8556338028169014 0.46171875 0.10328638497652583 0.05
2 0.9342723004694836 0.484375 0.12910798122065728 0.065625
2 0.5915492957746479 0.3875 0.05868544600938967 0.0328125
2 0.5481220657276995 0.3796875 0.04225352112676056 0.021875
2 0.4753521126760563 0.35703125 0.03286384976525822 0.015625
2 0.4495305164319249 0.3546875 0.03051643192488263 0.01875
2 0.42018779342723006 0.33828125 0.035211267605633804 0.015625
2 0.5246478873239436 0.36875 0.023474178403755867 0.0109375
7 0.9342723004694836 0.48359375 0.12910798122065728 0.0640625
