2 0.13359375 0.8 0.2171875 0.10416666666666667
0 0.69921875 0.8052083333333333 0.0421875 0.15625
0 0.33515625 0.778125 0.00625 0.03125
0 0.796875 0.8135416666666667 0.0390625 0.1375
0 0.2734375 0.7697916666666667 0.0203125 0.06666666666666667
0 0.29921875 0.7697916666666667 0.01875 0.06458333333333334
0 0.2875 0.7697916666666667 0.0125 0.06458333333333334
0 0.165625 0.75 0.0140625 0.01875
1 0.3671875 0.7947916666666667 0.0359375 0.15208333333333332
1 0.1296875 0.790625 0.0890625 0.14791666666666667
