0 0.8150087260034904 0.05592105263157895 0.010471204188481676 0.046052631578947366
0 0.7888307155322862 0.054276315789473686 0.008726003490401396 0.049342105263157895
6 0.955933682373473 0.6528289473684211 0.08638743455497382 0.674078947368421
0 0.8708551483420593 0.05921052631578947 0.012216404886561954 0.046052631578947366
0 0.9397905759162304 0.05098684210526316 0.010471204188481676 0.05263157894736842
0 0.8464223385689355 0.05592105263157895 0.008726003490401396 0.049342105263157895
0 0.5322862129144852 0.05263157894736842 0.012216404886561954 0.049342105263157895
6 0.22774869109947643 0.4901315789473684 0.41535776614310643 0.9276315789473685
0 0.6351483420593368 0.04786184210526316 0.01331588132635253 0.06138157894736842
0 0.6533682373472949 0.05256578947368421 0.010907504363001745 0.04779605263157895
0 0.8947469458987785 0.053388157894736846 0.010261780104712041 0.046184210526315786
0 0.925392670157068 0.05052631578947368 0.012216404886561954 0.05355263157894737
0 0.9952006980802792 0.05092105263157895 0.009598603839441536 0.05108552631578947
0 0.4857068062827225 0.05256578947368421 0.012425828970331588 0.04779605263157895
