7 0.74296875 0.6666666666666666 0.5140625 0.6009389671361502
6 0.07109375 0.6807511737089202 0.1421875 0.36384976525821594
6 0.44921875 0.5774647887323944 0.059375 0.2863849765258216
6 0.203125 0.6173708920187794 0.0625 0.31220657276995306
6 0.3734375 0.5845070422535211 0.0609375 0.23708920187793428
6 0.3078125 0.5575117370892019 0.0390625 0.14788732394366197
2 0.13934375000000002 0.5834272300469483 0.10178125 0.18091549295774648
6 0.696875 0.5692488262910798 0.0703125 0.08450704225352113
6 0.53828125 0.5434272300469484 0.040625 0.11737089201877934
6 0.57578125 0.5316901408450704 0.0296875 0.12206572769953052
6 0.25859375 0.5575117370892019 0.03125 0.16666666666666666
6 0.2796875 0.5469483568075117 0.025 0.13849765258215962
6 0.15234375 0.534037558685446 0.03125 0.11267605633802817
6 0.67421875 0.49061032863849763 0.0296875 0.06103286384976526
6 0.62890625 0.5211267605633803 0.028125 0.09154929577464789
6 0.07734375 0.5669014084507042 0.034375 0.17370892018779344
6 0.34765625 0.5446009389671361 0.025 0.12441314553990611
0 0.2296875 0.460093896713615 0.175 0.12441314553990611