0 0.88203125 0.6843267108167771 0.01875 0.05739514348785872
0 0.41640625 0.673289183222958 0.03125 0.059602649006622516
0 0.58828125 0.6854304635761589 0.0125 0.052980132450331126
0 0.63828125 0.6644591611479028 0.009375 0.04194260485651214
0 0.665625 0.6589403973509934 0.00625 0.03090507726269316
0 0.70078125 0.6467991169977925 0.0078125 0.024282560706401765
1 0.102125 0.7284105960264902 0.03153125 0.09322295805739514
0 0.15390625 0.7295805739514348 0.025 0.08167770419426049
0 0.846875 0.6534216335540839 0.009375 0.033112582781456956
0 0.0734375 0.7163355408388521 0.0171875 0.09492273730684327
0 0.27890625 0.6721854304635762 0.0109375 0.026490066225165563
0 0.615625 0.6578366445916115 0.0046875 0.02207505518763797
0 0.8875 0.6578366445916115 0.0109375 0.033112582781456956
0 0.87421875 0.6534216335540839 0.0109375 0.03532008830022075
1 0.15390625 0.7317880794701986 0.0453125 0.08609271523178808
