0 0.76484375 0.557919621749409 0.0234375 0.0851063829787234
1 0.51796875 0.5543735224586288 0.01875 0.06855791962174941
0 0.6046875 0.5638297872340425 0.0140625 0.08037825059101655
0 0.15703125 0.5673758865248227 0.0171875 0.07328605200945626
0 0.54453125 0.549645390070922 0.0109375 0.05200945626477541
0 0.47890625 0.549645390070922 0.0109375 0.03546099290780142
1 0.8359375 0.7340425531914894 0.090625 0.3309692671394799
4 0.36796875 0.5366430260047281 0.115625 0.15130023640661938
4 0.23359375 0.5401891252955082 0.084375 0.1276595744680851
4 0.29375 0.5295508274231678 0.0390625 0.09456264775413711
