6 0.06171875 0.6989583333333333 0.121875 0.6020833333333333
6 0.7359375 0.6229166666666667 0.0625 0.23125
6 0.66953125 0.61875 0.0703125 0.24791666666666667
6 0.81328125 0.5614583333333333 0.0484375 0.1625
6 0.60390625 0.5822916666666667 0.028125 0.14791666666666667
6 0.77265625 0.5666666666666667 0.034375 0.11875
6 0.8640625 0.553125 0.0296875 0.125
6 0.915625 0.55625 0.03125 0.1125
6 0.346875 0.5354166666666667 0.0296875 0.058333333333333334
6 0.71015625 0.6 0.034375 0.2
6 0.84375 0.5479166666666667 0.0296875 0.125
6 0.3203125 0.534375 0.0265625 0.06666666666666667
6 0.40625 0.515625 0.015625 0.0375
6 0.88671875 0.5322916666666667 0.0171875 0.0625
6 0.71015625 0.5364583333333334 0.034375 0.07083333333333333
6 0.5421875 0.5135416666666667 0.0125 0.022916666666666665
6 0.36796875 0.5177083333333333 0.0203125 0.04583333333333333
6 0.26875 0.5125 0.0140625 0.029166666666666667
6 0.51875 0.5177083333333333 0.0140625 0.022916666666666665
2 0.46328125 0.6083333333333333 0.0921875 0.20625
1 0.26756250000000004 0.6958333333333333 0.43987499999999996 0.3125
7 0.2390625 0.5666666666666667 0.3015625 0.11875
1 0.53515625 0.5645833333333333 0.1203125 0.08125
1 0.634375 0.5520833333333334 0.0484375 0.0625
1 0.4203125 0.5864583333333333 0.178125 0.1125