0 0.53359375 0.9427083333333334 0.0609375 0.11458333333333333
0 0.18046875 0.9458333333333333 0.0984375 0.10833333333333334
0 0.45 0.9385416666666667 0.1125 0.12083333333333333
0 0.06015625 0.94375 0.0546875 0.11041666666666666
0 0.028125 0.9729166666666667 0.05 0.052083333333333336
0 0.24375 0.9239583333333333 0.025 0.09583333333333334
0 0.97578125 0.940625 0.021875 0.11458333333333333
0 0.2671875 0.9125 0.0203125 0.07083333333333333
0 0.2125 0.9114583333333334 0.0234375 0.06666666666666667
0 0.00703125 0.934375 0.0125 0.12291666666666666
0 0.4671875 0.9270833333333334 0.0546875 0.09583333333333334
