1 0.17578125 0.7272769953051643 0.05 0.14706572769953052
0 0.6390625 0.6525821596244131 0.0296875 0.12206572769953052
0 0.78203125 0.6772300469483568 0.0484375 0.09154929577464789
1 0.2640625 0.6574178403755868 0.0265625 0.11295774647887323
0 0.415625 0.6431924882629108 0.0140625 0.05868544600938967
0 0.81015625 0.67018779342723 0.021875 0.06338028169014084
1 0.3109375 0.6606572769953052 0.0375 0.1241549295774648
1 0.390578125 0.6462910798122066 0.033828125 0.10772300469483569
0 0.47734375 0.6275117370892018 0.0140625 0.0568075117370892
0 0.446875 0.6326291079812206 0.0125 0.06103286384976526
0 0.2796875 0.6384976525821596 0.0171875 0.0539906103286385
2 0.8953125 0.6713615023474179 0.1203125 0.09389671361502347
5 0.97109375 0.6255868544600939 0.0546875 0.09389671361502347
8 0.197921875 0.6032863849765259 0.042734375000000005 0.03286384976525822
0 0.43695312499999994 0.631525821596244 0.015625 0.07415492957746479
0 0.49651562499999996 0.6253521126760563 0.010484375 0.06422535211267605
2 0.98046875 0.6842723004694836 0.0390625 0.09389671361502347
0 0.6072656249999999 0.6309154929577464 0.014796875000000001 0.06530516431924882
