1 0.27421875 0.49583333333333335 0.0890625 0.21875
4 0.5234375 0.44895833333333335 0.725 0.3416666666666667
0 0.103125 0.48020833333333335 0.021875 0.08333333333333333
0 0.071875 0.478125 0.0171875 0.058333333333333334
0 0.89453125 0.5125 0.0265625 0.17291666666666666
0 0.0859375 0.47291666666666665 0.015625 0.06458333333333334
0 0.1390625 0.475 0.0203125 0.07916666666666666
0 0.12109375 0.48333333333333334 0.0203125 0.07916666666666666
0 0.0578125 0.47708333333333336 0.015625 0.06041666666666667
0 0.93046875 0.5104166666666666 0.0390625 0.1625
0 0.9203125 0.4552083333333333 0.021875 0.052083333333333336
