2 0.8578125 0.38941176470588235 0.234375 0.2023529411764706
2 0.55390625 0.3458823529411765 0.1640625 0.09411764705882353
2 0.4796875 0.33294117647058824 0.071875 0.07058823529411765
2 0.39609375 0.31882352941176473 0.0546875 0.04941176470588235
2 0.2921875 0.3976470588235294 0.1359375 0.25882352941176473
2 0.1796875 0.30117647058823527 0.178125 0.11058823529411765
0 0.16015625 0.528235294117647 0.159375 0.6752941176470588
0 0.4234375 0.4211764705882353 0.075 0.24
0 0.36015625 0.3905882352941176 0.0578125 0.15764705882352942
0 0.559375 0.36470588235294116 0.071875 0.11529411764705882
0 0.27890625 0.3270588235294118 0.05625 0.19294117647058823
0 0.3359375 0.3247058823529412 0.05 0.07294117647058823
0 0.07421875 0.40941176470588236 0.0515625 0.3035294117647059
0 0.018875 0.41611764705882354 0.037765625000000004 0.28150588235294116
2 0.0421875 0.27058823529411763 0.084375 0.07294117647058823
2 0.6671875 0.3 0.2046875 0.11529411764705882
0 0.27109375 0.3764705882352941 0.0578125 0.1223529411764706
1 0.60625 0.5317647058823529 0.471875 0.7788235294117647
