2 0.771875 0.6364583333333333 0.2328125 0.15208333333333332
0 0.25625 0.1 0.0984375 0.19583333333333333
0 0.68203125 0.6625 0.0484375 0.13125
0 0.9234375 0.6458333333333334 0.028125 0.10416666666666667
0 0.8953125 0.64375 0.025 0.11041666666666666
0 0.94921875 0.65 0.0171875 0.09166666666666666
0 0.63125 0.625 0.0375 0.08125
3 0.64296875 0.6802083333333333 0.0484375 0.11041666666666666
0 0.95546875 0.596875 0.0109375 0.016666666666666666
0 0.99375 0.665625 0.0125 0.09791666666666667
0 0.74765625 0.646875 0.021875 0.125
1 0.571875 0.6791666666666667 0.0515625 0.17291666666666666
1 0.584375 0.6666666666666666 0.0578125 0.19583333333333333
