7 0.3515625 0.425 0.1359375 0.103125
0 0.6625 0.4671875 0.078125 0.196875
0 0.77734375 0.41953125 0.0578125 0.115625
1 0.259375 0.678125 0.175 0.6
5 0.89453125 0.44375 0.2109375 0.2875
2 0.05859375 0.4453125 0.1171875 0.0734375
2 0.16640625 0.446875 0.0890625 0.0703125
2 0.58125 0.4328125 0.078125 0.0640625
7 0.42621875 0.41779687499999996 0.12256249999999999 0.09567187499999999
2 0.4984375 0.4296875 0.0671875 0.0609375
2 0.62109375 0.4234375 0.04375 0.0546875
2 0.12421875 0.4296875 0.065625 0.05
