0 0.421875 0.6182669789227166 0.196875 0.7423887587822015
0 0.9671875 0.3161592505854801 0.05625 0.24824355971896955
0 0.92109375 0.32903981264637 0.0609375 0.24121779859484777
0 0.9828125 0.32669789227166274 0.034375 0.24824355971896955
0 0.88984375 0.25878220140515223 0.0234375 0.06557377049180328
0 0.10859375 0.28688524590163933 0.0515625 0.13817330210772832
0 0.00859375 0.25175644028103045 0.0171875 0.06323185011709602
0 0.25390625 0.24355971896955503 0.0453125 0.1920374707259953
0 0.33828125 0.19086651053864168 0.0265625 0.04449648711943794
0 0.05234375 0.25526932084309134 0.053125 0.13114754098360656
0 0.50234375 0.32786885245901637 0.040625 0.1053864168618267
