6 0.788235294117647 0.5171875 0.02588235294117647 0.034375
6 0.8070588235294117 0.50546875 0.023529411764705882 0.0296875
6 0.6976470588235294 0.5171875 0.01411764705882353 0.0390625
6 0.8694117647058823 0.51484375 0.03058823529411765 0.0265625
6 0.6658823529411765 0.51796875 0.018823529411764704 0.034375
2 0.3611764705882353 0.66328125 0.4823529411764706 0.33125
1 0.12941176470588237 0.52265625 0.07294117647058823 0.028125
1 0.5964705882352941 0.51796875 0.047058823529411764 0.025
1 0.5694117647058824 0.51640625 0.04470588235294118 0.0265625
0 0.5364705882352941 0.50078125 0.058823529411764705 0.0453125
1 0.4988235294117647 0.509375 0.02588235294117647 0.015625
1 0.4235294117647059 0.50390625 0.02588235294117647 0.01875
1 0.31058823529411766 0.50859375 0.03294117647058824 0.0140625
1 0.9764705882352941 0.521875 0.03294117647058824 0.01875
1 0.4788235294117647 0.50703125 0.018823529411764704 0.015625
1 0.2164705882352941 0.5171875 0.04 0.01875
1 0.24705882352941178 0.515625 0.02823529411764706 0.01875
1 0.29294117647058826 0.51171875 0.018823529411764704 0.0140625
1 0.4541176470588235 0.5046875 0.03294117647058824 0.015625
1 0.2847058823529412 0.5140625 0.021176470588235293 0.0140625
1 0.5094117647058823 0.5125 0.018823529411764704 0.015625
1 0.2647058823529412 0.51484375 0.021176470588235293 0.0171875
1 0.34352941176470586 0.50703125 0.03294117647058824 0.0140625