0 0.416 0.49698795180722893 0.322 0.5963855421686747
0 0.77 0.6822289156626506 0.37 0.6174698795180723
0 0.228 0.7093373493975904 0.068 0.1566265060240964
0 0.192 0.6144578313253012 0.064 0.18674698795180722
1 0.04226 0.6631024096385543 0.08454 0.2779819277108434
0 0.294 0.7168674698795181 0.066 0.14457831325301204
0 0.065 0.5737951807228916 0.046 0.11746987951807229
0 0.601 0.625 0.046 0.22289156626506024
0 0.167 0.7198795180722891 0.064 0.1566265060240964
0 0.542 0.6460843373493976 0.05 0.1686746987951807
0 0.575 0.6400602409638554 0.038 0.20783132530120482
0 0.492 0.6927710843373494 0.062 0.11144578313253012
0 0.649 0.7018072289156626 0.046 0.0783132530120482
0 0.975 0.6852409638554217 0.05 0.10843373493975904
0 0.991 0.641566265060241 0.016 0.12349397590361445
0 0.624 0.6234939759036144 0.032 0.1897590361445783
0 0.525 0.6942771084337349 0.042 0.09939759036144578
