4 0.196 0.47333333333333333 0.37 0.9466666666666667
0 0.17 0.632 0.242 0.712
0 0.365 0.5506666666666666 0.042 0.19466666666666665
0 0.541 0.52 0.042 0.10933333333333334
0 0.749 0.5293333333333333 0.036 0.13333333333333333
0 0.96 0.5586666666666666 0.042 0.17066666666666666
0 0.673 0.5266666666666666 0.026 0.09066666666666667
0 0.816 0.5266666666666666 0.02 0.056
0 0.483 0.516 0.03 0.06933333333333333
0 0.451 0.5213333333333333 0.03 0.104
0 0.646 0.5253333333333333 0.028 0.09066666666666667
0 0.599 0.52 0.014 0.064
2 0.619 0.524 0.03 0.048
2 0.512 0.508 0.016 0.021333333333333333
0 0.501 0.5093333333333333 0.014 0.037333333333333336
0 0.857 0.536 0.024 0.08533333333333333
1 0.541 0.524 0.042 0.11733333333333333
1 0.751 0.5413333333333333 0.04 0.15466666666666667
1 0.963 0.5706666666666667 0.056 0.19466666666666665
1 0.675 0.532 0.03 0.10133333333333333
1 0.482 0.524 0.03 0.08266666666666667
1 0.451 0.5253333333333333 0.03 0.112
1 0.645 0.532 0.03 0.10666666666666667
