6 0.6296875 0.5333333333333333 0.0296875 0.13125
6 0.83203125 0.5520833333333334 0.0375 0.125
6 0.6640625 0.5427083333333333 0.0296875 0.10833333333333334
2 0.5671875 0.5416666666666666 0.0296875 0.10625
6 0.603125 0.5333333333333333 0.0234375 0.09166666666666666
6 0.8671875 0.521875 0.021875 0.08125
6 0.7875 0.503125 0.0234375 0.04791666666666667
6 0.646875 0.54375 0.0171875 0.09375
2 0.9507031250000001 0.605 0.09859375000000001 0.18497916666666667
6 0.540625 0.5197916666666667 0.0234375 0.08125
6 0.85 0.53125 0.0203125 0.0875
6 0.8125 0.5125 0.0203125 0.04583333333333333
2 0.048593750000000005 0.520625 0.0378125 0.08289583333333334
2 0.97203125 0.5771666666666667 0.055937499999999994 0.15222916666666667
6 0.22234375 0.5045208333333333 0.016578125 0.051375
6 0.58984375 0.525 0.0203125 0.09375
6 0.3453125 0.49583333333333335 0.0140625 0.022916666666666665
5 0.50625 0.530625 0.040625 0.08
1 0.12734375 0.5302083333333333 0.10625 0.07916666666666666
1 0.06328125 0.596875 0.1265625 0.11458333333333333
1 0.746875 0.546875 0.14375 0.09166666666666666
1 0.409375 0.5770833333333333 0.271875 0.1375
1 0.02890625 0.49583333333333335 0.0578125 0.052083333333333336
1 0.45562500000000006 0.523125 0.08156250000000001 0.06416666666666666
3 0.46875 0.48020833333333335 0.0734375 0.029166666666666667
1 0.2890625 0.4864583333333333 0.028125 0.027083333333333334
1 0.6640625 0.48541666666666666 0.04375 0.01875
1 0.684375 0.509375 0.0296875 0.0375
1 0.74765625 0.49375 0.0328125 0.014583333333333334
1 0.3828125 0.490625 0.0390625 0.03125
1 0.4078125 0.5010416666666667 0.0390625 0.025