4 0.0265625 0.3360522022838499 0.053125 0.14518760195758565
0 0.1125 0.41353996737357257 0.0359375 0.12071778140293637
0 0.15 0.4282218597063622 0.034375 0.14518760195758565
0 0.18203125 0.37846655791190864 0.0296875 0.0701468189233279
0 0.11640625 0.35154975530179444 0.0234375 0.040783034257748776
0 0.87890625 0.4429037520391517 0.03125 0.09787928221859707
0 0.1046875 0.3450244698205546 0.015625 0.03262642740619902
0 0.0859375 0.35073409461663946 0.0109375 0.06199021207177814
0 0.559375 0.43148450244698205 0.0234375 0.08319738988580751
0 0.0625 0.34910277324632955 0.0109375 0.026101141924959218
1 0.60703125 0.5734094616639478 0.328125 0.4453507340946166
