1 0.110125 0.41099537037037037 0.22023437499999998 0.46317129629629633
0 0.62421875 0.6145833333333334 0.1171875 0.7407407407407407
0 0.89296875 0.4050925925925926 0.040625 0.16203703703703703
1 0.79971875 0.4066666666666667 0.107390625 0.17675925925925925
0 0.54375 0.31828703703703703 0.046875 0.09490740740740741
0 0.76484375 0.38773148148148145 0.0375 0.1712962962962963
0 0.3734375 0.30671296296296297 0.046875 0.10416666666666667
0 0.92734375 0.4039351851851852 0.0328125 0.16435185185185186
0 0.28125 0.3113425925925926 0.053125 0.12731481481481483
0 0.05078125 0.29050925925925924 0.0296875 0.09722222222222222
0 0.0296875 0.3726851851851852 0.059375 0.2199074074074074
1 0.9682499999999999 0.41719907407407403 0.0635 0.20706018518518518
0 0.33515625 0.3229166666666667 0.03125 0.0625
1 0.21015625 0.48148148148148145 0.1328125 0.6365740740740741
