3 0.7583333333333333 0.87421875 0.17708333333333334 0.09375
3 0.9052083333333333 0.871875 0.10625 0.1203125
3 0.9083333333333333 0.6875 0.14583333333333334 0.059375
3 0.153125 0.63359375 0.05416666666666667 0.0671875
3 0.24479166666666666 0.721875 0.07083333333333333 0.0984375
3 0.11666666666666667 0.59375 0.058333333333333334 0.053125
3 0.06041666666666667 0.54296875 0.0375 0.040625
0 0.9572916666666667 0.9109375 0.08541666666666667 0.128125
0 0.55 0.7296875 0.03125 0.0984375
0 0.05625 0.60625 0.03958333333333333 0.0765625
0 0.9802083333333333 0.72734375 0.03958333333333333 0.0984375
0 0.009375 0.65390625 0.016666666666666666 0.0734375
0 0.019791666666666666 0.6078125 0.03333333333333333 0.08125
0 0.99375 0.8109375 0.0125 0.0703125
3 0.303125 0.765625 0.06041666666666667 0.1109375
1 0.20729166666666668 0.8703125 0.12291666666666666 0.146875
