7 0.8386363636363636 0.4978723404255319 0.30227272727272725 0.13617021276595745
6 0.37386363636363634 0.42446808510638295 0.11136363636363636 0.20212765957446807
6 0.8056818181818182 0.5074468085106383 0.06136363636363636 0.1425531914893617
6 0.9011363636363636 0.5010638297872341 0.05454545454545454 0.13829787234042554
2 0.6738636363636363 0.5819148936170213 0.32272727272727275 0.3404255319148936
1 0.20909090909090908 0.5223404255319148 0.25681818181818183 0.10638297872340426
1 0.5329545454545455 0.5095744680851064 0.10909090909090909 0.07872340425531915
1 0.08636363636363636 0.5180851063829788 0.12272727272727273 0.07021276595744681
8 0.6295454545454545 0.4351063829787234 0.20227272727272727 0.08085106382978724
1 0.023863636363636365 0.5117021276595745 0.04772727272727273 0.05319148936170213
1 0.4636363636363636 0.5042553191489362 0.04090909090909091 0.08723404255319149