0 0.2890625 0.9291666666666667 0.0171875 0.09166666666666666
0 0.29765625 0.9302083333333333 0.009375 0.08333333333333333
0 0.64453125 0.9385416666666667 0.025 0.07916666666666666
0 0.1234375 0.940625 0.028125 0.08958333333333333
0 0.88828125 0.86875 0.0171875 0.035416666666666666
0 0.0765625 0.9416666666666667 0.025 0.1
0 0.72265625 0.9375 0.0171875 0.08125
0 0.83046875 0.915625 0.0171875 0.03958333333333333
0 0.85 0.91875 0.01875 0.04583333333333333
0 0.65625 0.884375 0.009375 0.03125
1 0.77578125 0.9489583333333333 0.0875 0.10208333333333333
