0 0.73671875 0.42874692874692877 0.325 0.5921375921375921
0 0.778125 0.12162162162162163 0.0203125 0.08108108108108109
0 0.74453125 0.11056511056511056 0.01875 0.051597051597051594
0 0.18671875 0.10073710073710074 0.015625 0.07616707616707617
0 0.325 0.09705159705159705 0.025 0.10319410319410319
0 0.640625 0.36363636363636365 0.1828125 0.4914004914004914
0 0.68984375 0.10810810810810811 0.0171875 0.044226044226044224
0 0.39921875 0.24447174447174447 0.0671875 0.15233415233415235
0 0.628125 0.12039312039312039 0.0171875 0.07371007371007371
0 0.0421875 0.07248157248157248 0.0109375 0.04914004914004914
6 0.84609375 0.1511056511056511 0.0203125 0.051597051597051594
0 0.236625 0.4887960687960688 0.299828125 0.8157248157248157
