2 0.3203125 0.415625 0.0875 0.04791666666666667
2 0.1671875 0.41770833333333335 0.1015625 0.04583333333333333
2 0.90859375 0.44166666666666665 0.08125 0.08958333333333333
2 0.74296875 0.415625 0.040625 0.052083333333333336
2 0.59140625 0.4125 0.015625 0.016666666666666666
2 0.8640625 0.4395833333333333 0.0546875 0.06666666666666667
2 0.83125 0.42291666666666666 0.06875 0.07083333333333333
5 0.4625 0.4083333333333333 0.0640625 0.041666666666666664
0 0.17265625 0.384375 0.009375 0.016666666666666666
2 0.54921875 0.41458333333333336 0.015625 0.020833333333333332
2 0.38828125 0.415625 0.0359375 0.01875
2 0.559375 0.409375 0.01875 0.022916666666666665
5 0.321875 0.415625 0.0859375 0.05416666666666667
5 0.965625 0.428125 0.06875 0.1375
5 0.65625 0.4041666666666667 0.0265625 0.035416666666666666
5 0.52265625 0.41041666666666665 0.040625 0.035416666666666666
2 0.7671875 0.425 0.0203125 0.03958333333333333
5 0.79140625 0.421875 0.0421875 0.06041666666666667
2 0.65625 0.4114583333333333 0.315625 0.08125
1 0.03515625 0.41458333333333336 0.0390625 0.06458333333333334
