2 0.698890625 0.670997375328084 0.05450000000000001 0.19173228346456692
5 0.39959375 0.6916010498687664 0.05387499999999999 0.15223097112860892
5 0.4375 0.6962204724409449 0.084375 0.16398950131233594
5 0.52265625 0.701522309711286 0.0765625 0.20328083989501314
5 0.58484375 0.6936745406824147 0.060312500000000005 0.21897637795275593
5 0.640625 0.694251968503937 0.09375 0.24141732283464568
6 0.6171875 0.6456692913385826 0.03125 0.10761154855643044
6 0.49140625 0.6443569553805775 0.025 0.07349081364829396
6 0.46015625 0.6548556430446194 0.021875 0.07874015748031496
5 0.94140625 0.594488188976378 0.01875 0.05249343832020997
6 0.475 0.6443569553805775 0.0171875 0.06824146981627296
6 0.2453125 0.6575590551181102 0.0171875 0.047375328083989504
6 0.50703125 0.6338582677165354 0.0171875 0.05511811023622047
0 0.809375 0.5866141732283464 0.1875 0.1679790026246719
5 0.33203125 0.7030183727034122 0.075 0.15041994750656168
5 0.20625 0.7053280839895013 0.0921875 0.1352755905511811
7 0.0734375 0.7007874015748031 0.1140625 0.11811023622047244
5 0.73515625 0.6525459317585302 0.0328125 0.13060367454068242
1 0.90546875 0.6036745406824147 0.0171875 0.06036745406824147
5 0.27109375 0.7008661417322833 0.0640625 0.13895013123359579
1 0.92109375 0.5958005249343832 0.028125 0.047244094488188976
6 0.67925 0.6161417322834646 0.01540625 0.04921259842519685