2 0.75234375 0.3020527859237537 0.3140625 0.17008797653958943
0 0.4671875 0.4897360703812317 0.1203125 0.44868035190615835
0 0.75546875 0.4178885630498534 0.090625 0.31378299120234604
0 0.61640625 0.6436950146627566 0.2046875 0.6979472140762464
0 0.5703125 0.3460410557184751 0.0640625 0.187683284457478
0 0.42109375 0.4574780058651026 0.08125 0.3489736070381232
0 0.2171875 0.41642228739002934 0.090625 0.26392961876832843
0 0.31484375 0.3885630498533724 0.0875 0.2991202346041056
0 0.06484375 0.31378299120234604 0.0375 0.08504398826979472
0 0.94765625 0.5161290322580645 0.1046875 0.5747800586510264
0 0.04140625 0.4120234604105572 0.0671875 0.21114369501466276
0 0.52265625 0.36656891495601174 0.0515625 0.1495601173020528
0 0.10234375 0.3709677419354839 0.040625 0.20821114369501467
3 0.8859375 0.656891495601173 0.134375 0.21700879765395895
3 0.72578125 0.5542521994134897 0.159375 0.20234604105571846
3 0.82109375 0.5146627565982405 0.10625 0.22287390029325513
3 0.4546875 0.5601173020527859 0.18125 0.2404692082111437
3 0.31796875 0.4032258064516129 0.1265625 0.20527859237536658
3 0.1421875 0.46774193548387094 0.0390625 0.09970674486803519
3 0.6328125 0.7624633431085044 0.35 0.3225806451612903
3 0.11015625 0.40615835777126097 0.05 0.12023460410557185
3 0.22890625 0.5043988269794721 0.1171875 0.17595307917888564
3 0.05 0.44281524926686217 0.0625 0.13196480938416422
0 0.159375 0.375366568914956 0.0515625 0.23460410557184752
3 0.50703125 0.45454545454545453 0.0734375 0.14076246334310852
