1 0.4921875 0.33229166666666665 0.446875 0.31666666666666665
2 0.14195312499999999 0.3329375 0.28078125 0.628375
6 0.61875 0.7479166666666667 0.53125 0.5020833333333333
6 0.70703125 0.20625 0.0375 0.07916666666666666
6 0.66953125 0.18541666666666667 0.04375 0.07916666666666666
2 0.58671875 0.15 0.053125 0.05416666666666667
6 0.01796875 0.19166666666666668 0.0359375 0.10416666666666667
2 0.2796875 0.30104166666666665 0.3109375 0.5958333333333333
1 0.81484375 0.4197916666666667 0.36875 0.5708333333333333
1 0.38046875 0.1875 0.0984375 0.06875
0 0.3203125 0.19583333333333333 0.0609375 0.06875
1 0.14453125 0.23958333333333334 0.0390625 0.075
1 0.295375 0.23308333333333334 0.10012499999999999 0.0685625