3 0.5424375 0.6239583333333333 0.66875 0.65
6 0.9671875 0.7270833333333333 0.0640625 0.32708333333333334
6 0.35546875 0.7354166666666667 0.1328125 0.5270833333333333
2 0.049796875000000004 0.6471666666666667 0.099609375 0.25233333333333335
6 0.9359375 0.6625 0.0453125 0.19583333333333333
6 0.8125 0.6052083333333333 0.021875 0.05416666666666667
2 0.856078125 0.6032916666666667 0.034828125 0.05658333333333333
6 0.83515625 0.5927083333333333 0.0125 0.04791666666666667
6 0.10625 0.6166666666666667 0.0171875 0.0875
2 0.9036875 0.6028125000000001 0.033234375 0.059812500000000005
1 0.1296875 0.5969583333333334 0.1578125 0.12708333333333333
6 0.823453125 0.5941875 0.012484375 0.04545833333333334