1 0.459375 0.4602510460251046 0.1625 0.301255230125523
0 0.64375 0.5962343096234309 0.290625 0.7845188284518828
0 0.87734375 0.40794979079497906 0.0625 0.18410041841004185
0 0.01640625 0.39330543933054396 0.0328125 0.18828451882845187
0 0.96640625 0.3702928870292887 0.0359375 0.11297071129707113
0 0.04921875 0.3985355648535565 0.0421875 0.16736401673640167
0 0.11328125 0.3692468619246862 0.0515625 0.15271966527196654
0 0.915625 0.38493723849372385 0.0359375 0.1506276150627615
0 0.6984375 0.3106694560669456 0.0515625 0.07531380753138076
0 0.99296875 0.36401673640167365 0.0140625 0.0899581589958159
0 0.14609375 0.3472803347280335 0.0265625 0.100418410041841
2 0.23203125 0.3985355648535565 0.1984375 0.15271966527196654
2 0.8 0.3786610878661088 0.1 0.09623430962343096
2 0.75703125 0.3922594142259414 0.1078125 0.15271966527196654
2 0.51015625 0.3797071129707113 0.15 0.11297071129707113
8 0.9140625 0.34205020920502094 0.1171875 0.13179916317991633
2 0.175 0.35251046025104604 0.05 0.04184100418410042
