2 0.428125 0.3747072599531616 0.2328125 0.2459016393442623
2 0.35234375 0.275175644028103 0.084375 0.07259953161592506
0 0.2734375 0.275175644028103 0.1140625 0.33021077283372363
0 0.6953125 0.41100702576112413 0.140625 0.4168618266978923
0 0.93203125 0.5351288056206089 0.1359375 0.6206088992974239
0 0.5234375 0.27049180327868855 0.0546875 0.1592505854800937
0 0.14375 0.2646370023419204 0.2171875 0.5245901639344263
0 0.90859375 0.32084309133489464 0.0640625 0.22014051522248243
0 0.61171875 0.2927400468384075 0.03125 0.11007025761124122
0 0.57890625 0.2716627634660422 0.034375 0.11943793911007025
0 0.49296875 0.24707259953161592 0.0265625 0.07962529274004684
0 0.3078125 0.24707259953161592 0.015625 0.06791569086651054
1 0.3078125 0.25175644028103045 0.015625 0.07962529274004684
