2 0.7099056603773585 0.45078125 0.14386792452830188 0.1
2 0.7877358490566038 0.434375 0.16037735849056603 0.109375
0 0.6155660377358491 0.66484375 0.24528301886792453 0.3765625
0 0.08490566037735849 0.55546875 0.0330188679245283 0.05
0 0.8502358490566038 0.61171875 0.1580188679245283 0.2390625
0 0.041273584905660375 0.5515625 0.07547169811320754 0.0796875
0 0.47523584905660377 0.6421875 0.1792452830188679 0.31875
0 0.7759433962264151 0.53046875 0.09905660377358491 0.1484375
0 0.6320754716981132 0.44453125 0.06367924528301887 0.0734375
0 0.49174528301886794 0.50703125 0.06839622641509434 0.0953125
0 0.0695754716981132 0.5265625 0.04245283018867924 0.021875
0 0.1792452830188679 0.62578125 0.27358490566037735 0.3265625
0 0.43985849056603776 0.41953125 0.02830188679245283 0.05
4 0.9716981132075472 0.5 0.05660377358490566 0.609375
0 0.8844339622641509 0.4234375 0.06132075471698113 0.0953125
5 0.2240566037735849 0.5390625 0.4410377358490566 0.29375
1 0.8844339622641509 0.4265625 0.06132075471698113 0.103125
