0 0.73984375 0.45011600928074247 0.053125 0.19721577726218098
0 0.84140625 0.43503480278422274 0.0640625 0.20185614849187936
0 0.2046875 0.5232018561484919 0.11875 0.16473317865429235
0 0.71640625 0.7726218097447796 0.325 0.29698375870069604
0 0.8875 0.5150812064965197 0.05625 0.09744779582366589
0 0.940625 0.5208816705336426 0.0328125 0.06960556844547564
0 0.96328125 0.5046403712296984 0.0484375 0.12064965197215777
0 0.1265625 0.5568445475638051 0.0984375 0.08352668213457076
0 0.15625 0.7923433874709976 0.3125 0.3480278422273782
1 0.35078125 0.4361948955916473 0.14375 0.20185614849187936
