0 0.7691511387163561 0.2140625 0.4616977225672878 0.425
6 0.3250517598343685 0.21015625 0.08281573498964803 0.1421875
6 0.2546583850931677 0.21640625 0.055900621118012424 0.1359375
6 0.15113871635610765 0.203125 0.07246376811594203 0.1578125
6 0.42028985507246375 0.21328125 0.07453416149068323 0.10625
6 0.3447204968944099 0.165625 0.047619047619047616 0.128125
6 0.17701863354037267 0.1703125 0.060041407867494824 0.140625
6 0.2619047619047619 0.128125 0.06832298136645963 0.0734375
6 0.062111801242236024 0.125 0.033126293995859216 0.0640625
6 0.09627329192546584 0.1703125 0.055900621118012424 0.1140625
6 0.4658385093167702 0.1328125 0.039337474120082816 0.1046875
2 0.5527950310559007 0.5734375 0.33126293995859213 0.7125
7 0.07142857142857142 0.2578125 0.14285714285714285 0.2296875