0 0.7703125 0.6640625 0.0828125 0.2125
0 0.83984375 0.66484375 0.0578125 0.21875
0 0.9203125 0.621875 0.0390625 0.103125
1 0.6383125 0.69015625 0.193828125 0.23500000000000001
1 0.7078125 0.625828125 0.0578125 0.15165625
1 0.23828125 0.6375 0.034375 0.079671875
0 0.58671875 0.6046875 0.0203125 0.0484375
1 0.675 0.625953125 0.021875 0.087828125
0 0.81953125 0.5609375 0.034375 0.0796875
0 0.4546875 0.59375 0.0140625 0.0171875
2 0.4609375 0.63046875 0.0375 0.0609375
7 0.39140625 0.62734375 0.1125 0.09375
3 0.4984375 0.61875 0.0265625 0.059375
7 0.328125 0.62265625 0.05625 0.078125
2 0.79921875 0.6078125 0.025 0.0328125
0 0.824078125 0.618296875 0.032296875 0.135
