0 0.84296875 0.4361948955916473 0.0703125 0.20417633410672853
0 0.7421875 0.45127610208816704 0.05625 0.20185614849187936
0 0.72109375 0.8097447795823666 0.3265625 0.3665893271461717
0 0.8859375 0.5127610208816705 0.0515625 0.0951276102088167
0 0.21484375 0.525522041763341 0.0984375 0.16241299303944315
0 0.94375 0.5220417633410673 0.059375 0.07888631090487239
0 0.971875 0.5011600928074246 0.03125 0.11136890951276102
0 0.2 0.8109048723897911 0.3296875 0.35266821345707655
0 0.115625 0.8967517401392111 0.1984375 0.18561484918793503
1 0.35 0.4361948955916473 0.14375 0.20185614849187936
