0 0.29453125 0.8576470588235294 0.1015625 0.15529411764705883
0 0.46015625 0.84 0.0375 0.15294117647058825
0 0.51328125 0.8435294117647059 0.0171875 0.08705882352941176
0 0.8765625 0.831764705882353 0.03125 0.1411764705882353
0 0.42265625 0.8235294117647058 0.0296875 0.1811764705882353
0 0.675 0.8458823529411764 0.0484375 0.22588235294117648
0 0.778125 0.8611764705882353 0.015625 0.10352941176470588
0 0.534375 0.8388235294117647 0.0140625 0.08235294117647059
0 0.60703125 0.851764705882353 0.0171875 0.10352941176470588
0 0.71015625 0.8682352941176471 0.021875 0.09176470588235294
0 0.4390625 0.84 0.0203125 0.09176470588235294
1 0.83359375 0.8717647058823529 0.090625 0.19294117647058823
1 0.559375 0.8470588235294118 0.0609375 0.1388235294117647
0 0.389404296875 0.8323529411764706 0.0230712890625 0.09650735294117647
0 0.1959228515625 0.8330882352941177 0.023101806640625 0.07734375
0 0.2362060546875 0.825 0.0226287841796875 0.10045955882352942
0 0.2108154296875 0.8330882352941177 0.0278472900390625 0.08042279411764706
0 0.40087890625 0.8529411764705882 0.02691650390625 0.06433823529411764
0 0.2467041015625 0.8352941176470589 0.02001953125 0.07591911764705882
0 0.497314453125 0.8529411764705882 0.01242828369140625 0.05381433823529412
0 0.76416015625 0.8661764705882353 0.0248870849609375 0.09540441176470588
0 0.74169921875 0.8735294117647059 0.03173828125 0.07922794117647058
0 0.97686767578125 0.8794117647058823 0.0462646484375 0.14871323529411765
0 0.7880859375 0.8580882352941176 0.0147857666015625 0.07100183823529412
0 0.720703125 0.8404411764705882 0.013275146484375 0.04574908088235294
0 0.92919921875 0.8242647058823529 0.0177154541015625 0.07909007352941176
0 0.94384765625 0.8757352941176471 0.0271148681640625 0.09214154411764706
0 0.9755859375 0.8448529411764706 0.0203399658203125 0.05804227941176471
