0 0.36796875 0.6805555555555556 0.0609375 0.26944444444444443
0 0.43984375 0.5972222222222222 0.05625 0.24166666666666667
0 0.30625 0.5861111111111111 0.05 0.25
0 0.6375 0.9694444444444444 0.0296875 0.06111111111111111
0 0.471875 0.6541666666666667 0.05625 0.24166666666666667
0 0.53203125 0.7736111111111111 0.0703125 0.24166666666666667
0 0.6171875 0.8333333333333334 0.059375 0.30833333333333335
0 0.77265625 0.8555555555555555 0.0765625 0.28888888888888886
0 0.33125 0.26666666666666666 0.0265625 0.05555555555555555
0 0.5703125 0.3611111111111111 0.0375 0.15555555555555556
0 0.3015625 0.28194444444444444 0.015625 0.05277777777777778
0 0.26328125 0.6027777777777777 0.0703125 0.24444444444444444
0 0.4171875 0.8138888888888889 0.0578125 0.17222222222222222
0 0.5369375 0.34947222222222224 0.029234375 0.13516666666666666
0 0.490953125 0.3756666666666667 0.0265625 0.14630555555555555
0 0.4015625 0.37030555555555555 0.028578125 0.1451111111111111
0 0.447546875 0.41472222222222227 0.03125 0.1356111111111111
0 0.44743750000000004 0.3161388888888889 0.01540625 0.10658333333333332
0 0.465625 0.3169444444444444 0.027234374999999998 0.105
0 0.774671875 0.4260277777777778 0.018078125 0.1328611111111111
0 0.8040156250000001 0.46811111111111114 0.025453125 0.20744444444444446
0 0.694640625 0.5146944444444445 0.029906250000000002 0.1578888888888889
0 0.733265625 0.5420833333333334 0.03125 0.14283333333333334
0 0.783375 0.6850833333333333 0.022093750000000002 0.11475
0 0.8567031249999999 0.8195555555555556 0.02365625 0.15530555555555556
0 0.8938593750000001 0.7459722222222223 0.049328125 0.1953333333333333
0 0.969078125 0.60575 0.0453125 0.22577777777777777
0 0.928796875 0.8979166666666667 0.08303125 0.18511111111111112
0 0.5197499999999999 0.9151666666666666 0.070765625 0.14663888888888887
0 0.47109375 0.8763055555555557 0.053796875 0.19263888888888886
0 0.38459374999999996 0.8893888888888889 0.075 0.14266666666666666
0 0.306921875 0.8820555555555556 0.0625 0.1375
0 0.255578125 0.7408333333333333 0.049109375 0.16597222222222222
0 0.15759375 0.9092222222222222 0.062953125 0.1506111111111111
0 0.18225 0.8157777777777778 0.047546875 0.10333333333333335
0 0.036609375 0.9024722222222222 0.071875 0.14027777777777778
0 0.21182812499999998 0.7693888888888889 0.065171875 0.17233333333333334
0 0.165734375 0.4494444444444445 0.0390625 0.1098611111111111
0 0.052234375 0.4924722222222222 0.031703125 0.09125
0 0.015296874999999998 0.4240555555555555 0.027453125000000002 0.19236111111111112
0 0.066296875 0.3724722222222222 0.04375 0.13677777777777778
0 0.11451562500000001 0.37088888888888893 0.027671875000000002 0.09236111111111112
0 0.14396875 0.28777777777777774 0.03125 0.10380555555555555
0 0.19140625 0.27449999999999997 0.025671875 0.10261111111111111
0 0.21182812499999998 0.2693333333333333 0.02053125 0.08911111111111111
0 0.247546875 0.28797222222222224 0.02053125 0.0756388888888889
0 0.2380625 0.2584166666666667 0.02521875 0.08316666666666667
0 0.375671875 0.3165277777777778 0.02321875 0.082
0 0.311390625 0.3304166666666667 0.02678125 0.06216666666666666
0 0.288171875 0.3336111111111111 0.028578125 0.08755555555555555
0 0.272546875 0.3383611111111111 0.024109375 0.10977777777777778
0 0.50959375 0.27747222222222223 0.01428125 0.06094444444444445
0 0.526109375 0.2629722222222222 0.025890625 0.05419444444444445
0 0.5984375 0.27727777777777773 0.024109375 0.10497222222222222
0 0.7349375 0.39847222222222217 0.03459375 0.17608333333333334
0 0.7015625 0.39825 0.032140625 0.10902777777777778
