3 0.62421875 0.5072916666666667 0.0265625 0.04791666666666667
0 0.86015625 0.9625 0.03125 0.075
0 0.1859375 0.721875 0.028125 0.07916666666666666
0 0.20703125 0.7229166666666667 0.021875 0.06666666666666667
0 0.12578125 0.8104166666666667 0.0453125 0.05625
0 0.05390625 0.6239583333333333 0.025 0.058333333333333334
0 0.78828125 0.6479166666666667 0.025 0.0875
0 0.65 0.5520833333333334 0.01875 0.07083333333333333
0 0.92109375 0.728125 0.0234375 0.07916666666666666
0 0.7859375 0.7291666666666666 0.0265625 0.075
0 0.77890625 0.4666666666666667 0.0171875 0.0625
0 0.80546875 0.6333333333333333 0.01875 0.07708333333333334
2 0.2984375 0.840625 0.2 0.1125
2 0.08984375 0.8697916666666666 0.1796875 0.11666666666666667
2 0.17734375 0.6625 0.1625 0.09375
2 0.19765625 0.5822916666666667 0.1078125 0.08541666666666667
2 0.37109375 0.5177083333333333 0.1421875 0.09166666666666666
2 0.5109375 0.46458333333333335 0.128125 0.0875
2 0.76953125 0.35833333333333334 0.1125 0.075
2 0.34375 0.6197916666666666 0.159375 0.08958333333333333
2 0.7734375 0.2947916666666667 0.040625 0.06666666666666667
2 0.640625 0.40208333333333335 0.10625 0.06875
2 0.72734375 0.20833333333333334 0.0421875 0.06875
2 0.3984375 0.4270833333333333 0.10625 0.06666666666666667
5 0.615625 0.25 0.1234375 0.0625
5 0.8953125 0.628125 0.109375 0.16875
5 0.50625 0.21666666666666667 0.09375 0.05416666666666667
5 0.52890625 0.19583333333333333 0.0921875 0.04791666666666667
5 0.484375 0.275 0.0890625 0.07083333333333333
0 0.87734375 0.49270833333333336 0.01875 0.07083333333333333
2 0.4765625 0.4427083333333333 0.0921875 0.08125
5 0.728125 0.20833333333333334 0.0421875 0.06458333333333334
1 0.27578125 0.934375 0.0640625 0.075
1 0.77165625 0.19639583333333333 0.013015625 0.041416666666666664
0 0.121 0.5973124999999999 0.02740625 0.06685416666666667
0 0.749140625 0.46158333333333335 0.023265625 0.07039583333333334
0 0.73484375 0.41252083333333334 0.014109374999999999 0.051729166666666666
2 0.519046875 0.3489583333333333 0.091859375 0.04810416666666666
0 0.726078125 0.6803333333333333 0.02059375 0.0563125
0 0.666015625 0.3177083333333333 0.011640625 0.043625000000000004
2 0.84278125 0.5283125 0.07781249999999999 0.12760416666666666
0 0.8442343749999999 0.7213541666666666 0.02640625 0.08495833333333333
0 0.9877968750000001 0.286625 0.013421875 0.051604166666666666
0 0.6904375 0.36620833333333336 0.016921875 0.03877083333333333
5 0.44457812499999994 0.20931249999999998 0.044765624999999996 0.043375000000000004
2 0.50634375 0.3844375 0.10107812499999999 0.06135416666666667
2 0.726078125 0.06647916666666667 0.02328125 0.0289375
0 0.672859375 0.46777083333333336 0.014171875 0.05272916666666667
0 0.888671875 0.7545625 0.021703125 0.06966666666666667
2 0.9716875 0.16520833333333332 0.052609375 0.03966666666666666
2 0.763671875 0.050812500000000003 0.029484375 0.021541666666666667
0 0.69140625 0.3219375 0.01146875 0.03783333333333334
2 0.48290625 0.32145833333333335 0.077515625 0.043125
5 0.25025 0.2838541666666667 0.12445312500000001 0.07910416666666667
2 0.6850625 0.041749999999999995 0.017578125 0.025208333333333333
2 0.274171875 0.47460416666666666 0.10107812499999999 0.05945833333333333
2 0.681640625 0.12116666666666666 0.0238125 0.029833333333333333
2 0.719234375 0.04097916666666667 0.015609375 0.0230625
0 0.641109375 0.17235416666666667 0.009515625 0.0319375
2 0.701171875 0.04635416666666667 0.014328125 0.026354166666666668
0 0.869140625 0.7806041666666667 0.025718750000000002 0.08235416666666667
2 0.9145468749999999 0.11572916666666666 0.044765624999999996 0.027791666666666666
