0 0.059375 0.6197916666666666 0.08125 0.16875
0 0.84765625 0.6291666666666667 0.04375 0.26458333333333334
0 0.73671875 0.6177083333333333 0.04375 0.24791666666666667
0 0.40625 0.5375 0.025 0.1
0 0.6484375 0.3885416666666667 0.0515625 0.10833333333333334
0 0.278125 0.5375 0.0078125 0.025
0 0.38203125 0.5427083333333333 0.0171875 0.09166666666666666
0 0.696875 0.5572916666666666 0.046875 0.14166666666666666
0 0.85546875 0.6010416666666667 0.046875 0.18958333333333333
0 0.409375 0.49270833333333336 0.0140625 0.020833333333333332
