0 0.8022875816993464 0.5743464052287581 0.3366013071895425 0.7924836601307189
0 0.4485294117647059 0.32516339869281047 0.03431372549019608 0.08986928104575163
0 0.1707516339869281 0.5816993464052288 0.272875816993464 0.36437908496732024
0 0.8913398692810458 0.255718954248366 0.0392156862745098 0.05392156862745098
0 0.15359477124183007 0.2508169934640523 0.042483660130718956 0.049019607843137254
0 0.12173202614379085 0.25326797385620914 0.03594771241830065 0.04411764705882353
0 0.05228758169934641 0.3022875816993464 0.03758169934640523 0.09477124183006536
0 0.41911764705882354 0.3341503267973856 0.0392156862745098 0.0915032679738562
0 0.9240196078431373 0.2246732026143791 0.03758169934640523 0.03104575163398693
0 0.6666666666666666 0.19934640522875818 0.0392156862745098 0.05392156862745098
0 0.6405228758169934 0.22140522875816993 0.026143790849673203 0.06372549019607843
1 0.3888888888888889 0.5596241830065359 0.36764705882352944 0.4672875816993464
