7 0.277796875 0.3875 0.215625 0.225
7 0.59921875 0.365625 0.2578125 0.20833333333333334
7 0.8 0.33958333333333335 0.2375 0.20416666666666666
0 0.9484375 0.36354166666666665 0.0765625 0.18958333333333333
0 0.06015625 0.66875 0.11875 0.6583333333333333
0 0.03515625 0.37083333333333335 0.0703125 0.21666666666666667
0 0.68203125 0.28854166666666664 0.0203125 0.041666666666666664
0 0.65546875 0.2791666666666667 0.015625 0.029166666666666667
1 0.40703125 0.4427083333333333 0.13125 0.3854166666666667
2 0.13359375 0.3875 0.1046875 0.13333333333333333
4 0.329234375 0.2791666666666667 0.3828125 0.2625
2 0.0859375 0.36354166666666665 0.078125 0.12083333333333333
7 0.0328125 0.30104166666666665 0.0234375 0.03125
2 0.15234375 0.3104166666666667 0.0578125 0.025
