2 0.27265625 0.4041666666666667 0.053125 0.016666666666666666
2 0.17578125 0.41354166666666664 0.0453125 0.022916666666666665
2 0.51484375 0.38333333333333336 0.0375 0.0125
0 0.3984375 0.5708333333333333 0.05 0.18541666666666667
0 0.31171875 0.5270833333333333 0.053125 0.125
0 0.2875 0.5916666666666667 0.06875 0.13333333333333333
0 0.25 0.5364583333333334 0.053125 0.12083333333333333
0 0.3578125 0.584375 0.0546875 0.12291666666666666
0 0.28515625 0.5 0.03125 0.06875
0 0.103125 0.565625 0.0265625 0.15833333333333333
0 0.4671875 0.5260416666666666 0.009375 0.01875
0 0.06875 0.5635416666666667 0.04375 0.16458333333333333
2 0.74453125 0.38229166666666664 0.034375 0.01875
2 0.63671875 0.38229166666666664 0.0453125 0.022916666666666665
1 0.13359375 0.5520833333333334 0.0609375 0.17291666666666666
