6 0.22890625 0.16979166666666667 0.125 0.3375
6 0.12734375 0.12291666666666666 0.14375 0.24583333333333332
6 0.828125 0.06666666666666667 0.0640625 0.10416666666666667
6 0.48671875 0.058333333333333334 0.05 0.09791666666666667
6 0.30703125 0.06354166666666666 0.0515625 0.12708333333333333
6 0.89140625 0.075 0.0734375 0.09583333333333334
6 0.5546875 0.026041666666666668 0.075 0.05
6 0.0296875 0.071875 0.059375 0.13958333333333334
6 0.54296875 0.11145833333333334 0.1015625 0.15416666666666667
6 0.35625 0.05520833333333333 0.05 0.08541666666666667
6 0.0609375 0.121875 0.1203125 0.24166666666666667
6 0.5234375 0.07916666666666666 0.0640625 0.09375
6 0.9 0.015625 0.0515625 0.03125
6 0.609375 0.071875 0.0359375 0.10833333333333334
6 0.97421875 0.07291666666666667 0.05 0.075