2 0.925 0.8173302107728337 0.15 0.36533957845433257
2 0.60703125 0.7435597189695551 0.021875 0.02576112412177986
2 0.5921875 0.7236533957845434 0.01875 0.0234192037470726
0 0.85703125 0.7763466042154566 0.0375 0.14754098360655737
0 0.91328125 0.724824355971897 0.046875 0.11475409836065574
2 0.3203125 0.7669789227166276 0.0875 0.09836065573770492
0 0.6765625 0.7142857142857143 0.0078125 0.03044496487119438
0 0.66953125 0.7669789227166276 0.0125 0.03747072599531616
2 0.053125 0.7599531615925058 0.1046875 0.20843091334894615
2 0.6578125 0.7177985948477752 0.03125 0.01639344262295082
2 0.5625 0.7330210772833724 0.0078125 0.0234192037470726
0 0.165625 0.7634660421545667 0.0171875 0.0936768149882904
0 0.7046875 0.7833723653395784 0.009375 0.06088992974238876
1 0.525 0.7763466042154566 0.071875 0.20374707259953162
