0 0.7973856209150327 0.5686274509803921 0.3366013071895425 0.7875816993464052
0 0.16830065359477125 0.5800653594771242 0.2679738562091503 0.35947712418300654
6 0.4493464052287582 0.32516339869281047 0.03758169934640523 0.08986928104575163
6 0.41830065359477125 0.33088235294117646 0.03594771241830065 0.09477124183006536
0 0.05473856209150327 0.3047385620915033 0.0392156862745098 0.09477124183006536
0 0.8937908496732027 0.255718954248366 0.03758169934640523 0.05392156862745098
1 0.5939542483660131 0.2426470588235294 0.0196078431372549 0.0392156862745098
0 0.12173202614379085 0.2549019607843137 0.03594771241830065 0.04411764705882353
0 0.16176470588235295 0.25 0.0392156862745098 0.049019607843137254
0 0.923202614379085 0.22630718954248366 0.02287581699346405 0.032679738562091505
6 0.6348039215686274 0.22549019607843138 0.029411764705882353 0.07679738562091504
1 0.39052287581699346 0.5604575163398693 0.36764705882352944 0.4722222222222222
1 0.6700980392156863 0.229640522875817 0.04839869281045752 0.11499999999999999
