0 0.03203125 0.6239554317548747 0.0125 0.06128133704735376
0 0.0515625 0.6225626740947076 0.0109375 0.052924791086350974
0 0.36015625 0.5988857938718662 0.009375 0.05013927576601671
0 0.49140625 0.6197771587743732 0.0125 0.04178272980501393
0 0.4703125 0.6239554317548747 0.0109375 0.03899721448467967
0 0.5234375 0.6267409470752089 0.015625 0.04456824512534819
0 0.84609375 0.584958217270195 0.0203125 0.06685236768802229
0 0.41640625 0.6072423398328691 0.0078125 0.06406685236768803
0 0.29921875 0.6211699164345403 0.0078125 0.036211699164345405
0 0.459375 0.6002785515320335 0.0109375 0.05013927576601671
0 0.984375 0.6016713091922006 0.0234375 0.07799442896935933
0 0.17734375 0.6155988857938719 0.0140625 0.027855153203342618
0 0.58515625 0.6727019498607242 0.0640625 0.1977715877437326
1 0.84765625 0.5877437325905293 0.0265625 0.07242339832869081
1 0.98125 0.6016713091922006 0.0375 0.07799442896935933
