4 0.446875 0.4510416666666667 0.521875 0.725
0 0.490625 0.6833333333333333 0.334375 0.6291666666666667
0 0.91484375 0.690625 0.13125 0.5958333333333333
0 0.82109375 0.60625 0.0796875 0.4083333333333333
0 0.06171875 0.4635416666666667 0.046875 0.14166666666666666
0 0.72578125 0.4354166666666667 0.0234375 0.05
0 0.85546875 0.6583333333333333 0.0828125 0.5166666666666667
0 0.74375 0.5447916666666667 0.0578125 0.24791666666666667
0 0.71484375 0.46979166666666666 0.028125 0.11041666666666666
0 0.7640625 0.46770833333333334 0.03125 0.08541666666666667
0 0.9640625 0.5729166666666666 0.0578125 0.21666666666666667
