2 0.1828125 0.937793427230047 0.159375 0.12206572769953052
7 0.41953125 0.7406103286384976 0.065625 0.08685446009389672
0 0.81796875 0.6901408450704225 0.0140625 0.051643192488262914
0 0.76640625 0.6091549295774648 0.0078125 0.03051643192488263
0 0.80703125 0.6784037558685446 0.0109375 0.03755868544600939
0 0.709375 0.5974178403755869 0.0078125 0.03286384976525822
0 0.79140625 0.6807511737089202 0.0109375 0.035211267605633804
0 0.77421875 0.6784037558685446 0.009375 0.03755868544600939
0 0.859375 0.6467136150234741 0.0140625 0.03990610328638498
2 0.275 0.818075117370892 0.1 0.10328638497652583
2 0.61640625 0.5927230046948356 0.0265625 0.03286384976525822
2 0.57734375 0.57981220657277 0.0234375 0.035211267605633804
2 0.59765625 0.5809859154929577 0.0203125 0.023474178403755867
2 0.6046875 0.596244131455399 0.0140625 0.028169014084507043
2 0.64375 0.596244131455399 0.015625 0.028169014084507043
1 0.327484375 0.6642018779342723 0.0280625 0.05112676056338029
0 0.36075 0.677300469483568 0.015625 0.04833333333333333
0 0.335265625 0.6899765258215963 0.012625 0.050023474178403755
0 0.5100625 0.5981220657276995 0.009765625 0.030187793427230044
0 0.429125 0.5869014084507043 0.0074687500000000006 0.028450704225352112
0 0.811328125 0.6464084507042254 0.011578125 0.032159624413145536
0 0.8240624999999999 0.6507511737089202 0.008109375 0.040868544600938965
0 0.837953125 0.6498826291079812 0.008109375 0.044342723004694835
