2 0.23125 0.5677083333333334 0.2375 0.2708333333333333
2 0.36484375 0.4979166666666667 0.06875 0.09166666666666666
2 0.3828125 0.471875 0.0578125 0.058333333333333334
1 0.48125 0.7033333333333334 0.125 0.46497916666666667
0 0.490625 0.48333333333333334 0.0640625 0.10625
0 0.4640625 0.44375 0.015625 0.04375
0 0.01953125 0.459375 0.0140625 0.029166666666666667
0 0.12734375 0.45 0.009375 0.022916666666666665
0 0.471875 0.45 0.0140625 0.03125
2 0.11796875 0.490625 0.034375 0.06458333333333334
5 0.396875 0.4197916666666667 0.0796875 0.09583333333333334
2 0.01875 0.5104166666666666 0.0375 0.10416666666666667
2 0.35078125 0.4354166666666667 0.0171875 0.035416666666666666
2 0.3375 0.4354166666666667 0.0171875 0.022916666666666665
2 0.45703125 0.4270833333333333 0.0078125 0.016666666666666666
2 0.4609375 0.4197916666666667 0.009375 0.014583333333333334
5 0.22421875 0.5614583333333333 0.25 0.2708333333333333
1 0.421875 0.540625 0.0515625 0.19583333333333333
1 0.03359375 0.4791666666666667 0.0203125 0.06666666666666667
