0 0.54375 0.744131455399061 0.0296875 0.11502347417840375
0 0.58046875 0.7394366197183099 0.021875 0.12910798122065728
0 0.6578125 0.7406103286384976 0.0359375 0.051643192488262914
0 0.859375 0.7276995305164319 0.0765625 0.2652582159624413
0 0.715625 0.710093896713615 0.025 0.03051643192488263
0 0.96796875 0.6314553990610329 0.0125 0.07276995305164319
0 0.64765625 0.6185446009389671 0.0328125 0.03286384976525822
0 0.67109375 0.6173708920187794 0.0125 0.028169014084507043
0 0.290625 0.5809859154929577 0.0125 0.03755868544600939
0 0.3265625 0.5868544600938967 0.0140625 0.03051643192488263
0 0.5671875 0.7406103286384976 0.0234375 0.12441314553990611
0 0.5765625 0.5786384976525821 0.0140625 0.03051643192488263
0 0.7594529095818017 0.7072335206089477 0.029531680836397144 0.03388976629384147
0 0.12157664579503677 0.7786744209127313 0.026241526884191214 0.043954751795084165
0 0.28759765625 0.5879548122065728 0.0095977783203125 0.025606110622065727
0 0.281494140625 0.5872212441314554 0.00894927978515625 0.027485878814553992
0 0.55224609375 0.5809859154929577 0.00937652587890625 0.02464330252347418
0 0.59912109375 0.5824530516431925 0.0090179443359375 0.025514414612676055
0 0.14453125 0.7797828638497653 0.0254669189453125 0.03656378374413145
0 0.60546875 0.5839201877934272 0.00841522216796875 0.021376632188967137
0 0.26806640625 0.5890551643192489 0.0083770751953125 0.024551606514084508
0 0.0216217041015625 0.6048268779342723 0.0141143798828125 0.025606110622065727
0 0.34326171875 0.5879548122065728 0.01061248779296875 0.02418482247652582
0 0.1295166015625 0.591255868544601 0.008575439453125 0.021296398180751172
0 0.046539306640625 0.6059272300469484 0.01512908935546875 0.020024116050469484
0 0.034759521484375 0.606294014084507 0.01267242431640625 0.02334809639084507
0 0.30517578125 0.5919894366197183 0.0141754150390625 0.01708984375
0 0.94189453125 0.6583773474178404 0.0236053466796875 0.06033597417840376
0 0.6298828125 0.606294014084507 0.01332855224609375 0.02112446816314554
0 0.155517578125 0.5938233568075117 0.006877899169921875 0.018751833920187793
