0 0.2265625 0.3773364485981308 0.0515625 0.2523364485981308
0 0.44453125 0.5210280373831776 0.1875 0.794392523364486
0 0.18671875 0.37149532710280375 0.034375 0.1705607476635514
0 0.1359375 0.37616822429906543 0.05625 0.17523364485981308
0 0.9609375 0.32242990654205606 0.0671875 0.24766355140186916
0 0.03828125 0.3878504672897196 0.0765625 0.34579439252336447
0 0.56640625 0.49883177570093457 0.1296875 0.719626168224299
0 0.92421875 0.316588785046729 0.078125 0.22897196261682243
1 0.44453125 0.5233644859813084 0.1875 0.7990654205607477
1 0.08515625 0.3866822429906542 0.090625 0.3107476635514019
1 0.08515625 0.39369158878504673 0.0921875 0.308411214953271
1 0.56640625 0.49883177570093457 0.1296875 0.719626168224299
