0 0.4 0.34933333333333333 0.132 0.176
0 0.615 0.4866666666666667 0.114 0.384
0 0.188 0.6506666666666666 0.368 0.672
0 0.259 0.424 0.114 0.24533333333333332
0 0.311 0.328 0.08 0.11733333333333333
0 0.216 0.324 0.062 0.13866666666666666
0 0.94 0.5133333333333333 0.12 0.4
0 0.102 0.37733333333333335 0.126 0.21066666666666667
0 0.538 0.436 0.072 0.16533333333333333
0 0.561 0.47333333333333333 0.066 0.18133333333333335
0 0.675 0.704 0.212 0.592
0 0.081 0.412 0.078 0.17866666666666667
1 0.40774 0.6533333333333333 0.42019999999999996 0.5786666666666667
