4 0.83984375 0.4031620553359684 0.2609375 0.44664031620553357
4 0.1125 0.3794466403162055 0.1921875 0.691699604743083
0 0.21875 0.4031620553359684 0.0375 0.15019762845849802
0 0.56640625 0.4743083003952569 0.0359375 0.11857707509881422
0 0.31015625 0.41699604743083 0.040625 0.11067193675889328
0 0.26484375 0.3952569169960474 0.0453125 0.13043478260869565
0 0.54296875 0.6778656126482213 0.0296875 0.1976284584980237
0 0.24296875 0.3893280632411067 0.0328125 0.1383399209486166
0 0.5734375 0.658102766798419 0.034375 0.2490118577075099
0 0.59375 0.48023715415019763 0.025 0.09881422924901186
0 0.703125 0.45849802371541504 0.0140625 0.11067193675889328
0 0.5453125 0.4505928853754941 0.0171875 0.1067193675889328
0 0.51796875 0.45454545454545453 0.0125 0.08300395256916997
0 0.53515625 0.6185770750988142 0.0484375 0.31620553359683795
1 0.6828125 0.5079051383399209 0.0265625 0.19367588932806323
