6 0.2609375 0.6525590551181102 0.18125 0.6791338582677166
6 0.44375 0.6653543307086615 0.2125 0.65748031496063
6 0.13984375 0.5954724409448819 0.109375 0.5984251968503937
6 0.04765625 0.47244094488188976 0.053125 0.11811023622047244
6 0.77890625 0.5 0.0375 0.1220472440944882
6 0.63125 0.48326771653543305 0.028125 0.10433070866141732
6 0.584375 0.49015748031496065 0.0328125 0.15354330708661418
6 0.6921875 0.5039370078740157 0.0296875 0.1141732283464567
6 0.7125 0.4921259842519685 0.0203125 0.09251968503937008
6 0.60625 0.48523622047244097 0.0234375 0.10826771653543307
6 0.7390625 0.49015748031496065 0.021875 0.11220472440944881
2 0.8515625 0.5492125984251969 0.296875 0.4015748031496063