8 0.6015625 0.3614583333333333 0.0671875 0.07916666666666666
8 0.72734375 0.20833333333333334 0.04375 0.0625
8 0.89140625 0.625 0.115625 0.16458333333333333
0 0.85859375 0.9625 0.034375 0.07291666666666667
0 0.6484375 0.5520833333333334 0.01875 0.06875
0 0.78203125 0.4666666666666667 0.0171875 0.06458333333333334
0 0.9203125 0.7291666666666666 0.01875 0.08541666666666667
0 0.7828125 0.5447916666666667 0.025 0.06875
0 0.20625 0.7239583333333334 0.021875 0.06666666666666667
0 0.8046875 0.6333333333333333 0.0171875 0.075
0 0.79140625 0.6458333333333334 0.01875 0.075
0 0.18671875 0.7229166666666667 0.021875 0.075
0 0.79296875 0.7322916666666667 0.01875 0.06875
0 0.88828125 0.7552083333333334 0.021875 0.075
0 0.7828125 0.73125 0.015625 0.07083333333333333
0 0.8359375 0.75 0.0203125 0.06875
0 0.053125 0.625 0.0234375 0.052083333333333336
0 0.1203125 0.6 0.021875 0.0625
0 0.87734375 0.49270833333333336 0.0203125 0.07083333333333333
0 0.75078125 0.45625 0.0171875 0.04791666666666667
0 0.8671875 0.7760416666666666 0.0296875 0.1
0 0.67265625 0.47291666666666665 0.0125 0.052083333333333336
1 0.27545312499999997 0.9350625 0.066015625 0.076375
2 0.0890625 0.8677083333333333 0.1765625 0.11875
2 0.29921875 0.8395833333333333 0.2046875 0.11875
2 0.34375 0.6145833333333334 0.1625 0.09583333333333334
2 0.178125 0.6541666666666667 0.1578125 0.1125
2 0.37265625 0.5166666666666667 0.140625 0.09375
2 0.51171875 0.46145833333333336 0.1265625 0.08958333333333333
2 0.6390625 0.40208333333333335 0.1046875 0.06875
2 0.7703125 0.3572916666666667 0.109375 0.07083333333333333
2 0.77421875 0.29270833333333335 0.0453125 0.06041666666666667
2 0.84140625 0.5104166666666666 0.0796875 0.08958333333333333
2 0.47890625 0.4427083333333333 0.0875 0.08125
7 0.510421875 0.38645833333333335 0.105734375 0.058333333333333334
2 0.196875 0.5895833333333333 0.109375 0.07708333333333334
2 0.971875 0.165625 0.053125 0.0375
5 0.7265625 0.06770833333333333 0.0234375 0.03125
5 0.6117343749999999 0.253375 0.1275625 0.0686875
2 0.7265625 0.06666666666666667 0.0234375 0.03125
3 0.625 0.49314583333333334 0.025 0.0645625
2 0.6798437500000001 0.11991666666666667 0.0246875 0.027666666666666666
2 0.6884375 0.0611875 0.016875 0.020125
2 0.392984375 0.4199583333333334 0.11346875000000001 0.0609375
2 0.528125 0.34277083333333336 0.08125 0.0403125
2 0.48390625 0.3188125 0.0728125 0.042375
5 0.48237500000000005 0.2776666666666667 0.087265625 0.05335416666666667
8 0.48687500000000006 0.21197916666666666 0.12625 0.051895833333333335
8 0.52640625 0.18989583333333335 0.11281250000000001 0.054375
0 0.125640625 0.8066041666666667 0.04203125 0.058791666666666666
7 0.5653125 0.29154166666666664 0.073859375 0.05091666666666667
2 0.60359375 0.31337499999999996 0.085265625 0.040791666666666664
