4 0.5484375 0.5011682242990654 0.6515625 0.5350467289719626
0 0.9125 0.5607476635514018 0.0171875 0.030373831775700934
0 0.93984375 0.5595794392523364 0.015625 0.030373831775700934
0 0.8734375 0.5677570093457944 0.0109375 0.053738317757009345
0 0.728125 0.5584112149532711 0.0078125 0.06074766355140187
0 0.953125 0.5584112149532711 0.0109375 0.03271028037383177
0 0.06484375 0.5116822429906542 0.0453125 0.053738317757009345
0 0.021875 0.5175233644859814 0.03125 0.053738317757009345
0 0.0046875 0.5385514018691588 0.009375 0.04439252336448598
1 0.896875 0.616822429906542 0.028125 0.10747663551401869
