0 0.14375 0.5199530516431925 0.065625 0.2323943661971831
1 0.31640625 0.44873239436619716 0.0390625 0.18152582159624414
0 0.0859375 0.5704225352112676 0.034375 0.16901408450704225
1 0.26432812499999997 0.4182394366197183 0.030203124999999997 0.1298826291079812
1 0.169671875 0.4469014084507042 0.04403125 0.1590610328638498
0 0.39140625 0.4272300469483568 0.0109375 0.04225352112676056
0 0.35546875 0.431924882629108 0.0125 0.03990610328638498
0 0.41640625 0.4295774647887324 0.0109375 0.03990610328638498
0 0.09296875 0.4612676056338028 0.0390625 0.13849765258215962
0 0.125 0.4119718309859155 0.025 0.06103286384976526
0 0.05546875 0.4072769953051643 0.0234375 0.03286384976525822
0 0.83359375 0.3884976525821596 0.0171875 0.046948356807511735
0 0.33671875 0.43779342723004694 0.0140625 0.03755868544600939
1 0.64609375 0.6490610328638498 0.1453125 0.6948356807511737
1 0.4953125 0.48826291079812206 0.06875 0.33098591549295775
2 0.03984375 0.6713615023474179 0.078125 0.19483568075117372
2 0.0375 0.47769953051643194 0.0734375 0.09389671361502347
2 0.03828125 0.5492957746478874 0.0765625 0.11737089201877934
2 0.0234375 0.4107981220657277 0.046875 0.035211267605633804
2 0.0234375 0.5011737089201878 0.046875 0.03755868544600939
