0 0.553125 0.8239583333333333 0.059375 0.10833333333333334
0 0.58125 0.81875 0.0421875 0.10833333333333334
1 0.8754687499999999 0.805125 0.0415625 0.13222916666666668
0 0.87265625 0.7666666666666667 0.0375 0.06666666666666667
0 0.75234375 0.7875 0.03125 0.125
0 0.91875 0.7697916666666667 0.0203125 0.06875
0 0.65078125 0.7583333333333333 0.0203125 0.05625
0 0.946875 0.784375 0.025 0.0875
0 0.278125 0.759375 0.025 0.04375
0 0.7796875 0.771875 0.0171875 0.08333333333333333
1 0.71015625 0.834375 0.0515625 0.18125
1 0.90390625 0.8395833333333333 0.059375 0.19166666666666668
