8 0.451061320754717 0.6105937499999999 0.902122641509434 0.330375
2 0.9280660377358491 0.71328125 0.14150943396226415 0.228125
6 0.2983490566037736 0.6546875 0.5731132075471698 0.6890625
6 0.847877358490566 0.5 0.08254716981132075 0.2015625
6 0.7783018867924528 0.50390625 0.11556603773584906 0.1890625
6 0.6061320754716981 0.51640625 0.07783018867924528 0.14375
6 0.5707547169811321 0.753 0.18396226415094338 0.493984375
6 0.45754716981132076 0.440625 0.08726415094339622 0.046875
6 0.8820754716981132 0.540625 0.054245283018867926 0.1578125
6 0.9150943396226415 0.621875 0.03773584905660377 0.0484375
6 0.37264150943396224 0.43125 0.054245283018867926 0.0375
6 0.910377358490566 0.646875 0.04716981132075472 0.096875
6 0.5648584905660378 0.484375 0.04245283018867924 0.0625
6 0.9799528301886793 0.6328125 0.04009433962264151 0.096875
6 0.943372641509434 0.6831875000000001 0.0718867924528302 0.17459375