1 0.33828125 0.45907928388746805 0.01875 0.09718670076726342
0 0.1453125 0.3734015345268542 0.009375 0.03324808184143223
0 0.534375 0.3989769820971867 0.0359375 0.07672634271099744
1 0.365625 0.4578005115089514 0.01875 0.09207161125319693
2 0.45931249999999996 0.48792838874680305 0.15167187499999998 0.18046035805626598
2 0.6890625 0.4936061381074169 0.0703125 0.17902813299232737
3 0.574875 0.46608695652173915 0.079921875 0.2954475703324808
3 0.649515625 0.47787723785166236 0.04471875 0.14398976982097186
3 0.27590625 0.4571355498721228 0.031484374999999995 0.14710997442455243
3 0.43543750000000003 0.4818414322250639 0.0785 0.299769820971867
1 0.20168750000000002 0.4577237851662404 0.018515625 0.08202046035805627
2 0.23125 0.30562659846547313 0.0140625 0.02557544757033248
2 0.109375 0.31074168797953966 0.021875 0.020460358056265986
1 0.2545 0.4690281329923273 0.0171875 0.07161125319693094
1 0.310453125 0.44936061381074166 0.02909375 0.10639386189258312
2 0.278125 0.3030690537084399 0.0265625 0.020460358056265986
2 0.1546875 0.2979539641943734 0.0140625 0.020460358056265986
1 0.2296875 0.4578005115089514 0.015625 0.06649616368286446
2 0.35 0.3132992327365729 0.0359375 0.030690537084398978
2 0.8359375 0.5498721227621484 0.3265625 0.42455242966751916
