4 0.30078125 0.3456937799043062 0.078125 0.19856459330143542
4 0.8359375 0.2236842105263158 0.115625 0.145933014354067
0 0.4578125 0.41626794258373206 0.0125 0.04784688995215311
0 0.63046875 0.4138755980861244 0.015625 0.04066985645933014
0 0.471875 0.3923444976076555 0.0109375 0.03827751196172249
0 0.43671875 0.39593301435406697 0.009375 0.04066985645933014
1 0.20598437500000003 0.7113157894736841 0.021359375 0.07334928229665072
1 0.59375 0.7476076555023924 0.0265625 0.06937799043062201
1 0.575 0.6818181818181818 0.028125 0.06220095693779904
1 0.76328125 0.42105263157894735 0.034375 0.050239234449760764
1 0.31953125 0.6961722488038278 0.015625 0.06698564593301436
1 0.6734375 0.65311004784689 0.0234375 0.050239234449760764
1 0.35 0.5633971291866029 0.034375 0.05741626794258373
1 0.32356250000000003 0.5972727272727273 0.022140625 0.07421052631578948
1 0.7140625 0.6026555023923444 0.021875 0.059449760765550246
1 0.767578125 0.550622009569378 0.02734375 0.06380382775119618
1 0.753640625 0.5139712918660287 0.028125 0.05741626794258373
1 0.815890625 0.5029904306220095 0.022390625 0.06736842105263158
1 0.8205781249999999 0.43923444976076553 0.041140625 0.06732057416267943
1 0.67109375 0.708468899521531 0.024484375 0.06710526315789474
1 0.5020781249999999 0.7989712918660288 0.025 0.06954545454545455
1 0.535421875 0.7931818181818182 0.03125 0.07392344497607656
1 0.62421875 0.6606698564593302 0.027609375000000002 0.06059808612440191
