2 0.62109375 0.7180555555555556 0.528125 0.3638888888888889
4 0.1703125 0.5319444444444444 0.328125 0.4166666666666667
0 0.975 0.6652777777777777 0.01875 0.10833333333333334
0 0.21328125 0.5111111111111111 0.0375 0.06111111111111111
0 0.58671875 0.6236111111111111 0.046875 0.08611111111111111
0 0.69375 0.5694444444444444 0.0203125 0.06944444444444445
0 0.71015625 0.5916666666666667 0.01875 0.06388888888888888
5 0.31953125 0.5833333333333334 0.09375 0.20277777777777778
4 0.34140625 0.5944444444444444 0.05625 0.225
0 0.90703125 0.6291666666666667 0.01875 0.1638888888888889
0 0.74296875 0.5902777777777778 0.0125 0.07777777777777778
1 0.778125 0.6041666666666666 0.0546875 0.09444444444444444
