2 0.5625 0.7997658079625293 0.0671875 0.0585480093676815
2 0.40859375 0.7728337236533958 0.053125 0.053864168618266976
4 0.41640625 0.752927400468384 0.0921875 0.07259953161592506
0 0.0390625 0.8138173302107728 0.028125 0.10304449648711944
0 0.7640625 0.8185011709601874 0.0171875 0.07728337236533958
0 0.6484375 0.7845433255269321 0.015625 0.04918032786885246
0 0.06953125 0.8056206088992974 0.0359375 0.14285714285714285
0 0.7703125 0.7388758782201406 0.015625 0.04449648711943794
0 0.79140625 0.7494145199063232 0.0125 0.0468384074941452
0 0.09609375 0.8208430913348946 0.015625 0.0585480093676815
0 0.14765625 0.7833723653395784 0.0125 0.0351288056206089
0 0.7875 0.7505854800936768 0.0078125 0.03278688524590164
0 0.73671875 0.7388758782201406 0.0125 0.05152224824355972
0 0.58125 0.7177985948477752 0.0109375 0.04215456674473068
2 0.3125 0.7517564402810304 0.0265625 0.03278688524590164
2 0.18203125 0.7435597189695551 0.015625 0.01873536299765808
2 0.18125 0.7704918032786885 0.025 0.02810304449648712
2 0.15234375 0.7400468384074942 0.0140625 0.01873536299765808
2 0.1203125 0.775175644028103 0.021875 0.03278688524590164
2 0.109375 0.7213114754098361 0.0109375 0.0117096018735363
4 0.2671875 0.7377049180327869 0.0453125 0.05620608899297424
0 0.13125 0.7459016393442623 0.00625 0.01873536299765808
0 0.1046875 0.7435597189695551 0.0046875 0.02107728337236534
2 0.12890625 0.7166276346604216 0.0078125 0.00702576112412178
4 0.346875 0.7435597189695551 0.04375 0.04449648711943794
1 0.6484375 0.7857142857142857 0.021875 0.05152224824355972
1 0.14765625 0.788056206088993 0.0125 0.04449648711943794
