0 0.5633946830265849 0.2125 0.04294478527607362 0.0375
0 0.9734151329243353 0.21484375 0.03885480572597137 0.034375
0 0.4120654396728016 0.221875 0.034764826175869123 0.0359375
0 0.6533742331288344 0.34140625 0.6114519427402862 0.6296875
0 0.15030674846625766 0.22578125 0.049079754601226995 0.1328125
0 0.4294478527607362 0.21796875 0.026584867075664622 0.046875
0 0.6267893660531697 0.23125 0.02044989775051125 0.0671875
0 0.9918200408997955 0.203125 0.010224948875255624 0.025
0 0.6687116564417178 0.28828125 0.05930470347648262 0.0921875
0 0.5102249488752556 0.23984375 0.032719836400818 0.059375
0 0.5449897750511248 0.21015625 0.028629856850715747 0.0359375
1 0.15132924335378323 0.22970312499999998 0.06339468302658487 0.139046875
1 0.17893660531697342 0.23046875 0.12269938650306748 0.140625
