6 0.2953125 0.3114754098360656 0.0453125 0.1873536299765808
6 0.19765625 0.3009367681498829 0.0453125 0.20374707259953162
6 0.24296875 0.3126463700234192 0.0546875 0.1990632318501171
2 0.01171875 0.3534192037470726 0.0234375 0.2388758782201405
6 0.146875 0.29156908665105385 0.0328125 0.16393442622950818
6 0.10078125 0.3091334894613583 0.03125 0.12646370023419204
6 0.52578125 0.20140515222482436 0.0390625 0.08899297423887588
6 0.88046875 0.16042154566744732 0.03125 0.06323185011709602
6 0.98515625 0.16159250585480095 0.0296875 0.11007025761124122
6 0.03203125 0.2611241217798595 0.021875 0.10304449648711944
6 0.4046875 0.22365339578454332 0.0328125 0.0702576112412178
2 0.76796875 0.5667447306791569 0.3765625 0.7587822014051522