2 0.68671875 0.042708333333333334 0.1421875 0.08541666666666667
3 0.36171875 0.0375 0.0875 0.07291666666666667
0 0.55546875 0.953125 0.109375 0.09166666666666666
0 0.5484375 0.4583333333333333 0.053125 0.1375
0 0.7171875 0.47604166666666664 0.0640625 0.14583333333333334
1 0.7828125 0.08958333333333333 0.04375 0.0625
3 0.690109375 0.06875 0.073953125 0.08333333333333333
1 0.740890625 0.05485416666666666 0.055203125 0.10970833333333332
0 0.5125 0.07083333333333333 0.0453125 0.04791666666666667
4 0.20390625 0.49375 0.40625 0.44166666666666665
8 0.04921875 0.12672916666666667 0.0984375 0.1625
2 0.88984375 0.05 0.1296875 0.1
2 0.22734375 0.035416666666666666 0.1265625 0.07083333333333333
2 0.5078125 0.03229166666666667 0.1234375 0.06458333333333334
3 0.953125 0.10035416666666667 0.0921875 0.07847916666666667
2 0.19609375 0.09166666666666666 0.125 0.13958333333333334
2 0.76171875 0.015625 0.046875 0.03125
4 0.58928125 0.27108333333333334 0.8214218750000001 0.42014583333333333
