7 0.134375 0.825 0.1359375 0.07291666666666667
8 0.28359375 0.8385416666666666 0.1453125 0.06666666666666667
6 0.684375 0.8791666666666667 0.1609375 0.24166666666666667
6 0.54296875 0.9114583333333334 0.078125 0.175
6 0.396875 0.865625 0.0171875 0.0625
6 0.97734375 0.8458333333333333 0.015625 0.029166666666666667
6 0.99453125 0.8458333333333333 0.0109375 0.029166666666666667
6 0.1296875 0.8447916666666667 0.0171875 0.05416666666666667
6 0.1109375 0.8447916666666667 0.0171875 0.05625
2 0.7167343749999999 0.8333125 0.025671875 0.043708333333333335
6 0.53125 0.8395833333333333 0.009375 0.03333333333333333
1 0.98359375 0.8741041666666667 0.03125 0.029166666666666667