6 0.2 0.6185446009389671 0.2859375 0.5751173708920188
6 0.5671875 0.40375586854460094 0.1078125 0.3755868544600939
6 0.7171875 0.4307511737089202 0.0640625 0.13145539906103287
6 0.52109375 0.3474178403755869 0.0578125 0.27699530516431925
6 0.05234375 0.39436619718309857 0.0796875 0.1619718309859155
6 0.4765625 0.38028169014084506 0.1 0.3427230046948357
6 0.4171875 0.3908450704225352 0.05 0.1619718309859155
2 0.953 0.3380281690140845 0.094015625 0.2558450704225352
1 0.096875 0.289906103286385 0.1921875 0.10093896713615023
1 0.61953125 0.31220657276995306 0.0515625 0.08450704225352113
1 0.80625 0.3192488262910798 0.1296875 0.08215962441314555
1 0.403125 0.30164319248826293 0.05 0.08450704225352113
1 0.40223437500000003 0.3051643192488263 0.04865625 0.0892018779342723
7 0.0953125 0.29107981220657275 0.190625 0.10093896713615023