2 0.36171875 0.7729166666666667 0.1625 0.13125
2 0.5421875 0.778125 0.2234375 0.12916666666666668
2 0.16484375 0.6739583333333333 0.0609375 0.027083333333333334
2 0.06953125 0.678125 0.0640625 0.03333333333333333
2 0.6890625 0.7197916666666667 0.103125 0.03125
3 0.43515625 0.54375 0.0765625 0.14375
0 0.040625 0.70625 0.0265625 0.09166666666666666
5 0.5921875 0.6302083333333334 0.5484375 0.18541666666666667
0 0.89140625 0.6927083333333334 0.0234375 0.058333333333333334
0 0.82421875 0.7 0.0421875 0.06041666666666667
0 0.97578125 0.7041666666666667 0.0203125 0.08958333333333333
5 0.16328125 0.6729166666666667 0.0578125 0.027083333333333334
0 0.140625 0.71875 0.0234375 0.06875
2 0.26875 0.7708333333333334 0.05 0.11666666666666667
