8 0.62265625 0.6370023419203747 0.0453125 0.053864168618266976
7 0.9421875 0.6533957845433255 0.1140625 0.0702576112412178
7 0.8109375 0.6686182669789227 0.071875 0.11007025761124122
0 0.7328125 0.7494145199063232 0.29375 0.48243559718969553
0 0.45078125 0.65807962529274 0.0203125 0.08665105386416862
0 0.86015625 0.6627634660421545 0.025 0.08196721311475409
1 0.58796875 0.6569555035128806 0.022515625 0.08437939110070258
0 0.490625 0.6651053864168618 0.025 0.0936768149882904
0 0.99140625 0.7072599531615925 0.015625 0.11007025761124122
0 0.415625 0.6241217798594848 0.0109375 0.0351288056206089
7 0.5484375 0.629976580796253 0.0265625 0.03278688524590164
2 0.47421875 0.6428571428571429 0.03125 0.04918032786885246
7 0.52890625 0.6264637002341921 0.0203125 0.02576112412177986
2 0.5078125 0.6288056206088993 0.01875 0.0234192037470726
