0 0.20859375 0.4363425925925926 0.134375 0.5486111111111112
0 0.625 0.6180555555555556 0.1125 0.7453703703703703
0 0.1109375 0.41435185185185186 0.071875 0.4722222222222222
0 0.37578125 0.30787037037037035 0.0359375 0.10416666666666667
0 0.80078125 0.40625 0.046875 0.1712962962962963
0 0.92890625 0.40625 0.0359375 0.16203703703703703
0 0.890625 0.4050925925925926 0.0390625 0.16666666666666666
0 0.28046875 0.30092592592592593 0.05625 0.10648148148148148
0 0.03203125 0.38078703703703703 0.053125 0.24537037037037038
0 0.05 0.28935185185185186 0.0296875 0.09490740740740741
0 0.54453125 0.31712962962962965 0.04375 0.09259259259259259
0 0.771875 0.39467592592592593 0.0484375 0.18518518518518517
0 0.7203125 0.35648148148148145 0.025 0.05787037037037037
0 0.41875 0.3275462962962963 0.240625 0.0763888888888889
