2 0.027 0.4065281899109792 0.054 0.0712166172106825
2 0.589 0.37833827893175076 0.02 0.017804154302670624
3 0.659 0.5445103857566765 0.09 0.2403560830860534
3 0.571 0.5296735905044511 0.052 0.16913946587537093
0 0.691 0.3991097922848665 0.016 0.050445103857566766
0 0.915 0.4050445103857567 0.024 0.08902077151335312
2 0.438 0.3798219584569733 0.048 0.04154302670623145
3 0.532 0.4970326409495549 0.058 0.1394658753709199
3 0.6 0.4910979228486647 0.016 0.1394658753709199
0 0.812 0.38130563798219586 0.02 0.04154302670623145
2 0.521 0.37537091988130566 0.03 0.017804154302670624
3 0.617 0.42729970326409494 0.022 0.04747774480712166
1 0.258 0.5311572700296736 0.136 0.5341246290801187
1 0.347 0.5 0.09 0.4629080118694362
1 0.462 0.5207715133531158 0.104 0.3857566765578635
3 0.76446 0.6071810089020772 0.13706000000000002 0.3227299703264095
