2 0.07046875 0.6541666666666667 0.1184375 0.425
2 0.56546875 0.6708333333333333 0.24656250000000002 0.39499999999999996
6 0.5158437499999999 0.6456875 0.080140625 0.2830416666666667
6 0.74609375 0.6395833333333333 0.0484375 0.20208333333333334
6 0.26171875 0.625 0.0390625 0.16666666666666666
6 0.89140625 0.6135416666666667 0.0234375 0.10208333333333333
6 0.86015625 0.6072916666666667 0.0390625 0.09791666666666667
2 0.2145 0.6232083333333333 0.0475625 0.14016666666666666
6 0.69765625 0.56875 0.0265625 0.06666666666666667
6 0.14921875 0.6261041666666666 0.0390625 0.15843749999999998
6 0.834375 0.625 0.0328125 0.15208333333333332
6 0.8625 0.6770833333333334 0.0390625 0.0875
2 0.78625 0.6358125 0.100625 0.16120833333333331
6 0.43671875 0.5864583333333333 0.046875 0.1125
2 0.29296875 0.6760416666666667 0.115625 0.4270833333333333
2 0.40546875 0.709375 0.14375 0.42916666666666664
2 0.65190625 0.6425625 0.113984375 0.2267708333333333
2 0.9481249999999999 0.6314375 0.058750000000000004 0.18793749999999998
6 0.68553125 0.6450208333333334 0.0765 0.21208333333333332
6 0.02628125 0.6199791666666666 0.0268125 0.16418750000000001