2 0.19765625 0.7411504424778761 0.1921875 0.10619469026548672
0 0.85546875 0.4469026548672566 0.140625 0.497787610619469
2 0.39921875 0.7212389380530974 0.175 0.07743362831858407
2 0.25859375 0.6780973451327433 0.096875 0.05309734513274336
2 0.284375 0.6980088495575221 0.09375 0.05530973451327434
2 0.43828125 0.6648230088495575 0.103125 0.05530973451327434
2 0.1546875 0.6703539823008849 0.0890625 0.03982300884955752
2 0.94375 0.7079646017699115 0.1125 0.17035398230088494
2 0.09375 0.7245575221238938 0.0609375 0.07079646017699115
2 0.26484375 0.6482300884955752 0.05625 0.02654867256637168
2 0.09453125 0.6648230088495575 0.0703125 0.03761061946902655
2 0.0734375 0.6482300884955752 0.034375 0.024336283185840708
2 0.475 0.6526548672566371 0.0390625 0.030973451327433628
1 0.71171875 0.6393805309734514 0.390625 0.584070796460177
