3 0.90859375 0.6748826291079812 0.1796875 0.2136150234741784
0 0.1046875 0.642018779342723 0.103125 0.3967136150234742
0 0.23359375 0.6068075117370892 0.0375 0.2112676056338028
0 0.89375 0.5715962441314554 0.0921875 0.12441314553990611
0 0.93125 0.528169014084507 0.028125 0.12910798122065728
0 0.8640625 0.5258215962441315 0.04375 0.07042253521126761
0 0.0484375 0.5704225352112676 0.03125 0.09624413145539906
0 0.15234375 0.534037558685446 0.025 0.06572769953051644
0 0.8953125 0.5187793427230047 0.0203125 0.051643192488262914
0 0.38125 0.3544600938967136 0.0953125 0.13145539906103287
5 0.5046875 0.534037558685446 0.521875 0.7676056338028169
0 0.15703125 0.57981220657277 0.0265625 0.09624413145539906
0 0.2234375 0.5258215962441315 0.01875 0.04929577464788732
0 0.04609375 0.5481220657276995 0.0171875 0.03755868544600939
1 0.1046875 0.6995305164319249 0.103125 0.5117370892018779
