0 0.98828125 0.5719339622641509 0.0234375 0.17452830188679244
0 0.13046875 0.6084905660377359 0.0359375 0.1509433962264151
0 0.9265625 0.5813679245283019 0.0375 0.12264150943396226
2 0.4296875 0.5518867924528302 0.01875 0.02358490566037736
0 0.840625 0.5778301886792453 0.0421875 0.13443396226415094
0 0.05625 0.6061320754716981 0.0359375 0.125
0 0.61171875 0.5577830188679245 0.0125 0.049528301886792456
0 0.58515625 0.5589622641509434 0.0125 0.0589622641509434
0 0.3265625 0.5613207547169812 0.0125 0.05188679245283019
0 0.1765625 0.5554245283018868 0.0171875 0.0330188679245283
0 0.303125 0.5648584905660378 0.0125 0.04716981132075472
0 0.6 0.5554245283018868 0.015625 0.0589622641509434
0 0.61875 0.5672169811320755 0.003125 0.0330188679245283
1 0.2390625 0.7441037735849056 0.15625 0.45754716981132076
