6 0.784375 0.7992874109263658 0.0640625 0.28741092636579574
6 0.11015625 0.7802850356294537 0.0828125 0.24465558194774348
6 0.965625 0.8230403800475059 0.05625 0.27790973871733965
6 0.6921875 0.8016627078384798 0.04375 0.20190023752969122
6 0.84296875 0.7802850356294537 0.0390625 0.19477434679334918
6 0.6421875 0.7482185273159145 0.025 0.12589073634204276
6 0.60859375 0.7517814726840855 0.0234375 0.12114014251781473
6 0.34453125 0.7695961995249406 0.046875 0.19002375296912113
6 0.31171875 0.7695961995249406 0.0265625 0.16864608076009502
6 0.74921875 0.7826603325415677 0.034375 0.18527315914489312
6 0.14609375 0.7767220902612827 0.0375 0.1543942992874109
6 0.0453125 0.7672209026128266 0.0296875 0.1496437054631829
6 0.72421875 0.7921615201900237 0.0328125 0.17339667458432304
6 0.82109375 0.7767220902612827 0.0265625 0.19002375296912113
6 0.91171875 0.7897862232779097 0.0359375 0.17814726840855108
6 0.66328125 0.7494061757719715 0.021875 0.12589073634204276
6 0.18671875 0.7909738717339667 0.0265625 0.12114014251781473
6 0.8859375 0.7339667458432304 0.0328125 0.0997624703087886
6 0.9890625 0.815914489311164 0.0203125 0.26128266033254155
6 0.01328125 0.7743467933491687 0.0265625 0.15676959619952494
0 0.465625 0.66270783847981 0.1453125 0.2755344418052256
2 0.56953125 0.7628503562945369 0.025515624999999997 0.15513064133016627