2 0.538125 0.507625 0.038734375 0.1548125
2 0.49890625 0.4670833333333333 0.024375 0.07791666666666666
6 0.1578125 0.46145833333333336 0.0109375 0.035416666666666666
6 0.590625 0.4479166666666667 0.0109375 0.03333333333333333
1 0.2546875 0.46875 0.065625 0.041666666666666664
7 0.3046875 0.4583333333333333 0.053125 0.04375
1 0.85703125 0.45 0.0671875 0.0375
1 0.70234375 0.4510416666666667 0.065625 0.03125
7 0.77578125 0.43645833333333334 0.0390625 0.022916666666666665
1 0.65625 0.44166666666666665 0.03125 0.020833333333333332
1 0.91796875 0.43333333333333335 0.05 0.022916666666666665
1 0.984375 0.428125 0.0296875 0.025
1 0.89609375 0.4354166666666667 0.021875 0.01875
1 0.721875 0.45 0.028125 0.029166666666666667
1 0.74921875 0.4375 0.0296875 0.020833333333333332
1 0.934375 0.4322916666666667 0.01875 0.022916666666666665
1 0.8296875 0.4322916666666667 0.040625 0.020833333333333332
1 0.95859375 0.42604166666666665 0.0296875 0.016666666666666666
2 0.550859375 0.48185416666666664 0.02053125 0.10641666666666666