3 0.61875 0.70390625 0.06666666666666667 0.0890625
3 0.2916666666666667 0.7765625 0.21458333333333332 0.15625
0 0.7364583333333333 0.6421875 0.20833333333333334 0.478125
0 0.6177083333333333 0.63125 0.08333333333333333 0.13125
0 0.8885416666666667 0.60859375 0.03958333333333333 0.053125
0 0.9197916666666667 0.59609375 0.022916666666666665 0.025
0 0.559375 0.62578125 0.05 0.071875
0 0.3229166666666667 0.67421875 0.17291666666666666 0.25
0 0.8677083333333333 0.5984375 0.020833333333333332 0.034375
0 0.86875 0.6078125 0.07916666666666666 0.1234375
0 0.91875 0.625 0.029166666666666667 0.0421875
0 0.9052083333333333 0.59609375 0.01875 0.01875
0 0.9635416666666666 0.634375 0.07083333333333333 0.21875
1 0.809375 0.7015625 0.38125 0.596875
1 0.9635416666666666 0.65078125 0.07291666666666667 0.2515625
