2 0.88046875 0.49619771863117873 0.053125 0.03231939163498099
2 0.2015625 0.47243346007604564 0.05 0.03612167300380228
2 0.2875 0.48859315589353614 0.0453125 0.055133079847908745
4 0.7203125 0.470532319391635 0.121875 0.08745247148288973
0 0.02578125 0.48193916349809884 0.0234375 0.06844106463878327
2 0.10546875 0.4686311787072243 0.0609375 0.03612167300380228
0 0.9515625 0.5038022813688213 0.00625 0.0076045627376425855
0 0.96875 0.502851711026616 0.009375 0.009505703422053232
0 0.9921875 0.5 0.00625 0.015209125475285171
2 0.01171875 0.46577946768060835 0.021875 0.03231939163498099
1 0.7796875 0.4866920152091255 0.0140625 0.043726235741444866
