6 0.93359375 0.5667447306791569 0.0859375 0.36768149882903983
6 0.84375 0.5538641686182669 0.084375 0.41217798594847777
6 0.72109375 0.31030444964871196 0.0453125 0.17330210772833723
2 0.36328125 0.43208430913348944 0.065625 0.20140515222482436
6 0.6421875 0.3442622950819672 0.0390625 0.1873536299765808
6 0.77265625 0.30679156908665106 0.04375 0.17096018735362997
6 0.48203125 0.3594847775175644 0.0453125 0.21779859484777517
6 0.67421875 0.3372365339578454 0.0390625 0.1920374707259953
6 0.82734375 0.3665105386416862 0.059375 0.1990632318501171
2 0.3671875 0.3126463700234192 0.0453125 0.1053864168618267
6 0.38828125 0.22833723653395785 0.0359375 0.1405152224824356
6 0.8953125 0.3711943793911007 0.0359375 0.23185011709601874
6 0.83359375 0.26697892271662765 0.0453125 0.08899297423887588
2 0.44140625 0.6334894613583139 0.1109375 0.43559718969555034
2 0.54140625 0.550351288056206 0.0875 0.3583138173302108
0 0.19765625 0.18149882903981265 0.196875 0.3559718969555035
0 0.05546875 0.14988290398126464 0.109375 0.29508196721311475
8 0.06640625 0.5889929742388759 0.1328125 0.7962529274004684
0 0.859375 0.14988290398126464 0.2375 0.2927400468384075
6 0.549875 0.2959484777517565 0.043484375 0.09976580796252928
6 0.5703125 0.2840281030444965 0.026046875000000004 0.08843091334894614
6 0.60378125 0.24580796252927398 0.02421875 0.1336768149882904
6 0.6463593750000001 0.24072599531615926 0.026046875000000004 0.08920374707259954
6 0.31028125 0.23779859484777519 0.033078125 0.14576112412177986
6 0.35285937500000003 0.2362295081967213 0.028640624999999996 0.08646370023419205
6 0.44778124999999996 0.24072599531615926 0.02890625 0.12039812646370023
6 0.420046875 0.22512880562060889 0.022390625 0.12039812646370023
6 0.53971875 0.2147775175644028 0.024734375 0.10594847775175645
6 0.56809375 0.19526932084309132 0.027859375 0.08252927400468385
6 0.48346875 0.2323185011709602 0.037234375 0.09304449648711943