7 0.07890625 0.84375 0.1578125 0.12916666666666668
6 0.196875 0.8916666666666667 0.11875 0.21458333333333332
6 0.25546875 0.8270833333333333 0.0171875 0.06458333333333334
2 0.42640625 0.8391666666666667 0.02 0.08041666666666666
2 0.3609375 0.8354166666666667 0.0203125 0.06875
2 0.32421875 0.8333333333333334 0.028125 0.07291666666666667
6 0.29140625 0.8270833333333333 0.0140625 0.05
6 0.1484375 0.909375 0.065625 0.17916666666666667
6 0.7875 0.8322916666666667 0.021875 0.035416666666666666
6 0.89296875 0.8385416666666666 0.0171875 0.06458333333333334
6 0.125 0.9614583333333333 0.0640625 0.075
6 0.82734375 0.8416666666666667 0.0296875 0.07083333333333333
8 0.98203125 0.8104166666666667 0.034375 0.08333333333333333
1 0.13203125 0.8041666666666667 0.040625 0.0375
8 0.85859375 0.8114583333333333 0.2078125 0.07916666666666666
1 0.55625 0.803125 0.034375 0.03125