0 0.7529411764705882 0.51953125 0.19294117647058823 0.4390625
0 0.4235294117647059 0.35078125 0.2211764705882353 0.1640625
0 0.29411764705882354 0.49453125 0.35058823529411764 0.4234375
0 0.74 0.271875 0.08235294117647059 0.0828125
0 0.4988235294117647 0.24375 0.11529411764705882 0.1203125
0 0.6517647058823529 0.35234375 0.14588235294117646 0.159375
0 0.4588235294117647 0.2921875 0.09411764705882353 0.0734375
0 0.5494117647058824 0.33125 0.11058823529411765 0.1171875
0 0.33294117647058824 0.29921875 0.0988235294117647 0.1109375
3 0.9046588235294118 0.3595625 0.19065882352941177 0.184734375
0 0.7011764705882353 0.303125 0.04941176470588235 0.0734375
