0 0.60703125 0.43249427917620137 0.2890625 0.28604118993135014
1 0.503125 0.7949199084668193 0.0546875 0.12528604118993136
1 0.423640625 0.8063615560640732 0.055078125 0.10011441647597254
0 0.2015625 0.8009153318077803 0.0203125 0.06407322654462243
0 0.16328125 0.7860411899313501 0.01875 0.08237986270022883
0 0.46953125 0.8029061784897026 0.033984375 0.10297482837528604
0 0.93125 0.7471395881006865 0.015625 0.07780320366132723
0 0.8640625 0.7688787185354691 0.0203125 0.06636155606407322
0 0.03515625 0.7940503432494279 0.015625 0.06636155606407322
0 0.97734375 0.6967963386727689 0.025 0.14645308924485126
0 0.99296875 0.7185354691075515 0.0125 0.10068649885583524
1 0.538375 0.817070938215103 0.026765624999999998 0.09867276887871854
