7 0.92578125 0.16549295774647887 0.1484375 0.14788732394366197
2 0.61875 0.2981220657276995 0.4296875 0.5938967136150235
7 0.67421875 0.15018779342723004 0.37498437500000004 0.23227699530516432
6 0.86328125 0.11267605633802817 0.015625 0.0539906103286385
1 0.08359375 0.5046948356807511 0.1671875 0.568075117370892
1 0.92890625 0.3028169014084507 0.1421875 0.22535211267605634
0 0.31015625 0.07629107981220658 0.209375 0.11502347417840375
1 0.31171875 0.15258215962441316 0.1515625 0.12206572769953052
0 0.46484375 0.08215962441314555 0.1 0.10093896713615023
1 0.3875 0.142018779342723 0.0921875 0.10093896713615023
1 0.9703125 0.1572769953051643 0.059375 0.09624413145539906
1 0.49296875 0.16549295774647887 0.1828125 0.15258215962441316
1 0.15546875 0.0903755868544601 0.1546875 0.09154929577464789
1 0.1828125 0.215962441314554 0.365625 0.3215962441314554