2 0.103125 0.41745283018867924 0.025 0.03773584905660377
4 0.2984375 0.41391509433962265 0.296875 0.2429245283018868
4 0.053125 0.40212264150943394 0.0765625 0.08018867924528301
0 0.37265625 0.6686320754716981 0.178125 0.4858490566037736
0 0.5578125 0.6297169811320755 0.1375 0.3938679245283019
0 0.4921875 0.5294811320754716 0.0640625 0.23349056603773585
0 0.16328125 0.45990566037735847 0.034375 0.11320754716981132
0 0.71328125 0.44339622641509435 0.034375 0.05188679245283019
0 0.4609375 0.4563679245283019 0.015625 0.04716981132075472
0 0.81875 0.4563679245283019 0.0359375 0.049528301886792456
0 0.2328125 0.5188679245283019 0.1046875 0.25
0 0.7421875 0.4386792452830189 0.03125 0.06839622641509434
0 0.06953125 0.4363207547169811 0.0296875 0.09669811320754718
1 0.36953125 0.7122641509433962 0.2 0.5731132075471698
1 0.55703125 0.6686320754716981 0.2046875 0.4716981132075472
1 0.48515625 0.5554245283018868 0.0765625 0.28537735849056606
1 0.1625 0.47523584905660377 0.0359375 0.14386792452830188
1 0.22890625 0.5613207547169812 0.1109375 0.33490566037735847
1 0.06953125 0.45047169811320753 0.0296875 0.125
