2 0.851 0.7347480106100795 0.296 0.23872679045092837
2 0.318 0.7015915119363395 0.174 0.21485411140583555
2 0.505 0.7997347480106101 0.392 0.38726790450928383
2 0.27 0.6259946949602122 0.134 0.1909814323607427
1 0.02624 0.6383289124668435 0.04846 0.1572944297082228
4 0.509 0.5411140583554377 0.208 0.10610079575596817
5 0.804 0.4244031830238727 0.392 0.41379310344827586
4 0.425 0.5106100795755968 0.128 0.14058355437665782
5 0.041 0.5623342175066313 0.08 0.15649867374005305
2 0.66 0.6684350132625995 0.15 0.14323607427055704
2 0.145 0.5822281167108754 0.054 0.0610079575596817
5 0.775 0.863395225464191 0.448 0.2572944297082228
2 0.201 0.6273209549071618 0.032 0.1220159151193634
4 0.159 0.53315649867374 0.048 0.050397877984084884
2 0.097 0.5795755968169761 0.04 0.05305039787798409
2 0.174 0.6074270557029178 0.036 0.07957559681697612
4 0.293 0.513262599469496 0.056 0.050397877984084884
4 0.316 0.5238726790450928 0.104 0.06896551724137931
2 0.507 0.5994694960212201 0.118 0.03183023872679045
