0 0.18984375 0.6135416666666667 0.04375 0.19791666666666666
0 0.24921875 0.6197916666666666 0.0515625 0.21666666666666667
0 0.1484375 0.6010416666666667 0.04375 0.17708333333333334
0 0.09140625 0.575 0.040625 0.15
1 0.8631249999999999 0.6562291666666666 0.09718750000000001 0.34579166666666666
0 0.065625 0.56875 0.0328125 0.15833333333333333
0 0.53984375 0.5572916666666666 0.0453125 0.13958333333333334
0 0.521875 0.6260416666666667 0.071875 0.1125
0 0.69296875 0.6875 0.05 0.2604166666666667
0 0.396875 0.546875 0.04375 0.1125
0 0.4375 0.5458333333333333 0.03125 0.11458333333333333
0 0.49765625 0.5427083333333333 0.0359375 0.08958333333333333
0 0.3453125 0.6458333333333334 0.0984375 0.15208333333333332
0 0.3640625 0.5427083333333333 0.025 0.12916666666666668
0 0.2125 0.6010416666666667 0.03125 0.17291666666666666
0 0.46015625 0.6291666666666667 0.05625 0.15416666666666667
0 0.29375 0.5458333333333333 0.01875 0.09791666666666667
0 0.73515625 0.5458333333333333 0.0375 0.06041666666666667
0 0.46015625 0.5833333333333334 0.053125 0.0625
0 0.271875 0.5510416666666667 0.0234375 0.08125
0 0.24140625 0.465625 0.0359375 0.08958333333333333
