6 0.50859375 0.528125 0.0078125 0.03958333333333333
6 0.53203125 0.528125 0.00625 0.022916666666666665
6 0.49453125 0.5270833333333333 0.0109375 0.035416666666666666
6 0.54140625 0.503125 0.0109375 0.03333333333333333
0 0.21953125 0.7666666666666667 0.4359375 0.46458333333333335
1 0.62890625 0.5197916666666667 0.01875 0.025
0 0.3890625 0.5114583333333333 0.028125 0.05
1 0.5984375 0.5229166666666667 0.0203125 0.022916666666666665
1 0.68671875 0.5145833333333333 0.034375 0.029166666666666667
1 0.56090625 0.5228958333333333 0.0249375 0.0270625
1 0.5828125 0.5302083333333333 0.0203125 0.027083333333333334
6 0.4658125 0.5347708333333333 0.012359375 0.029854166666666668
0 0.470796875 0.5025208333333333 0.06498437500000001 0.03704166666666667
2 0.47815624999999995 0.6025833333333334 0.03375 0.06475