3 0.6390625 0.680161943319838 0.1984375 0.19838056680161945
3 0.78359375 0.6781376518218624 0.1578125 0.18218623481781376
0 0.4109375 0.5232793522267206 0.0828125 0.18218623481781376
0 0.49453125 0.5465587044534413 0.078125 0.15587044534412955
0 0.6375 0.5404858299595142 0.0734375 0.14777327935222673
0 0.328125 0.5364372469635628 0.0671875 0.13562753036437247
3 0.35859375 0.6963562753036437 0.1890625 0.1882591093117409
3 0.08359375 0.7044534412955465 0.1390625 0.18218623481781376
0 0.925 0.5182186234817814 0.0296875 0.0708502024291498
3 0.2265625 0.7034412955465587 0.16875 0.1882591093117409
3 0.915625 0.6740890688259109 0.15 0.18421052631578946
3 0.48984375 0.6427125506072875 0.1390625 0.15384615384615385
