3 0.875 0.4552083333333333 0.25 0.4395833333333333
3 0.70078125 0.3729166666666667 0.28125 0.44375
3 0.4875 0.359375 0.096875 0.175
3 0.8125 0.421875 0.1921875 0.33541666666666664
0 0.15078125 0.07291666666666667 0.065625 0.0875
0 0.03671875 0.09895833333333333 0.06875 0.19791666666666666
2 0.15625 0.903125 0.3125 0.19375
0 0.27109375 0.04583333333333333 0.053125 0.09166666666666666
0 0.546875 0.053125 0.0296875 0.10625
0 0.21328125 0.090625 0.0578125 0.18125
0 0.709375 0.134375 0.0921875 0.26875
1 0.22890625 0.33541666666666664 0.1875 0.4166666666666667
1 0.5546875 0.528125 0.2296875 0.5645833333333333
1 0.328125 0.521875 0.209375 0.4583333333333333
