6 0.8375 0.521875 0.11458333333333333 0.1984375
6 0.45625 0.48515625 0.04791666666666667 0.11875
6 0.5583333333333333 0.496875 0.04791666666666667 0.10625
6 0.7270833333333333 0.5203125 0.11875 0.090625
6 0.24895833333333334 0.484375 0.041666666666666664 0.08125
6 0.6635416666666667 0.48125 0.03125 0.0734375
6 0.715625 0.48046875 0.035416666666666666 0.0640625
6 0.6833333333333333 0.51796875 0.05416666666666667 0.0640625
6 0.38958333333333334 0.4796875 0.01875 0.040625
6 0.8708333333333333 0.49296875 0.04375 0.0890625
6 0.9791666666666666 0.58515625 0.03958333333333333 0.08125
6 0.3541666666666667 0.49296875 0.041666666666666664 0.034375
6 0.2886666666666667 0.49554687499999994 0.038375000000000006 0.040703125