1 0.88046875 0.6709905660377359 0.2390625 0.6556603773584906
0 0.9453125 0.7132311320754717 0.109375 0.5589622641509434
5 0.290625 0.3632075471698113 0.5796875 0.7193396226415094
0 0.6453125 0.5636792452830188 0.0390625 0.25707547169811323
0 0.98515625 0.4846698113207547 0.0296875 0.10849056603773585
0 0.81796875 0.47523584905660377 0.0453125 0.09433962264150944
0 0.7890625 0.5035377358490566 0.0296875 0.09905660377358491
0 0.9765625 0.7311320754716981 0.046875 0.4221698113207547
0 0.63359375 0.5459905660377359 0.015625 0.20754716981132076
1 0.703125 0.6816037735849056 0.1296875 0.5141509433962265
2 0.6109375 0.4811320754716981 0.015625 0.018867924528301886
