0 0.934 0.844311377245509 0.074 0.30538922155688625
7 0.157 0.8907185628742516 0.294 0.2125748502994012
7 0.462 0.8293413173652695 0.128 0.17664670658682635
2 0.42 0.8637724550898204 0.116 0.15868263473053892
7 0.328 0.8847305389221557 0.148 0.20359281437125748
2 0.543 0.8368263473053892 0.06 0.12574850299401197
2 0.586 0.8218562874251497 0.078 0.09880239520958084
2 0.623 0.8038922155688623 0.058 0.09281437125748503
7 0.651 0.7934131736526946 0.062 0.09580838323353294
7 0.711 0.7769461077844312 0.052 0.0718562874251497
2 0.689 0.7904191616766467 0.04 0.0658682634730539
2 0.741 0.7769461077844312 0.02 0.04491017964071856
2 0.793 0.7619760479041916 0.02 0.03293413173652695
2 0.758 0.7709580838323353 0.024 0.03592814371257485
2 0.828 0.7604790419161677 0.028 0.029940119760479042
