0 0.21875 0.5064516129032258 0.228125 0.9526881720430107
0 0.0984375 0.40860215053763443 0.11875 0.6172043010752688
0 0.696875 0.43333333333333335 0.121875 0.4731182795698925
1 0.428046875 0.36129032258064514 0.06889062500000001 0.21288172043010753
0 0.5875 0.3387096774193548 0.0640625 0.221505376344086
0 0.62421875 0.33978494623655914 0.0203125 0.13978494623655913
2 0.02890625 0.3301075268817204 0.0578125 0.10752688172043011
2 0.3421875 0.35591397849462364 0.0859375 0.12473118279569892
2 0.38515625 0.34946236559139787 0.0453125 0.0967741935483871
2 0.40078125 0.3053763440860215 0.034375 0.04516129032258064
