6 0.5667447306791569 0.5765625 0.3395784543325527 0.68125
6 0.7798594847775175 0.46484375 0.13114754098360656 0.265625
6 0.39695550351288056 0.43828125 0.08196721311475409 0.1796875
6 0.33489461358313816 0.44453125 0.1053864168618267 0.20625
6 0.9414519906323185 0.446875 0.11475409836065574 0.2890625
6 0.20491803278688525 0.43359375 0.06791569086651054 0.178125
6 0.8864168618266979 0.4390625 0.0702576112412178 0.2578125
6 0.03044496487119438 0.43828125 0.06088992974238876 0.1890625
6 0.15807962529274006 0.4515625 0.08196721311475409 0.178125
6 0.680327868852459 0.39375 0.04449648711943794 0.0625
0 0.20140515222482436 0.36875 0.3981264637002342 0.134375