0 0.36492374727668847 0.56015625 0.3877995642701525 0.709375
0 0.6285403050108932 0.39296875 0.10021786492374728 0.0984375
0 0.7745098039215687 0.3265625 0.02832244008714597 0.0578125
0 0.18191721132897604 0.3640625 0.032679738562091505 0.046875
0 0.1568627450980392 0.36484375 0.032679738562091505 0.0484375
0 0.9313725490196079 0.3109375 0.023965141612200435 0.0515625
1 0.09803921568627451 0.39140625 0.06100217864923747 0.081234375
0 0.6002178649237473 0.321875 0.0196078431372549 0.0265625
0 0.054466230936819175 0.37578125 0.026143790849673203 0.0515625
0 0.55119825708061 0.32734375 0.023965141612200435 0.028125
0 0.6318082788671024 0.31953125 0.0196078431372549 0.025
0 0.22549019607843138 0.3515625 0.026143790849673203 0.03125
0 0.02287581699346405 0.36875 0.030501089324618737 0.040625
0 0.7156862745098039 0.32421875 0.02178649237472767 0.0265625
