2 0.921875 0.875 0.15625 0.24528301886792453
2 0.504421875 0.8124764150943397 0.049484375000000004 0.2004245283018868
2 0.588796875 0.7881367924528302 0.048953125 0.20124999999999998
2 0.389578125 0.7444811320754717 0.032296875 0.12577830188679245
2 0.43671875 0.75 0.028125 0.13441037735849057
2 0.538546875 0.7519575471698113 0.033328125 0.12183962264150942
2 0.782546875 0.7983254716981132 0.059890624999999996 0.21617924528301885
2 0.48385937500000004 0.7350707547169811 0.0359375 0.11004716981132075
2 0.8216093750000001 0.7818160377358491 0.047921875 0.1697877358490566
2 0.691140625 0.7932311320754717 0.041671875000000004 0.19023584905660376
2 0.73359375 0.8254716981132075 0.071875 0.29245283018867924
2 0.63359375 0.8608490566037735 0.0671875 0.27358490566037735
2 0.850375 0.8553773584905661 0.12162500000000001 0.2885377358490566