0 0.8125 0.5 0.3734375 0.9979166666666667
0 0.315625 0.31875 0.1296875 0.17916666666666667
0 0.7125 0.33229166666666665 0.04375 0.13958333333333334
0 0.934375 0.34375 0.0359375 0.11666666666666667
0 0.16640625 0.3802083333333333 0.246875 0.4125
0 0.40390625 0.31979166666666664 0.0765625 0.13125
2 0.6625 0.33541666666666664 0.071875 0.07083333333333333
2 0.6140625 0.32916666666666666 0.0515625 0.058333333333333334
2 0.453125 0.31979166666666664 0.0921875 0.08958333333333333
7 0.551296875 0.31725 0.05103124999999999 0.04697916666666667
