0 0.611046875 0.588875 0.14709375 0.06320833333333334
6 0.38046875 0.6760416666666667 0.0375 0.15
2 0.276296875 0.6703333333333333 0.0990625 0.13027083333333334
2 0.543890625 0.6481250000000001 0.06059375 0.115
2 0.48678125000000005 0.6427708333333333 0.048546875 0.09179166666666667
6 0.1390625 0.6302083333333334 0.015625 0.052083333333333336
2 0.1125 0.6302083333333334 0.01875 0.06666666666666667
6 0.46640625 0.6177083333333333 0.0125 0.04583333333333333
2 0.5120625000000001 0.6384166666666666 0.038203125 0.08933333333333333
1 0.04609375 0.6677083333333333 0.0921875 0.07916666666666666
1 0.70859375 0.6375 0.1828125 0.09375
1 0.25390625 0.634375 0.103125 0.05
1 0.796875 0.603125 0.059375 0.03333333333333333
7 0.60625 0.6208333333333333 0.103125 0.08958333333333333
1 0.9453125 0.59375 0.03125 0.027083333333333334
1 0.8390625 0.6010416666666667 0.0390625 0.029166666666666667
1 0.190625 0.6333333333333333 0.0296875 0.03958333333333333
1 0.87109375 0.5989583333333334 0.0328125 0.027083333333333334
1 0.9078125 0.596875 0.0515625 0.03125
0 0.1171875 0.596875 0.0859375 0.041666666666666664
1 0.9875 0.5927083333333333 0.025 0.025
1 0.96953125 0.5916666666666667 0.025 0.022916666666666665
1 0.740625 0.603125 0.0671875 0.03333333333333333
1 0.45390625 0.6145833333333334 0.0296875 0.0375
2 0.6134062499999999 0.6589583333333333 0.063234375 0.12210416666666667
2 0.161390625 0.6402916666666666 0.025031249999999998 0.06179166666666667
2 0.17584375000000002 0.6334791666666667 0.017374999999999998 0.06764583333333334
2 0.064578125 0.6354375 0.022578124999999998 0.050666666666666665
1 0.037984375 0.6313124999999999 0.028968749999999998 0.027083333333333334
1 0.604078125 0.632875 0.100765625 0.0650625
2 0.346734375 0.6333958333333333 0.01515625 0.07339583333333333
2 0.7 0.6516458333333334 0.0875 0.11839583333333333
2 0.406875 0.6543333333333333 0.03625 0.10047916666666666