2 0.8544600938967136 0.46171875 0.1056338028169014 0.05
2 0.5915492957746479 0.38828125 0.0539906103286385 0.034375
2 0.5528169014084507 0.37890625 0.03990610328638498 0.021875
2 0.9354460093896714 0.48359375 0.12910798122065728 0.065625
2 0.704225352112676 0.42109375 0.1056338028169014 0.04375
2 0.47769953051643194 0.35546875 0.04460093896713615 0.01875
0 0.4084507042253521 0.390625 0.06338028169014084 0.1015625
0 0.4953051643192488 0.40234375 0.0892018779342723 0.10625
2 0.41784037558685444 0.3390625 0.03286384976525822 0.0140625
2 0.460093896713615 0.3515625 0.046948356807511735 0.0140625
