6 0.83984375 0.5766509433962265 0.0359375 0.1391509433962264
6 0.13046875 0.6096698113207547 0.040625 0.1509433962264151
6 0.05703125 0.6073113207547169 0.0359375 0.12735849056603774
6 0.9265625 0.5825471698113207 0.0296875 0.125
6 0.98828125 0.5672169811320755 0.021875 0.1580188679245283
2 0.65234375 0.5660377358490566 0.0234375 0.09433962264150944
6 0.146875 0.5919811320754716 0.015625 0.09905660377358491
6 0.30546875 0.5648584905660378 0.0140625 0.049528301886792456
6 0.32734375 0.5613207547169812 0.0109375 0.049528301886792456
6 0.1109375 0.597877358490566 0.0203125 0.08962264150943396
6 0.35546875 0.5518867924528302 0.0109375 0.03537735849056604
2 0.62265625 0.5542452830188679 0.0140625 0.06132075471698113
6 0.25859375 0.5766509433962265 0.0203125 0.0589622641509434
6 0.6109375 0.5530660377358491 0.0125 0.054245283018867926
6 0.04453125 0.5683962264150944 0.0203125 0.05660377358490566
6 0.63515625 0.5507075471698113 0.0125 0.06367924528301887
6 0.1609375 0.5943396226415094 0.01875 0.08726415094339622
2 0.23828125 0.7452830188679245 0.1578125 0.46462264150943394
1 0.4296875 0.5518867924528302 0.015625 0.02358490566037736