3 0.49453125 0.6229508196721312 0.50625 0.3981264637002342
0 0.57734375 0.4426229508196721 0.1578125 0.5620608899297423
0 0.75234375 0.17681498829039813 0.06875 0.0936768149882904
0 0.96953125 0.14285714285714285 0.0609375 0.18501170960187355
0 0.6859375 0.1592505854800937 0.0625 0.10304449648711944
0 0.6234375 0.07728337236533958 0.065625 0.1522248243559719
0 0.3921875 0.08196721311475409 0.1046875 0.15456674473067916
0 0.3140625 0.07611241217798595 0.09375 0.1522248243559719
0 0.0328125 0.04918032786885246 0.0625 0.08899297423887588
0 0.85078125 0.1920374707259953 0.084375 0.08899297423887588
0 0.196875 0.06088992974238876 0.0921875 0.12177985948477751
0 0.11640625 0.05503512880562061 0.078125 0.10772833723653395
1 0.8140625 0.5597189695550351 0.2421875 0.43559718969555034
