3 0.8109375 0.22816593886462883 0.2609375 0.4039301310043668
0 0.3453125 0.42358078602620086 0.1484375 0.8471615720524017
0 0.09140625 0.36026200873362446 0.1828125 0.7205240174672489
0 0.2125 0.259825327510917 0.153125 0.519650655021834
0 0.940625 0.11353711790393013 0.1109375 0.2205240174672489
0 0.89609375 0.0851528384279476 0.065625 0.16812227074235808
3 0.95546875 0.27292576419213976 0.0890625 0.18340611353711792
0 0.74921875 0.08733624454148471 0.1125 0.16593886462882096
0 0.55859375 0.07641921397379912 0.0484375 0.14847161572052403
0 0.64296875 0.27074235807860264 0.1421875 0.5393013100436681
1 0.36640625 0.4978165938864629 0.665625 0.982532751091703
