2 0.9703125 0.6059027777777778 0.059375 0.24305555555555555
2 0.04453125 0.5225694444444444 0.0890625 0.09375
4 0.5140625 0.4913194444444444 0.675 0.8958333333333334
0 0.3234375 0.4079861111111111 0.0859375 0.19791666666666666
0 0.23125 0.5 0.0265625 0.0763888888888889
0 0.1484375 0.5121527777777778 0.0203125 0.1388888888888889
0 0.11328125 0.5138888888888888 0.015625 0.0763888888888889
0 0.67109375 0.4340277777777778 0.046875 0.21875
2 0.1625 0.515625 0.0125 0.052083333333333336
0 0.73203125 0.4513888888888889 0.04375 0.16319444444444445
