2 0.5600375234521576 0.578125 0.06378986866791744 0.025
2 0.3921200750469043 0.57265625 0.06191369606003752 0.0390625
2 0.225140712945591 0.578125 0.028142589118198873 0.015625
2 0.18574108818011256 0.58046875 0.02626641651031895 0.0171875
4 0.31050656660412757 0.5625 0.1294559099437148 0.0953125
0 0.150093808630394 0.8375 0.17073170731707318 0.3203125
5 0.8039399624765479 0.60234375 0.3921200750469043 0.25
0 0.0525328330206379 0.8546875 0.1050656660412758 0.1484375
0 0.9033771106941839 0.5203125 0.043151969981238276 0.03125
2 0.43058161350844276 0.57578125 0.03377110694183865 0.0234375
2 0.4915572232645403 0.58359375 0.0900562851782364 0.0390625
2 0.21857410881801126 0.57421875 0.020637898686679174 0.0171875
2 0.5440900562851783 0.5671875 0.0450281425891182 0.015625
2 0.44652908067542213 0.57109375 0.01876172607879925 0.009375
2 0.24296435272045028 0.5796875 0.0150093808630394 0.028125
1 0.4906191369606004 0.6328125 0.07692307692307693 0.190625
