6 0.31176470588235294 0.303125 0.09176470588235294 0.184375
6 0.41411764705882353 0.303125 0.08941176470588236 0.18125
6 0.9023529411764706 0.2421875 0.08705882352941176 0.08125
6 0.21294117647058824 0.3234375 0.07058823529411765 0.15
2 0.051176470588235295 0.2620625 0.10235294117647059 0.13348437500000002
6 0.2411764705882353 0.25234375 0.07529411764705882 0.1078125
6 0.1976470588235294 0.23125 0.0611764705882353 0.084375
6 0.8258823529411765 0.26171875 0.08 0.103125
6 0.3764705882352941 0.2390625 0.05176470588235294 0.0765625
6 0.4541176470588235 0.221875 0.05176470588235294 0.081234375
2 0.13056470588235294 0.27525 0.06592941176470588 0.08495312499999999
6 0.5541176470588235 0.2234375 0.047058823529411764 0.0578125
6 0.35294117647058826 0.22890625 0.03058823529411765 0.05
6 0.49058823529411766 0.36640625 0.7129411764705882 0.659375
6 0.5094117647058823 0.234375 0.07058823529411765 0.0625