2 0.47109375 0.5677570093457944 0.0421875 0.04205607476635514
0 0.7359375 0.7231308411214953 0.1125 0.5
0 0.83125 0.6904205607476636 0.0875 0.397196261682243
0 0.63125 0.6296728971962616 0.08125 0.2546728971962617
0 0.04453125 0.5735981308411215 0.0125 0.05841121495327103
0 0.053125 0.5735981308411215 0.009375 0.056074766355140186
0 0.06171875 0.5700934579439252 0.015625 0.06542056074766354
0 0.58984375 0.5642523364485982 0.009375 0.056074766355140186
0 0.578125 0.5619158878504673 0.009375 0.04672897196261682
0 0.690625 0.5747663551401869 0.0390625 0.16121495327102803
0 0.56875 0.5478971962616822 0.0078125 0.028037383177570093
0 0.78203125 0.6121495327102804 0.0296875 0.14953271028037382
2 0.434375 0.5572429906542056 0.025 0.02570093457943925
2 0.38671875 0.5677570093457944 0.0390625 0.03271028037383177
1 0.24765625 0.7441588785046729 0.171875 0.49065420560747663
