6 0.0625 0.41458333333333336 0.125 0.5083333333333333
6 0.71640625 0.5427083333333333 0.215625 0.9125
6 0.97421875 0.440625 0.05 0.3875
6 0.59921875 0.334375 0.1421875 0.38333333333333336
6 0.84140625 0.33125 0.053125 0.17291666666666666
6 0.92890625 0.3385416666666667 0.0515625 0.18333333333333332
6 0.30859375 0.2916666666666667 0.0546875 0.15625
6 0.05859375 0.8208333333333333 0.115625 0.3541666666666667
6 0.6609375 0.24583333333333332 0.0328125 0.07708333333333334
6 0.6890625 0.26979166666666665 0.0609375 0.1125
6 0.821875 0.3260416666666667 0.025 0.16666666666666666
6 0.43359375 0.196875 0.0296875 0.07291666666666667
3 0.09140625 0.2760416666666667 0.1828125 0.33958333333333335
1 0.27578125 0.2708333333333333 0.2 0.18958333333333333
6 0.40703125 0.35833333333333334 0.1109375 0.33125