0 0.978125 0.5374707259953162 0.0421875 0.2388758782201405
0 0.70546875 0.4953161592505855 0.015625 0.04918032786885246
0 0.7953125 0.49882903981264637 0.0140625 0.0468384074941452
1 0.296875 0.6850117096018735 0.134375 0.4637002341920375
2 0.40078125 0.5421545667447307 0.1171875 0.10772833723653395
2 0.53359375 0.5140515222482436 0.0578125 0.06088992974238876
2 0.6109375 0.4859484777517564 0.021875 0.03278688524590164
7 0.58359375 0.4894613583138173 0.0375 0.0468384074941452
4 0.1484375 0.46955503512880564 0.2953125 0.3864168618266979
2 0.67734375 0.49063231850117095 0.015625 0.0351288056206089
2 0.46875 0.48360655737704916 0.0203125 0.02107728337236534
2 0.646875 0.47423887587822017 0.0140625 0.0234192037470726
2 0.62890625 0.48360655737704916 0.01875 0.0234192037470726
2 0.39296875 0.4847775175644028 0.028125 0.01405152224824356
5 0.5359375 0.46604215456674475 0.0234375 0.03747072599531616
