1 0.40718750000000004 0.7362820512820513 0.183125 0.5195726495726496
1 0.6 0.7467948717948718 0.1640625 0.4935897435897436
1 0.667046875 0.7308760683760684 0.10774999999999998 0.4374786324786325
1 0.47890625 0.7086752136752137 0.1 0.41307692307692306
4 0.2484375 0.4935897435897436 0.415625 0.3717948717948718
1 0.79396875 0.7067735042735043 0.123015625 0.390042735042735
1 0.862921875 0.7612393162393162 0.188203125 0.4477136752136752
1 0.975 0.7467948717948718 0.05 0.1581196581196581
0 0.971875 0.6207264957264957 0.0546875 0.202991452991453
1 0.728125 0.7019230769230769 0.0578125 0.344017094017094
1 0.53125 0.5822649572649573 0.0484375 0.1346153846153846
0 0.92265625 0.5523504273504274 0.03125 0.09829059829059829
0 0.8875 0.530982905982906 0.025 0.06623931623931624
0 0.9625 0.5555555555555556 0.0453125 0.11538461538461539
2 0.8859375 0.8920940170940171 0.228125 0.1987179487179487
1 0.43039062499999997 0.5982905982905983 0.06979687500000001 0.19952991452991453
0 0.614765625 0.5548931623931624 0.0505 0.09967948717948717
0 0.629390625 0.5698290598290598 0.041640625 0.07858974358974359
0 0.687046875 0.5618803418803419 0.02678125 0.06741452991452991
0 0.74853125 0.5638247863247864 0.031265625000000005 0.06942307692307692
0 0.8448593750000001 0.5912820512820514 0.0385 0.11677350427350427
0 0.8296718750000001 0.5207905982905983 0.021953125 0.037371794871794865
0 0.848296875 0.5247222222222222 0.025374999999999998 0.022350427350427353
