2 0.41796875 0.7406103286384976 0.059375 0.08450704225352113
2 0.27421875 0.818075117370892 0.0984375 0.10093896713615023
2 0.6171875 0.5903755868544601 0.028125 0.03051643192488263
2 0.596875 0.5809859154929577 0.01875 0.025821596244131457
2 0.5765625 0.5845070422535211 0.0234375 0.051643192488262914
0 0.8203125 0.6889671361502347 0.0140625 0.051643192488262914
0 0.78984375 0.6842723004694836 0.009375 0.0539906103286385
0 0.7734375 0.6772300469483568 0.0109375 0.04460093896713615
0 0.81171875 0.6525821596244131 0.009375 0.04225352112676056
0 0.82421875 0.6549295774647887 0.009375 0.03755868544600939
0 0.7109375 0.596244131455399 0.009375 0.035211267605633804
0 0.80546875 0.6713615023474179 0.0140625 0.051643192488262914
0 0.359375 0.6830985915492958 0.01875 0.051643192488262914
0 0.428125 0.5856807511737089 0.009375 0.03286384976525822
0 0.509375 0.5974178403755869 0.0109375 0.03051643192488263
0 0.86015625 0.6490610328638498 0.0109375 0.04460093896713615
5 0.5546875 0.5481220657276995 0.021875 0.03990610328638498
2 0.18046875 0.937793427230047 0.1640625 0.12441314553990611
2 0.59375 0.5410798122065728 0.0171875 0.01643192488262911
0 0.8390625 0.6490610328638498 0.009375 0.03755868544600939
1 0.32890625 0.6643192488262911 0.0296875 0.051643192488262914
