0 0.41015625 0.8739583333333333 0.0671875 0.25
0 0.74296875 0.8145833333333333 0.04375 0.14791666666666667
0 0.453125 0.8760416666666667 0.0703125 0.24791666666666667
0 0.359375 0.8833333333333333 0.075 0.23125
0 0.5671875 0.8083333333333333 0.0375 0.13958333333333334
0 0.5890625 0.8125 0.0203125 0.125
0 0.5 0.8125 0.028125 0.13333333333333333
2 0.878125 0.9208333333333333 0.2421875 0.15625
2 0.0578125 0.8177083333333334 0.115625 0.10208333333333333
2 0.07890625 0.7552083333333334 0.0640625 0.0625
2 0.0046875 0.865625 0.009375 0.06666666666666667
2 0.025 0.7645833333333333 0.05 0.058333333333333334
4 0.58359375 0.7583333333333333 0.10625 0.22708333333333333
