7 0.12265625 0.2793427230046948 0.1359375 0.08215962441314555
6 0.61875 0.5786384976525821 0.2390625 0.6126760563380281
2 0.40128125 0.4473239436619718 0.115625 0.5374178403755868
2 0.23671875 0.298943661971831 0.0296875 0.11669014084507043
6 0.0078125 0.2699530516431925 0.015625 0.09624413145539906
6 0.8890625 0.3873239436619718 0.03125 0.07276995305164319
6 0.50390625 0.36502347417840375 0.046875 0.08450704225352113
6 0.3359375 0.2676056338028169 0.0171875 0.025821596244131457
6 0.759375 0.41784037558685444 0.034375 0.1431924882629108
6 0.965625 0.397887323943662 0.040625 0.07746478873239436
1 0.3234375 0.32981220657276994 0.071875 0.09624413145539906
1 0.2953125 0.3192488262910798 0.0515625 0.08685446009389672
1 0.240625 0.2828638497652582 0.08125 0.06572769953051644
1 0.665625 0.4495305164319249 0.1453125 0.23943661971830985
0 0.01015625 0.23943661971830985 0.0203125 0.15258215962441316
1 0.30859375 0.2664319248826291 0.034375 0.02112676056338028