6 0.45078125 0.6353305785123967 0.159375 0.5619834710743802
6 0.91875 0.6084710743801653 0.1609375 0.6342975206611571
6 0.1265625 0.6663223140495868 0.2515625 0.6033057851239669
6 0.35 0.6291322314049587 0.0984375 0.5805785123966942
6 0.5203125 0.5361570247933884 0.1078125 0.44421487603305787
6 0.7984375 0.5227272727272727 0.090625 0.42355371900826444
6 0.71796875 0.609504132231405 0.109375 0.5743801652892562
6 0.65390625 0.6363636363636364 0.1125 0.5537190082644629
6 0.26640625 0.6136363636363636 0.1375 0.6177685950413223
6 0.584375 0.5568181818181818 0.071875 0.40082644628099173
6 0.67578125 0.39462809917355374 0.0484375 0.09504132231404959
6 0.86640625 0.4669421487603306 0.0796875 0.30991735537190085
6 0.640625 0.43491735537190085 0.078125 0.1384297520661157