1 0.5711 0.8391591591591592 0.10732 0.17681681681681682
0 0.062 0.2972972972972973 0.016 0.06606606606606606
4 0.086 0.6261261261261262 0.172 0.3963963963963964
4 0.222 0.3918918918918919 0.136 0.21021021021021022
2 0.353 0.7642642642642643 0.124 0.18018018018018017
4 0.371 0.31681681681681684 0.092 0.18018018018018017
2 0.392 0.6036036036036037 0.108 0.19519519519519518
4 0.54188 0.33507507507507506 0.09022 0.18567567567567567
4 0.273 0.3183183183183183 0.106 0.18018018018018017
4 0.359 0.18468468468468469 0.058 0.09309309309309309
2 0.416 0.484984984984985 0.076 0.1111111111111111
8 0.187 0.509009009009009 0.064 0.15615615615615616
4 0.443 0.4189189189189189 0.07 0.12612612612612611
4 0.387 0.1006006006006006 0.032 0.057057057057057055
2 0.454 0.3258258258258258 0.052 0.07207207207207207
2 0.443 0.4189189189189189 0.07 0.12312312312312312
4 0.016 0.3708708708708709 0.032 0.1981981981981982
8 0.178 0.3483483483483483 0.074 0.11411411411411411
2 0.401 0.16816816816816818 0.032 0.03903903903903904
2 0.516 0.21771771771771772 0.02 0.042042042042042045
4 0.609 0.07207207207207207 0.032 0.04504504504504504
