0 0.3671023965141612 0.5609375 0.3877995642701525 0.709375
0 0.6328976034858388 0.31796875 0.023965141612200435 0.0234375
0 0.6067538126361656 0.3203125 0.030501089324618737 0.0265625
0 0.6263616557734205 0.39375 0.10021786492374728 0.1
0 0.7745098039215687 0.32578125 0.032679738562091505 0.059375
0 0.9313725490196079 0.30859375 0.02178649237472767 0.053125
0 0.5522875816993464 0.3265625 0.026143790849673203 0.0265625
0 0.696078431372549 0.325 0.010893246187363835 0.0484375
0 0.6514161220043573 0.32421875 0.010893246187363835 0.0125
0 0.05555555555555555 0.37578125 0.026143790849673203 0.05625
0 0.18082788671023964 0.36484375 0.030501089324618737 0.0453125
1 0.09259259259259259 0.3921875 0.04139433551198257 0.078125
