0 0.61640625 0.5191029900332226 0.403125 0.521594684385382
0 0.375 0.2973421926910299 0.184375 0.3222591362126246
0 0.25703125 0.2931893687707641 0.159375 0.25083056478405313
0 0.1640625 0.1345514950166113 0.115625 0.26578073089701
0 0.0390625 0.09800664451827243 0.078125 0.19435215946843853
0 0.08359375 0.09634551495016612 0.0640625 0.1893687707641196
1 0.603125 0.20923588039867108 0.25296875 0.41848837209302325
0 0.03515625 0.0946843853820598 0.06875 0.1893687707641196
0 0.784375 0.2840531561461794 0.15625 0.30398671096345514
0 0.85234375 0.3521594684385382 0.0828125 0.1362126245847176
1 0.784375 0.2840531561461794 0.15625 0.30398671096345514
