0 0.4296875 0.5697026022304833 0.359375 0.8271375464684015
0 0.0984375 0.49814126394052044 0.196875 0.9758364312267658
0 0.23515625 0.31226765799256506 0.0828125 0.32342007434944237
3 0.608765625 0.29150557620817846 0.10121875 0.25773234200743494
3 0.9323750000000001 0.4382156133828996 0.13525 0.5232713754646839
0 0.95625 0.2100371747211896 0.0421875 0.13197026022304834
0 0.14921875 0.36338289962825276 0.134375 0.47026022304832715
0 0.984375 0.24907063197026022 0.03125 0.14312267657992564
0 0.665625 0.21561338289962825 0.05 0.10223048327137546
0 0.89921875 0.17286245353159851 0.0421875 0.04460966542750929
1 0.765625 0.49070631970260226 0.2515625 0.8122676579925651
2 0.73203125 0.18029739776951673 0.0828125 0.09293680297397769
