2 0.3625 0.6276346604215457 0.2296875 0.27634660421545665
4 0.17421875 0.49063231850117095 0.3421875 0.9812646370023419
4 0.8703125 0.4765807962529274 0.215625 0.1756440281030445
0 0.39296875 0.5046838407494145 0.0375 0.11475409836065574
0 0.5296875 0.5081967213114754 0.025 0.08665105386416862
0 0.66484375 0.5058548009367682 0.0234375 0.08665105386416862
0 0.68984375 0.509367681498829 0.0171875 0.08430913348946135
0 0.71015625 0.5046838407494145 0.0328125 0.08430913348946135
0 0.165625 0.45433255269320844 0.04375 0.23185011709601874
0 0.5796875 0.5023419203747073 0.0140625 0.08665105386416862
2 0.26953125 0.48243559718969553 0.2171875 0.07962529274004684
1 0.709375 0.5152224824355972 0.0328125 0.1053864168618267
1 0.7609375 0.6686182669789227 0.1328125 0.3981264637002342
1 0.8834687499999999 0.6259016393442622 0.045578125000000004 0.3453864168618267
1 0.5721406250000001 0.6953629976580796 0.1703125 0.46796252927400467
