7 0.51484375 0.48360655737704916 0.1171875 0.10070257611241218
7 0.6078125 0.4847775175644028 0.0703125 0.08899297423887588
7 0.103125 0.5128805620608899 0.2046875 0.17798594847775176
2 0.5296875 0.5304449648711944 0.046875 0.19903981264637002
6 0.22578125 0.5046838407494145 0.0375 0.1405152224824356
6 0.83125 0.48243559718969553 0.015625 0.04449648711943794
6 0.18828125 0.46955503512880564 0.0234375 0.04215456674473068
6 0.99375 0.4918032786885246 0.0125 0.03747072599531616
6 0.8109375 0.4718969555035129 0.0140625 0.0234192037470726
1 0.6953125 0.5433255269320844 0.2109375 0.16393442622950818
1 0.79609375 0.531615925058548 0.1109375 0.11241217798594848
1 0.41953125 0.4859484777517564 0.046875 0.04918032786885246
1 0.45390625 0.4894613583138173 0.028125 0.053864168618266976
1 0.97421875 0.522248243559719 0.05 0.03981264637002342
1 0.3328125 0.47892271662763464 0.0328125 0.03981264637002342
1 0.3546875 0.49414519906323184 0.0234375 0.0468384074941452
1 0.371875 0.4918032786885246 0.05625 0.05152224824355972
1 0.29375 0.4672131147540984 0.01875 0.0234192037470726
1 0.30546875 0.46955503512880564 0.025 0.02576112412177986
1 0.27578125 0.4648711943793911 0.0140625 0.02107728337236534