0 0.6734375 0.8435294117647059 0.040625 0.20705882352941177
0 0.42109375 0.8270588235294117 0.0328125 0.18588235294117647
1 0.814578125 0.8725411764705882 0.069265625 0.17569411764705883
0 0.28984375 0.8576470588235294 0.0890625 0.1623529411764706
0 0.4609375 0.8423529411764706 0.0359375 0.14352941176470588
0 0.515625 0.8435294117647059 0.021875 0.09411764705882353
0 0.48515625 0.8411764705882353 0.0171875 0.09647058823529411
0 0.8765625 0.8247058823529412 0.03125 0.12941176470588237
1 0.5606718749999999 0.8462588235294118 0.06979687500000001 0.14430588235294117
0 0.53515625 0.8388235294117647 0.0171875 0.08235294117647059
0 0.23671875 0.8235294117647058 0.0265625 0.10823529411764705
0 0.19453125 0.8352941176470589 0.0203125 0.07764705882352942
0 0.60703125 0.851764705882353 0.0203125 0.0988235294117647
0 0.778125 0.8564705882352941 0.015625 0.09647058823529411
0 0.7578125 0.86 0.040625 0.11294117647058824
0 0.590625 0.8494117647058823 0.0203125 0.08470588235294117
0 0.21171875 0.8423529411764706 0.021875 0.06588235294117648
0 0.977078125 0.8749176470588235 0.044265624999999996 0.16783529411764705
