2 0.303125 0.5447916666666667 0.0859375 0.03958333333333333
2 0.496875 0.51875 0.03125 0.03125
0 0.6921875 0.5020833333333333 0.01875 0.06458333333333334
0 0.46484375 0.5322916666666667 0.015625 0.05
0 0.45 0.5354166666666667 0.0140625 0.04583333333333333
1 0.920625 0.49272916666666666 0.02375 0.07372916666666667
0 0.621875 0.5041666666666667 0.009375 0.035416666666666666
0 0.47734375 0.5260416666666666 0.0109375 0.06041666666666667
5 0.5484375 0.49375 0.0875 0.08333333333333333
2 0.29609375 0.5385416666666667 0.0953125 0.05625
2 0.3640625 0.5291666666666667 0.0296875 0.020833333333333332
0 0.70390625 0.48125 0.009375 0.035416666666666666
2 0.39296875 0.5302083333333333 0.015625 0.020833333333333332
2 0.38515625 0.528125 0.0171875 0.020833333333333332
0 0.63515625 0.4979166666666667 0.015625 0.04791666666666667
0 0.47265625 0.5375 0.009375 0.035416666666666666
0 0.6609375 0.496875 0.009375 0.04583333333333333
1 0.59765625 0.5239583333333333 0.05 0.14375
1 0.72265625 0.5333333333333333 0.053125 0.15
