7 0.505 0.5725 0.1125 0.11458333333333333
7 0.25390625 0.5947916666666667 0.2515625 0.19583333333333333
6 0.778125 0.625 0.1515625 0.2708333333333333
6 0.7078125 0.6114583333333333 0.0984375 0.175
6 0.06953125 0.53125 0.0140625 0.020833333333333332
6 0.009375 0.5395833333333333 0.01875 0.05416666666666667
6 0.8125 0.5322916666666667 0.028125 0.03958333333333333
1 0.071875 0.6739583333333333 0.1421875 0.22083333333333333
1 0.084375 0.5760416666666667 0.103125 0.07916666666666666
1 0.44375 0.590625 0.0734375 0.1125
1 0.5734375 0.5739583333333333 0.05625 0.06875
1 0.6046875 0.5635416666666667 0.053125 0.06458333333333334
0 0.4125 0.5145833333333333 0.1390625 0.09583333333333334
1 0.65390625 0.5458333333333333 0.021875 0.027083333333333334
1 0.63203125 0.5604166666666667 0.04375 0.05416666666666667
2 0.2759375 0.691875 0.183125 0.3754166666666666