6 0.69765625 0.6311605723370429 0.346875 0.4864864864864865
6 0.3484375 0.24562798092209856 0.175 0.2480127186009539
6 0.940625 0.38553259141494434 0.11875 0.21303656597774245
6 0.84453125 0.22098569157392686 0.1390625 0.29411764705882354
6 0.4765625 0.26947535771065184 0.13125 0.18600953895071543
6 0.075 0.18044515103338632 0.1484375 0.24960254372019078
6 0.55390625 0.2893481717011129 0.1546875 0.2766295707472178
6 0.4484375 0.11605723370429252 0.075 0.1987281399046105
6 0.3484375 0.1136724960254372 0.096875 0.22575516693163752
6 0.23203125 0.2082670906200318 0.1625 0.2273449920508744
2 0.034375 0.05564387917329094 0.06875 0.11128775834658187
6 0.671875 0.12241653418124006 0.0421875 0.10651828298887123
6 0.27890625 0.06200317965023847 0.065625 0.12241653418124006
2 0.1905625 0.10499205087440383 0.12267187500000001 0.20837837837837836
6 0.26875 0.16057233704292528 0.0875 0.13195548489666137