0 0.25859375 0.334375 0.0421875 0.14375
2 0.0859375 0.34270833333333334 0.171875 0.12291666666666666
2 0.94375 0.346875 0.1125 0.09791666666666667
2 0.16953125 0.26875 0.075 0.052083333333333336
2 0.209375 0.253125 0.0703125 0.06041666666666667
2 0.44296875 0.25104166666666666 0.034375 0.03958333333333333
2 0.1 0.2520833333333333 0.0296875 0.035416666666666666
5 0.628125 0.315625 0.334375 0.17708333333333334
5 0.36796875 0.25729166666666664 0.0453125 0.05625
2 0.14140625 0.24895833333333334 0.0375 0.03333333333333333
2 0.05859375 0.2625 0.0765625 0.05416666666666667
2 0.36875 0.25729166666666664 0.0484375 0.05416666666666667
2 0.04765625 0.27291666666666664 0.0953125 0.05
2 0.48671875 0.2635416666666667 0.04375 0.04583333333333333
2 0.31015625 0.253125 0.05 0.06875
2 0.621875 0.2708333333333333 0.58125 0.12083333333333333
1 0.540625 0.528125 0.4046875 0.5125
1 0.41171875 0.35833333333333334 0.1796875 0.23958333333333334
1 0.83984375 0.415625 0.2453125 0.2875
1 0.83984375 0.4041666666666667 0.2453125 0.3104166666666667
