4 0.09453125 0.6020833333333333 0.1890625 0.25
4 0.45 0.5041666666666667 0.453125 0.39791666666666664
2 0.3828125 0.715625 0.228125 0.33541666666666664
0 0.58671875 0.7833333333333333 0.4078125 0.43125
0 0.228125 0.790625 0.3265625 0.4166666666666667
0 0.98515625 0.6104166666666667 0.0296875 0.12708333333333333
0 0.7265625 0.6083333333333333 0.021875 0.09166666666666666
0 0.74375 0.6041666666666666 0.0234375 0.09583333333333334
0 0.77421875 0.6 0.0265625 0.09166666666666666
0 0.6921875 0.6 0.028125 0.09583333333333334
0 0.9609375 0.5760416666666667 0.025 0.052083333333333336
0 0.88359375 0.5572916666666666 0.0203125 0.022916666666666665
1 0.8800000000000001 0.6139583333333333 0.0890625 0.11958333333333333
0 0.7109375 0.5979166666666667 0.01875 0.1
0 0.2171875 0.5458333333333333 0.0125 0.041666666666666664
2 0.8890625 0.6166666666666667 0.190625 0.10208333333333333
4 0.215625 0.49895833333333334 0.0234375 0.05625
2 0.21015625 0.6052083333333333 0.040625 0.06041666666666667
2 0.821875 0.6145833333333334 0.05625 0.10208333333333333
