2 0.35026562499999997 0.4225352112676056 0.025 0.11971830985915492
2 0.27526562499999996 0.4229107981220657 0.0296875 0.11579812206572769
2 0.444265625 0.43934272300469485 0.043234375000000005 0.17915492957746476
6 0.10390625 0.4096244131455399 0.0234375 0.11032863849765258
6 0.121875 0.4119718309859155 0.0265625 0.11267605633802817
2 0.290109375 0.4244835680751174 0.022390625 0.11187793427230046
2 0.187234375 0.41431924882629106 0.014578125 0.07197183098591549
6 0.3609375 0.42018779342723006 0.009375 0.04225352112676056
2 0.83203125 0.4894366197183099 0.121875 0.352112676056338
1 0.58671875 0.4272300469483568 0.0453125 0.056338028169014086
1 0.41171875 0.4213615023474178 0.0265625 0.06338028169014084
1 0.69765625 0.4119718309859155 0.05625 0.03990610328638498
1 0.95625 0.43779342723004694 0.0328125 0.03051643192488263
1 0.6703125 0.4084507042253521 0.0375 0.035211267605633804
7 0.63984375 0.4284037558685446 0.0765625 0.05868544600938967