0 0.93515625 0.5362997658079626 0.1296875 0.629976580796253
0 0.696875 0.41217798594847777 0.146875 0.4028103044496487
0 0.1984375 0.5 0.3921875 0.9742388758782201
0 0.52421875 0.2693208430913349 0.05 0.1592505854800937
0 0.5765625 0.2681498829039813 0.034375 0.11943793911007025
0 0.49375 0.24941451990632318 0.028125 0.08665105386416862
0 0.26484375 0.275175644028103 0.1265625 0.33489461358313816
0 0.609375 0.28805620608899296 0.025 0.0936768149882904
1 0.30546875 0.24707259953161592 0.015625 0.07728337236533958
0 0.95703125 0.9168618266978923 0.084375 0.16393442622950818
0 0.665625 0.24941451990632318 0.0140625 0.01639344262295082
0 0.63203125 0.30210772833723654 0.0203125 0.10304449648711944
2 0.43125 0.36065573770491804 0.2296875 0.2224824355971897
2 0.35078125 0.2716627634660422 0.0796875 0.07728337236533958
5 0.38828125 0.2259953161592506 0.034375 0.04215456674473068
2 0.353125 0.2259953161592506 0.04375 0.02107728337236534
2 0.290625 0.23536299765807964 0.01875 0.02107728337236534
0 0.8916718749999999 0.3740281030444965 0.095828125 0.3339344262295082
