5 0.4859154929577465 0.493171875 0.2136150234741784 0.285546875
2 0.9534507042253522 0.437890625 0.09075117370892018 0.20232812500000003
6 0.7429577464788732 0.33359375 0.04929577464788732 0.084375
6 0.3345070422535211 0.35703125 0.056338028169014086 0.0984375
6 0.1772300469483568 0.328125 0.0892018779342723 0.0671875
6 0.6983568075117371 0.33671875 0.03990610328638498 0.075
6 0.92018779342723 0.34765625 0.06103286384976526 0.090625
6 0.04460093896713615 0.33125 0.07981220657276995 0.0578125
6 0.6631455399061033 0.3390625 0.03051643192488263 0.075
6 0.9823943661971831 0.33828125 0.03286384976525822 0.059375
6 0.642018779342723 0.3359375 0.03286384976525822 0.0796875
6 0.8063380281690141 0.3359375 0.03990610328638498 0.075
6 0.1056338028169014 0.33046875 0.04460093896713615 0.0609375
6 0.47300469483568075 0.34375 0.06103286384976526 0.065625
1 0.5516431924882629 0.3421875 0.08450704225352113 0.06875
7 0.4565727699530516 0.340625 0.19483568075117372 0.0859375
1 0.3515023474178404 0.35984375 0.15908450704225352 0.083265625