2 0.9109375 0.43208430913348944 0.178125 0.19437939110070257
0 0.28046875 0.4238875878220141 0.115625 0.3793911007025761
1 0.446359375 0.6233255269320843 0.164578125 0.6845667447306791
0 0.3921875 0.3875878220140515 0.0609375 0.28805620608899296
0 0.68828125 0.31733021077283374 0.0875 0.16393442622950818
0 0.91953125 0.4484777517564403 0.0890625 0.3231850117096019
0 0.32578125 0.4332552693208431 0.046875 0.31381733021077285
2 0.6203125 0.405152224824356 0.028125 0.02576112412177986
0 0.0390625 0.3981264637002342 0.0625 0.25995316159250587
0 0.48359375 0.3395784543325527 0.0484375 0.13114754098360656
1 0.20546875 0.6381733021077284 0.3234375 0.7236533957845434
1 0.5578125 0.45901639344262296 0.1046875 0.41920374707259955
1 0.8640625 0.617096018735363 0.271875 0.765807962529274
1 0.67421875 0.6042154566744731 0.1796875 0.5550351288056206
