2 0.1203125 0.46184419713831476 0.1015625 0.13990461049284578
2 0.0578125 0.4435612082670906 0.0578125 0.09697933227344992
0 0.3984375 0.48330683624801274 0.1 0.22098569157392686
0 0.77265625 0.4960254372019078 0.1546875 0.3370429252782194
0 0.1921875 0.5906200317965024 0.159375 0.4451510333863275
0 0.29609375 0.4610492845786963 0.1359375 0.26073131955484896
0 0.52734375 0.4825119236883943 0.06875 0.21939586645468998
0 0.925 0.5158982511923689 0.0953125 0.3624801271860095
0 0.54921875 0.6613672496025437 0.25625 0.314785373608903
0 0.03203125 0.4546899841017488 0.059375 0.2591414944356121
0 0.8609375 0.45548489666136727 0.0828125 0.27980922098569155
2 0.7171875 0.4491255961844197 0.046875 0.09062003179650238
0 0.4609375 0.47058823529411764 0.03125 0.07313195548489666
0 0.959375 0.5635930047694754 0.078125 0.4292527821939587
1 0.6359375 0.6104928457869634 0.1984375 0.4912559618441971
