2 0.6609375 0.47489539748953974 0.0859375 0.09414225941422594
6 0.4765625 0.6893305439330544 0.0453125 0.14853556485355648
6 0.4765625 0.5962343096234309 0.0296875 0.08368200836820083
6 0.4 0.7081589958158996 0.0515625 0.1087866108786611
2 0.40998437499999996 0.829602510460251 0.054328125000000005 0.23240585774058578
6 0.45078125 0.6286610878661087 0.0296875 0.09623430962343096
6 0.43203125 0.49267782426778245 0.025 0.100418410041841
6 0.45078125 0.50418410041841 0.028125 0.09414225941422594
6 0.56875 0.5502092050209205 0.0515625 0.11715481171548117
6 0.1796875 0.747907949790795 0.071875 0.14435146443514643
6 0.51484375 0.41631799163179917 0.0171875 0.058577405857740586
6 0.72109375 0.44037656903765693 0.0234375 0.07531380753138076
6 0.559375 0.4121338912133891 0.0171875 0.06276150627615062
2 0.09609375 0.8598326359832636 0.1046875 0.2803347280334728
8 0.25 0.6150627615062761 0.3625 0.301255230125523
2 0.5253593750000001 0.48020920502092046 0.05084375 0.10445606694560669
1 0.76484375 0.4989539748953975 0.1015625 0.07531380753138076
5 0.45890624999999996 0.740397489539749 0.0678125 0.1991213389121339
8 0.59375 0.3378661087866109 0.0328125 0.04184100418410042
1 0.8046875 0.2918410041841004 0.0328125 0.02510460251046025
1 0.88671875 0.3117154811715481 0.028125 0.03347280334728033
8 0.557828125 0.36667364016736403 0.079703125 0.06807531380753137
7 0.65390625 0.4110878661087866 0.0828125 0.0899581589958159