6 0.4640625 0.6354166666666666 0.26875 0.49375
6 0.58515625 0.684375 0.0671875 0.22916666666666666
6 0.68046875 0.678125 0.0734375 0.2833333333333333
6 0.08203125 0.6916666666666667 0.0546875 0.19375
6 0.19453125 0.69375 0.0484375 0.16666666666666666
6 0.1546875 0.6979166666666666 0.0390625 0.15625
6 0.63828125 0.7 0.0421875 0.10625
2 0.88515625 0.7114583333333333 0.0625 0.09791666666666667
6 0.79375 0.7104166666666667 0.0375 0.13958333333333334
6 0.8171875 0.7114583333333333 0.0375 0.13958333333333334
6 0.9296875 0.73125 0.0359375 0.06458333333333334
6 0.7609375 0.721875 0.0296875 0.11458333333333333
6 0.77578125 0.70625 0.028125 0.14375
6 0.35546875 0.7052083333333333 0.028125 0.05625
6 0.5234375 0.6875 0.0265625 0.075