2 0.36328125 0.544392523364486 0.053125 0.037383177570093455
2 0.4171875 0.5408878504672897 0.0546875 0.03271028037383177
2 0.6421875 0.5408878504672897 0.0140625 0.014018691588785047
0 0.27421875 0.9264018691588785 0.034375 0.14719626168224298
0 0.30625 0.9065420560747663 0.0375 0.18691588785046728
0 0.87265625 0.7231308411214953 0.03125 0.056074766355140186
0 0.24140625 0.9322429906542056 0.03125 0.13551401869158877
0 0.9703125 0.29789719626168226 0.0234375 0.08644859813084112
0 0.921875 0.32242990654205606 0.0109375 0.04205607476635514
0 0.93359375 0.5700934579439252 0.009375 0.04906542056074766
0 0.85859375 0.5502336448598131 0.0171875 0.05841121495327103
0 0.834375 0.5268691588785047 0.009375 0.0397196261682243
0 0.35703125 0.927570093457944 0.046875 0.14485981308411214
2 0.1453125 0.5408878504672897 0.04375 0.04205607476635514
4 0.4328125 0.514018691588785 0.1234375 0.06074766355140187
0 0.71640625 0.5607476635514018 0.0109375 0.028037383177570093
0 0.83828125 0.30957943925233644 0.0171875 0.07710280373831775
1 0.4765625 0.8504672897196262 0.1296875 0.1822429906542056
