2 0.0484375 0.5385514018691588 0.096875 0.08177570093457943
2 0.26484375 0.530373831775701 0.071875 0.05841121495327103
2 0.40078125 0.5268691588785047 0.0375 0.053738317757009345
2 0.09609375 0.5128504672897196 0.065625 0.053738317757009345
4 0.65390625 0.4929906542056075 0.0828125 0.1191588785046729
0 0.52734375 0.639018691588785 0.1234375 0.5817757009345794
0 0.97421875 0.5245327102803738 0.0140625 0.053738317757009345
0 0.321875 0.5116822429906542 0.015625 0.04439252336448598
0 0.965625 0.5035046728971962 0.009375 0.030373831775700934
0 0.99375 0.5233644859813084 0.0125 0.06542056074766354
0 0.096875 0.4848130841121495 0.0125 0.018691588785046728
2 0.284375 0.5245327102803738 0.046875 0.053738317757009345
0 0.7328125 0.5116822429906542 0.009375 0.028037383177570093
2 0.340625 0.5151869158878505 0.025 0.035046728971962614
2 0.29296875 0.5186915887850467 0.040625 0.053738317757009345
1 0.83671875 0.5584112149532711 0.0640625 0.25
1 0.9390625 0.5735981308411215 0.0578125 0.2266355140186916
