2 0.54765625 0.7091121495327103 0.3125 0.5700934579439252
2 0.10859375 0.7329672897196261 0.2171875 0.534088785046729
6 0.37265625 0.44042056074766356 0.1015625 0.338785046728972
6 0.21875 0.47546728971962615 0.071875 0.2827102803738318
6 0.290625 0.4614485981308411 0.078125 0.28738317757009346
6 0.4484375 0.39602803738317754 0.0765625 0.21728971962616822
1 0.8015625 0.6717289719626168 0.3953125 0.3247663551401869
1 0.97421875 0.7535046728971962 0.0515625 0.15186915887850466
1 0.1484375 0.5619158878504673 0.0859375 0.12850467289719625
1 0.12109375 0.522196261682243 0.04375 0.053738317757009345
1 0.0125 0.5210280373831776 0.025 0.053738317757009345
1 0.015625 0.5829439252336449 0.03125 0.17523364485981308