0 0.904 0.6647398843930635 0.024 0.12138728323699421
1 0.854 0.6719364161849711 0.03 0.12421965317919074
1 0.883 0.661271676300578 0.026 0.12020231213872834
1 0.9544600000000001 0.656849710982659 0.0409 0.11716763005780347
0 0.057 0.6502890173410405 0.022 0.0838150289017341
0 0.82 0.6228323699421965 0.022 0.06069364161849711
1 0.978 0.6272543352601156 0.026 0.07239884393063584
0 0.838 0.6213872832369942 0.018 0.057803468208092484
2 0.678 0.6719653179190751 0.096 0.10404624277456648
2 0.779 0.6705202312138728 0.1 0.1069364161849711
1 0.925 0.6571098265895954 0.026 0.12057803468208092
