0 0.6515625 0.32894736842105265 0.4390625 0.5769230769230769
6 0.978125 0.28441295546558704 0.04375 0.11336032388663968
6 0.415625 0.3410931174089069 0.0640625 0.20850202429149797
6 0.00625 0.5131578947368421 0.0125 0.12550607287449392
6 0.22265625 0.340080971659919 0.0609375 0.24898785425101214
6 0.34296875 0.19129554655870445 0.040625 0.0951417004048583
6 0.14609375 0.37449392712550605 0.0453125 0.20647773279352227
6 0.38359375 0.298582995951417 0.028125 0.11336032388663968
6 0.3484375 0.29048582995951416 0.046875 0.08299595141700405
6 0.0265625 0.3259109311740891 0.0421875 0.15789473684210525
6 0.07578125 0.3248987854251012 0.0375 0.16194331983805668
6 0.2703125 0.18218623481781376 0.0375 0.07692307692307693
6 0.1671875 0.38461538461538464 0.05 0.17611336032388664
6 0.159375 0.2793522267206478 0.059375 0.1194331983805668
6 0.409375 0.23279352226720648 0.034375 0.0708502024291498
6 0.8796875 0.2854251012145749 0.034375 0.08704453441295547
2 0.38828125 0.6022267206477733 0.55625 0.7773279352226721
2 0.85703125 0.6791497975708503 0.284375 0.6234817813765182