0 0.65078125 0.4431279620853081 0.2890625 0.14218009478672985
6 0.35703125 0.6481042654028436 0.0296875 0.14928909952606634
2 0.7603125000000001 0.6790758293838862 0.090421875 0.15672985781990523
1 0.81015625 0.5936018957345972 0.184375 0.13033175355450238
0 0.38515625 0.5604265402843602 0.3546875 0.27014218009478674
0 0.18125 0.48933649289099523 0.1421875 0.15402843601895735
1 0.08359375 0.41113744075829384 0.0296875 0.02843601895734597
1 0.82421875 0.43838862559241704 0.06875 0.04739336492890995
1 0.96484375 0.43838862559241704 0.0703125 0.037914691943127965
1 0.00703125 0.41232227488151657 0.0140625 0.04976303317535545
1 0.015625 0.3981042654028436 0.01875 0.016587677725118485
1 0.875 0.4431279620853081 0.05625 0.035545023696682464
1 0.99140625 0.42298578199052134 0.0171875 0.026066350710900472
1 0.9171875 0.4490521327014218 0.0546875 0.02132701421800948
1 0.43671875 0.40639810426540285 0.0390625 0.018957345971563982