6 0.32265625 0.5649509803921569 0.0609375 0.27205882352941174
6 0.28203125 0.571078431372549 0.034375 0.2549019607843137
6 0.4296875 0.5392156862745098 0.0546875 0.2647058823529412
6 0.3859375 0.5588235294117647 0.065625 0.23039215686274508
6 0.4828125 0.5343137254901961 0.0609375 0.23529411764705882
2 0.5859375 0.5588235294117647 0.0421875 0.14460784313725492
6 0.2265625 0.5723039215686274 0.040625 0.13480392156862744
6 0.5296875 0.5575980392156863 0.0484375 0.22058823529411764
2 0.71328125 0.5569117647058823 0.0390625 0.15058823529411763
6 0.203125 0.5735294117647058 0.028125 0.125
2 0.68828125 0.5554166666666667 0.028125 0.15495098039215685
6 0.36328125 0.49264705882352944 0.0359375 0.09803921568627451
2 0.6306406250000001 0.5600490196078431 0.05121875 0.18627450980392157
2 0.6504375 0.5774754901960785 0.086109375 0.18191176470588236
1 0.92578125 0.5551470588235294 0.1484375 0.13970588235294118
1 0.61875 0.5147058823529411 0.0234375 0.031862745098039214
1 0.73090625 0.5439705882352941 0.032984374999999996 0.0857843137254902
6 0.7673593750000001 0.5112990196078432 0.013890625 0.06399509803921569