2 0.8984375 0.6185446009389671 0.1984375 0.2699530516431925
2 0.0578125 0.4518779342723005 0.1140625 0.12910798122065728
0 0.7234375 0.5176056338028169 0.153125 0.5492957746478874
0 0.29765625 0.4835680751173709 0.06875 0.29577464788732394
0 0.4578125 0.46830985915492956 0.0171875 0.07511737089201878
0 0.4421875 0.46830985915492956 0.021875 0.08215962441314555
0 0.40625 0.4671361502347418 0.015625 0.07276995305164319
0 0.3359375 0.4706572769953052 0.0203125 0.11737089201877934
4 0.121875 0.42488262910798125 0.2421875 0.12441314553990611
1 0.164328125 0.47143192488262914 0.044265624999999996 0.13065727699530516
