6 0.5859375 0.3462264150943396 0.1375 0.4830188679245283
6 0.32109375 0.3433962264150943 0.1140625 0.37169811320754714
6 0.709375 0.2509433962264151 0.053125 0.18679245283018867
6 0.859375 0.22641509433962265 0.03125 0.10943396226415095
6 0.2421875 0.3905660377358491 0.0984375 0.39811320754716983
6 0.36796875 0.3311320754716981 0.0734375 0.35094339622641507
6 0.275 0.2018867924528302 0.040625 0.08679245283018867
6 0.7453125 0.2037735849056604 0.0203125 0.0830188679245283
6 0.8203125 0.2037735849056604 0.015625 0.06037735849056604
6 0.15078125 0.20566037735849058 0.01875 0.05471698113207547
6 0.1078125 0.2 0.0171875 0.062264150943396226
6 0.8171875 0.25471698113207547 0.040625 0.05849056603773585
6 0.13125 0.2009433962264151 0.0171875 0.062264150943396226
6 0.20390625 0.2320754716981132 0.028125 0.06792452830188679
2 0.128125 0.44433962264150945 0.25625 0.5943396226415094
1 0.74296875 0.19905660377358492 0.0546875 0.045283018867924525