0 0.5640625 0.380859375 0.0640625 0.234375
0 0.5515625 0.283203125 0.0375 0.111328125
0 0.6234375 0.326171875 0.0921875 0.216796875
0 0.56875 0.24609375 0.01875 0.03515625
1 0.6765625 0.595703125 0.1921875 0.70703125
2 0.93203125 0.404296875 0.134375 0.224609375
2 0.9734375 0.2548828125 0.0515625 0.08203125
2 0.853125 0.3232421875 0.1765625 0.10546875
2 0.95234375 0.2578125 0.065625 0.064453125
5 0.79921875 0.265625 0.121875 0.197265625
2 0.721875 0.2666015625 0.04375 0.080078125
2 0.734375 0.306640625 0.025 0.068359375
2 0.8671875 0.25390625 0.0296875 0.03515625
2 0.89921875 0.28515625 0.0859375 0.029296875
