7 0.7401960784313726 0.18137254901960784 0.43790849673202614 0.17973856209150327
6 0.24836601307189543 0.5727124183006536 0.26143790849673204 0.48366013071895425
6 0.3562091503267974 0.14624183006535948 0.06045751633986928 0.09803921568627451
6 0.9264705882352942 0.11683006535947713 0.03758169934640523 0.08496732026143791
6 0.8717320261437909 0.11601307189542484 0.026143790849673203 0.06862745098039216
6 0.8504901960784313 0.11601307189542484 0.024509803921568627 0.06535947712418301
6 0.3300653594771242 0.0784313725490196 0.024509803921568627 0.02287581699346405
6 0.5661764705882353 0.07352941176470588 0.03104575163398693 0.06862745098039216
6 0.2638888888888889 0.11519607843137254 0.014705882352941176 0.032679738562091505
2 0.8570261437908496 0.3104575163398693 0.21405228758169934 0.2908496732026144
1 0.4991830065359477 0.12826797385620914 0.11601307189542484 0.0784313725490196
7 0.40522875816993464 0.12091503267973856 0.10130718954248366 0.07679738562091504
1 0.32107843137254904 0.14297385620915032 0.1437908496732026 0.0784313725490196
1 0.3382352941176471 0.09477124183006536 0.058823529411764705 0.021241830065359478
1 0.7295751633986928 0.08496732026143791 0.09313725490196079 0.0392156862745098
1 0.7965686274509803 0.08823529411764706 0.05228758169934641 0.021241830065359478