0 0.774 0.3063063063063063 0.45 0.5465465465465466
2 0.0476 0.6666666666666666 0.0952 0.6666666666666666
2 0.11120000000000001 0.6473573573573573 0.1164 0.5740240240240241
2 0.93774 0.770960960960961 0.12240000000000001 0.45804804804804805
2 0.258 0.6261261261261262 0.11 0.4954954954954955
1 0.852 0.5585585585585585 0.294 0.42342342342342343
5 0.57494 0.6060360360360361 0.21614 0.4786186186186186
7 0.23 0.41291291291291293 0.124 0.1021021021021021
1 0.18 0.5285285285285285 0.11 0.2072072072072072
7 0.393 0.4264264264264264 0.22 0.18018018018018017
1 0.046 0.44744744744744747 0.048 0.03903903903903904
1 0.166 0.4159159159159159 0.066 0.02702702702702703
5 0.41386 0.6691291291291291 0.20959999999999998 0.6557657657657657