7 0.109375 0.5645833333333333 0.071875 0.04791666666666667
3 0.5883125 0.6143333333333333 0.0406875 0.15258333333333332
7 0.52265625 0.6041666666666666 0.09375 0.14791666666666667
7 0.18359375 0.628125 0.2390625 0.18125
0 0.2328125 0.7145833333333333 0.096875 0.3333333333333333
3 0.6482187500000001 0.6925625 0.12456249999999999 0.3642916666666667
3 0.81796875 0.653125 0.09375 0.2916666666666667
1 0.46032812500000003 0.6970624999999999 0.051234375 0.19829166666666667
2 0.02890625 0.6083333333333333 0.0578125 0.075
3 0.05365625 0.6146458333333332 0.0885625 0.11445833333333333
3 0.54375 0.6113541666666666 0.059375 0.141875
2 0.70546875 0.559375 0.0921875 0.03125
2 0.58046875 0.5395833333333333 0.05625 0.01875
7 0.90859375 0.75625 0.1828125 0.4625
