6 0.1762360446570973 0.49921875 0.3508771929824561 0.9953125
6 0.46730462519936206 0.65390625 0.07177033492822966 0.125
6 0.335725677830941 0.4109375 0.13237639553429026 0.3171875
6 0.30701754385964913 0.3140625 0.07814992025518341 0.1234375
2 0.6363636363636364 0.66640625 0.12440191387559808 0.2984375
1 0.9082934609250398 0.64765625 0.16905901116427433 0.09375
1 0.7894736842105263 0.65 0.07496012759170653 0.0703125
1 0.5191387559808612 0.6546875 0.05582137161084529 0.0421875
1 0.7280701754385965 0.65078125 0.10207336523125997 0.084375
1 0.5717703349282297 0.65390625 0.05422647527910686 0.0515625
1 0.4824561403508772 0.6515625 0.022328548644338118 0.0328125
1 0.9082934609250398 0.64765625 0.16905901116427433 0.0921875
1 0.7272727272727273 0.65 0.10526315789473684 0.084375
1 0.5709728867623605 0.653125 0.05422647527910686 0.0515625