0 0.505 0.6950354609929078 0.118 0.5673758865248227
0 0.233 0.4521276595744681 0.146 0.5319148936170213
0 0.464 0.4237588652482269 0.15 0.4716312056737589
0 0.598 0.5460992907801419 0.094 0.5070921985815603
0 0.808 0.624113475177305 0.08 0.5177304964539007
0 0.21 0.15780141843971632 0.084 0.2907801418439716
0 0.076 0.32269503546099293 0.128 0.5
0 0.333 0.25354609929078015 0.09 0.2198581560283688
0 0.739 0.75177304964539 0.07 0.3120567375886525
0 0.747 0.450354609929078 0.086 0.29432624113475175
0 0.771 0.2429078014184397 0.084 0.22340425531914893
0 0.924 0.6524822695035462 0.096 0.46099290780141844
0 0.956 0.2393617021276596 0.054 0.36524822695035464
