2 0.37734375 0.4837905236907731 0.0515625 0.04738154613466334
2 0.72421875 0.5897755610972568 0.134375 0.15211970074812967
2 0.5078125 0.48129675810473815 0.0453125 0.06733167082294264
2 0.5484375 0.49875311720698257 0.0484375 0.06483790523690773
4 0.63984375 0.4401496259351621 0.1375 0.2743142144638404
0 0.92109375 0.5785536159600998 0.03125 0.13466334164588528
0 0.93203125 0.5224438902743143 0.0359375 0.06483790523690773
0 0.9203125 0.4937655860349127 0.015625 0.02493765586034913
0 0.49453125 0.48877805486284287 0.015625 0.08229426433915212
0 0.9046875 0.5610972568578554 0.01875 0.16708229426433915
2 0.0375 0.6945137157107232 0.075 0.3341645885286783
2 0.465625 0.42768079800498754 0.0125 0.02493765586034913
2 0.3078125 0.5174563591022444 0.03125 0.08728179551122195
0 0.615625 0.35910224438902744 0.0140625 0.0199501246882793
0 0.39609375 0.41895261845386533 0.009375 0.029925187032418952
2 0.43359375 0.5960099750623441 0.140625 0.20199501246882792
0 0.36953125 0.42019950124688277 0.0078125 0.032418952618453865
0 0.3625 0.4177057356608479 0.00625 0.029925187032418952
0 0.95546875 0.5623441396508728 0.03125 0.16458852867830423
1 0.34453125 0.6683291770573566 0.1 0.47880299251870323
