0 0.7421875 0.6912955465587044 0.1921875 0.6052631578947368
0 0.93359375 0.7064777327935222 0.13125 0.5769230769230769
0 0.8449375 0.7204251012145749 0.28317187499999996 0.5542105263157894
0 0.1234375 0.6275303643724697 0.0171875 0.06072874493927125
0 0.1421875 0.6143724696356275 0.01875 0.038461538461538464
1 0.2234375 0.667004048582996 0.3515625 0.4817813765182186
2 0.50703125 0.6508097165991903 0.04375 0.044534412955465584
2 0.41015625 0.6518218623481782 0.0375 0.04048582995951417
7 0.4375 0.6477732793522267 0.040625 0.0465587044534413
7 0.578125 0.6518218623481782 0.028125 0.024291497975708502
7 0.371875 0.6437246963562753 0.0484375 0.06477732793522267
7 0.65390625 0.6487854251012146 0.0328125 0.03643724696356275
7 0.03828125 0.6619433198380567 0.0765625 0.08906882591093117
7 0.4609375 0.6477732793522267 0.0203125 0.04251012145748988
2 0.53671875 0.652834008097166 0.021875 0.024291497975708502
2 0.59921875 0.6538461538461539 0.01875 0.018218623481781375
2 0.55390625 0.652834008097166 0.0171875 0.022267206477732792
2 0.62734375 0.6548582995951417 0.0171875 0.018218623481781375
4 0.675 0.6396761133603239 0.040625 0.05465587044534413
