7 0.10598437499999999 0.359375 0.167703125 0.14166666666666666
0 0.7046875 0.4583333333333333 0.2359375 0.68125
1 0.07734375 0.36354166666666665 0.0546875 0.15208333333333332
0 0.00859375 0.40729166666666666 0.0171875 0.24583333333333332
1 0.8955781249999999 0.4829791666666667 0.186984375 0.4555625
1 0.75 0.3913125 0.040625 0.21597916666666667
1 0.2796875 0.440625 0.140625 0.38333333333333336
1 0.92109375 0.5125 0.1578125 0.5666666666666667
2 0.41484375 0.39895833333333336 0.1375 0.12708333333333333
7 0.55078125 0.37083333333333335 0.15625 0.20833333333333334
