4 0.653125 0.3097165991902834 0.4390625 0.5080971659919028
0 0.38203125 0.27530364372469635 0.03125 0.0708502024291498
0 0.36484375 0.2408906882591093 0.0234375 0.0465587044534413
0 0.228125 0.35526315789473684 0.0671875 0.21862348178137653
0 0.60234375 0.2732793522267207 0.09375 0.17611336032388664
0 0.34765625 0.2854251012145749 0.0375 0.06477732793522267
0 0.18984375 0.2601214574898785 0.025 0.06882591093117409
0 0.0765625 0.28643724696356276 0.0359375 0.09109311740890688
0 0.1546875 0.37044534412955465 0.0578125 0.20445344129554655
0 0.34296875 0.19838056680161945 0.0390625 0.10931174089068826
0 0.13671875 0.31781376518218624 0.084375 0.20242914979757085
0 0.784375 0.28643724696356276 0.103125 0.11538461538461539
0 0.4140625 0.3431174089068826 0.0578125 0.2165991902834008
1 0.390625 0.6103238866396761 0.546875 0.7753036437246964
1 0.8579687500000001 0.6855465587044535 0.2809375 0.6248582995951417
