0 0.67018779342723 0.2625 0.07746478873239436 0.084375
0 0.7946009389671361 0.3546875 0.1807511737089202 0.2890625
0 0.9014084507042254 0.3265625 0.09154929577464789 0.2203125
0 0.028169014084507043 0.34765625 0.056338028169014086 0.2453125
0 0.10446009389671361 0.36640625 0.1056338028169014 0.3046875
0 0.9694835680751174 0.33125 0.06103286384976526 0.2578125
0 0.392018779342723 0.26875 0.07511737089201878 0.140625
0 0.3532863849765258 0.26015625 0.0539906103286385 0.1375
0 0.784037558685446 0.2421875 0.1572769953051643 0.115625
0 0.8708920187793427 0.22890625 0.03755868544600939 0.0609375
0 0.21009389671361503 0.4296875 0.2652582159624413 0.5359375
0 0.7617370892018779 0.20859375 0.035211267605633804 0.0203125
0 0.5046948356807511 0.3 0.9765258215962441 0.215625
1 0.5786384976525821 0.5 0.37089201877934275 0.6828125
