7 0.39453125 0.24235294117647058 0.1234375 0.14588235294117646
6 0.23984375 0.6388235294117647 0.475 0.691764705882353
6 0.4296875 0.4858823529411765 0.1484375 0.4682352941176471
6 0.97265625 0.2611764705882353 0.04375 0.15529411764705883
2 0.8921875 0.23289411764705883 0.0234375 0.1152235294117647
6 0.5046875 0.2576470588235294 0.028125 0.1223529411764706
2 0.53828125 0.24823529411764705 0.0328125 0.11058823529411765
6 0.3171875 0.29764705882352943 0.0765625 0.2188235294117647
6 0.855609375 0.23470588235294118 0.028125 0.08934117647058823
2 0.720046875 0.22303529411764708 0.044109375 0.08374117647058825
5 0.56328125 0.24823529411764705 0.0203125 0.10588235294117647
6 0.62109375 0.1988235294117647 0.0109375 0.042352941176470586
6 0.48515625 0.25882352941176473 0.021875 0.10588235294117647
6 0.5765625 0.21764705882352942 0.0171875 0.058823529411764705
8 0.85078125 0.18235294117647058 0.08125 0.1411764705882353
7 0.17890625 0.25529411764705884 0.2125 0.15764705882352942
8 0.78125 0.2011764705882353 0.0875 0.16941176470588235
1 0.69140625 0.19176470588235295 0.021875 0.03529411764705882
1 0.92421875 0.2235294117647059 0.04375 0.05647058823529412
1 0.6453125 0.1952941176470588 0.0203125 0.03058823529411765
1 0.29296875 0.2211764705882353 0.14375 0.07764705882352942
8 0.29140625 0.16705882352941176 0.1390625 0.05176470588235294