0 0.4828125 0.5979166666666667 0.0359375 0.04583333333333333
0 0.19140625 0.6145833333333334 0.053125 0.20208333333333334
0 0.25234375 0.6166666666666667 0.053125 0.225
0 0.865625 0.6385416666666667 0.084375 0.3333333333333333
0 0.69375 0.7114583333333333 0.05 0.21666666666666667
0 0.4609375 0.6291666666666667 0.05625 0.15
0 0.52265625 0.6260416666666667 0.06875 0.11041666666666666
0 0.3625 0.5447916666666667 0.021875 0.10833333333333334
0 0.4 0.5447916666666667 0.0375 0.10416666666666667
0 0.43828125 0.5458333333333333 0.028125 0.10833333333333334
0 0.146875 0.6 0.053125 0.18125
0 0.5390625 0.565625 0.046875 0.15208333333333332
0 0.06484375 0.5791666666666667 0.0328125 0.14375
