2 0.3296875 0.5992990654205608 0.2125 0.7920560747663551
2 0.49609375 0.4506542056074766 0.05 0.24051401869158878
6 0.25625 0.37850467289719625 0.03125 0.11448598130841121
6 0.2265625 0.3820093457943925 0.0265625 0.12850467289719625
2 0.52265625 0.4236448598130841 0.0453125 0.1985981308411215
6 0.015625 0.32242990654205606 0.03125 0.08411214953271028
6 0.66484375 0.3621495327102804 0.028125 0.0397196261682243
2 0.310109375 0.4297429906542056 0.050093750000000006 0.19126168224299064
6 0.41875 0.33761682242990654 0.025 0.0630841121495327
6 0.609375 0.3726635514018692 0.0296875 0.04439252336448598
6 0.47734375 0.3574766355140187 0.015625 0.037383177570093455
2 0.15546875 0.48130841121495327 0.11875 0.308411214953271
2 0.4546875 0.46845794392523366 0.0703125 0.3130841121495327
1 0.61640625 0.4532710280373832 0.1359375 0.14719626168224298
0 0.83984375 0.3621495327102804 0.3203125 0.352803738317757
1 0.06875 0.49182242990654207 0.1359375 0.2570093457943925