0 0.2484375 0.639344262295082 0.19375 0.41920374707259955
0 0.5546875 0.27985948477751754 0.1125 0.26229508196721313
0 0.24375 0.30327868852459017 0.103125 0.3911007025761124
0 0.61875 0.2892271662763466 0.0390625 0.2224824355971897
0 0.27734375 0.28337236533957844 0.071875 0.30210772833723654
0 0.0234375 0.25878220140515223 0.046875 0.06323185011709602
0 0.3203125 0.16978922716627634 0.0234375 0.11241217798594848
0 0.978125 0.2775175644028103 0.04375 0.11475409836065574
0 0.3375 0.3044496487119438 0.0625 0.18266978922716628
0 0.0953125 0.16276346604215455 0.0640625 0.15690866510538642
0 0.01875 0.14988290398126464 0.0375 0.11943793911007025
0 0.653125 0.20023419203747073 0.01875 0.10304449648711944
0 0.44609375 0.3126463700234192 0.084375 0.3442622950819672
0 0.059375 0.17330210772833723 0.059375 0.1990632318501171
2 0.63671875 0.13114754098360656 0.025 0.03044496487119438
2 0.47265625 0.11943793911007025 0.04375 0.03278688524590164
2 0.4609375 0.11007025761124122 0.0296875 0.03981264637002342
1 0.12421875 0.36407494145199065 0.140109375 0.43576112412177986
0 0.5241718750000001 0.24524590163934426 0.07960937500000001 0.2219672131147541
