7 0.83671875 0.7671232876712328 0.2765625 0.17123287671232876
2 0.02109375 0.8137671232876712 0.0421875 0.3124429223744292
6 0.671875 0.726027397260274 0.0234375 0.091324200913242
6 0.65078125 0.7248858447488584 0.0203125 0.09360730593607305
2 0.032937499999999995 0.7741552511415525 0.039390625 0.26970319634703194
6 0.14609375 0.6837899543378996 0.0171875 0.02511415525114155
6 0.58828125 0.6837899543378996 0.0234375 0.0410958904109589
6 0.6109375 0.702054794520548 0.01875 0.0593607305936073
1 0.125 0.70662100456621 0.059375 0.09817351598173515
2 0.086328125 0.8142465753424657 0.11384375 0.32066210045662097
0 0.40284375 0.6092237442922374 0.4984375 0.5821917808219178
6 0.63175 0.7306392694063927 0.017546875 0.07100456621004567