0 0.4390625 0.5854166666666667 0.0390625 0.11666666666666667
0 0.36875 0.590625 0.0265625 0.11875
0 0.40703125 0.5927083333333333 0.0296875 0.11875
1 0.58515625 0.621875 0.1140625 0.20625
2 0.3109375 0.5635416666666667 0.0734375 0.05
2 0.58125 0.6052083333333333 0.1859375 0.09583333333333334
5 0.89921875 0.5729166666666666 0.2 0.1875
2 0.10078125 0.590625 0.1140625 0.10208333333333333
7 0.23359375 0.5479166666666667 0.0671875 0.05625
2 0.17578125 0.5427083333333333 0.0390625 0.035416666666666666
3 0.193765625 0.5895416666666667 0.054640625 0.098
2 0.1453125 0.5385416666666667 0.034375 0.03333333333333333
