0 0.59765625 0.534375 0.3890625 0.9125
0 0.07578125 0.40208333333333335 0.0703125 0.3020833333333333
0 0.77734375 0.2375 0.0203125 0.03125
0 0.8078125 0.240625 0.0171875 0.04791666666666667
0 0.75234375 0.24583333333333332 0.0296875 0.05416666666666667
0 0.13359375 0.3770833333333333 0.0828125 0.25833333333333336
0 0.63828125 0.23020833333333332 0.025 0.04791666666666667
0 0.9203125 0.246875 0.0171875 0.07916666666666666
0 0.0234375 0.5104166666666666 0.046875 0.20833333333333334
0 0.7625 0.23958333333333334 0.009375 0.027083333333333334
0 0.69765625 0.2760416666666667 0.0484375 0.10416666666666667
