4 0.94453125 0.2947916666666667 0.1109375 0.5895833333333333
0 0.859375 0.540625 0.2015625 0.38958333333333334
0 0.33125 0.39479166666666665 0.0171875 0.04375
0 0.15234375 0.7479166666666667 0.3046875 0.5
0 0.2359375 0.409375 0.028125 0.06666666666666667
0 0.38203125 0.4583333333333333 0.0484375 0.20208333333333334
0 0.5046875 0.365625 0.01875 0.06041666666666667
0 0.57578125 0.3958333333333333 0.05 0.12916666666666668
0 0.75234375 0.38645833333333335 0.0234375 0.05
0 0.66328125 0.4427083333333333 0.0421875 0.2
1 0.46484375 0.6791666666666667 0.3578125 0.48541666666666666
1 0.75078125 0.74375 0.4984375 0.4895833333333333
1 0.48203125 0.5769166666666667 0.3265625 0.47197916666666667
