0 0.7078125 0.6298405466970387 0.240625 0.6583143507972665
0 0.8453125 0.4407744874715262 0.0640625 0.2255125284738041
0 0.109375 0.4783599088838269 0.084375 0.3052391799544419
0 0.93984375 0.4874715261958998 0.0640625 0.22323462414578588
0 0.81015625 0.39863325740318906 0.025 0.10022779043280182
0 0.890625 0.3952164009111617 0.025 0.10478359908883828
0 0.19453125 0.4521640091116173 0.05625 0.19134396355353075
0 0.775 0.4020501138952164 0.0234375 0.0979498861047836
0 0.7484375 0.3906605922551253 0.025 0.09339407744874716
0 0.16953125 0.4168564920273349 0.040625 0.1867881548974943
0 0.70778125 0.39009111617312076 0.016734375000000003 0.09400911161731208
