6 0.6046875 0.8169014084507042 0.0390625 0.1784037558685446
2 0.69453125 0.8356807511737089 0.0375 0.13380281690140844
6 0.01171875 0.7769953051643192 0.0234375 0.09154929577464789
6 0.77890625 0.7769953051643192 0.025 0.11267605633802817
6 0.81640625 0.7723004694835681 0.0234375 0.11737089201877934
6 0.5015625 0.8004694835680751 0.01875 0.056338028169014086
6 0.45703125 0.8016431924882629 0.03125 0.04225352112676056
6 0.10859375 0.7863849765258216 0.01875 0.035211267605633804
6 0.2875 0.7992957746478874 0.021875 0.051643192488262914
6 0.52265625 0.8016431924882629 0.01875 0.035211267605633804
6 0.85390625 0.7417840375586855 0.0265625 0.03755868544600939
6 0.53671875 0.7875586854460094 0.0140625 0.03286384976525822
6 0.3625 0.7934272300469484 0.021875 0.03286384976525822
6 0.42734375 0.8051643192488263 0.0234375 0.035211267605633804
6 0.25390625 0.7910798122065728 0.0203125 0.04225352112676056
6 0.39909374999999997 0.7956807511737088 0.016921875 0.040868544600938965
6 0.20168750000000002 0.7859154929577465 0.015890625 0.03694835680751174
6 0.078125 0.7786619718309858 0.010421875 0.03185446009389671
6 0.74140625 0.8158215962441315 0.011984375 0.02795774647887324
6 0.7283906250000001 0.8076056338028169 0.0171875 0.03657276995305164
6 0.554296875 0.7835680751173709 0.019015625 0.025985915492957746
6 0.570828125 0.7833568075117371 0.014578125 0.03812206572769953