2 0.654 0.5615615615615616 0.266 0.14414414414414414
0 0.058 0.6981981981981982 0.116 0.4804804804804805
0 0.146 0.5495495495495496 0.046 0.16516516516516516
0 0.187 0.5765765765765766 0.06 0.23723723723723725
0 0.243 0.5885885885885885 0.076 0.2702702702702703
0 0.691 0.6381381381381381 0.096 0.36036036036036034
0 0.88 0.487987987987988 0.032 0.13813813813813813
0 0.388 0.5615615615615616 0.042 0.2132132132132132
0 0.427 0.6066066066066066 0.054 0.2672672672672673
0 0.567 0.5765765765765766 0.086 0.3183183183183183
0 0.483 0.5675675675675675 0.04 0.2042042042042042
2 0.658 0.466966966966967 0.136 0.06906906906906907
0 0.797 0.5630630630630631 0.066 0.2552552552552553
0 0.455 0.5615615615615616 0.04 0.18618618618618618
1 0.43 0.6111111111111112 0.064 0.27627627627627627
1 0.551 0.5825825825825826 0.12 0.3303303303303303
1 0.309 0.5480480480480481 0.064 0.18018018018018017
0 0.91652 0.6335735735735736 0.08394 0.3362462462462462
0 0.97 0.6003603603603603 0.06 0.5263963963963963
0 0.84934 0.5227027027027027 0.040479999999999995 0.1909009009009009
