6 0.19453125 0.6354166666666666 0.096875 0.32083333333333336
6 0.2484375 0.6145833333333334 0.065625 0.28125
6 0.11015625 0.7072916666666667 0.10625 0.5833333333333334
6 0.83125 0.6697916666666667 0.115625 0.375
6 0.91484375 0.6510416666666666 0.1375 0.54375
6 0.60546875 0.6104166666666667 0.1109375 0.1875
6 0.53515625 0.5864583333333333 0.0640625 0.18125
6 0.01484375 0.5604166666666667 0.028125 0.21666666666666667
6 0.4640625 0.5947916666666667 0.05 0.2
6 0.05546875 0.7927083333333333 0.1109375 0.4125
6 0.496875 0.5829166666666666 0.0328125 0.1570625
6 0.43203125 0.553125 0.0515625 0.10416666666666667
6 0.6921875 0.5708333333333333 0.03125 0.07916666666666666
2 0.434375 0.7020833333333333 0.4015625 0.5958333333333333
1 0.129640625 0.5432083333333334 0.047515625 0.050229166666666665