0 0.47734375 0.80625 0.125 0.3875
0 0.2046875 0.7520833333333333 0.0640625 0.27708333333333335
0 0.2953125 0.825 0.09375 0.35
0 0.39921875 0.7895833333333333 0.1140625 0.42083333333333334
0 0.553125 0.803125 0.084375 0.37083333333333335
0 0.6828125 0.8229166666666666 0.1140625 0.3541666666666667
0 0.10234375 0.7958333333333333 0.146875 0.375
0 0.7765625 0.6739583333333333 0.0328125 0.11041666666666666
0 0.76015625 0.8239583333333333 0.0765625 0.35208333333333336
0 0.61953125 0.7239583333333334 0.040625 0.14583333333333334
0 0.65703125 0.7041666666666667 0.03125 0.06458333333333334
0 0.5890625 0.7958333333333333 0.0609375 0.29375
0 0.934375 0.74375 0.0625 0.3458333333333333
