6 0.74921875 0.4583333333333333 0.1625 0.3138888888888889
6 0.41171875 0.3458333333333333 0.0515625 0.2
6 0.96796875 0.5402777777777777 0.0625 0.5027777777777778
6 0.93515625 0.3638888888888889 0.04375 0.125
6 0.38359375 0.3194444444444444 0.046875 0.14444444444444443
2 0.79765625 0.3333333333333333 0.04375 0.1111111111111111
6 0.91484375 0.3625 0.025 0.125
6 0.340625 0.30694444444444446 0.0328125 0.08611111111111111
6 0.21640625 0.2708333333333333 0.0171875 0.05277777777777778
2 0.548046875 0.3 0.05078125 0.10555555555555556
2 0.71328125 0.30972222222222223 0.0171875 0.058333333333333334
6 0.29609375 0.25833333333333336 0.0203125 0.06666666666666667
6 0.140625 0.2659722222222222 0.025 0.07916666666666666
6 0.061328125 0.28055555555555556 0.02890625 0.08055555555555556
6 0.20390625 0.2722222222222222 0.015625 0.06666666666666667
2 0.5828125 0.32083333333333336 0.01875 0.08055555555555556
2 0.690234375 0.33402777777777776 0.01484375 0.08472222222222223
6 0.818359375 0.3486111111111111 0.01328125 0.08055555555555556