2 0.796875 0.5128805620608899 0.403125 0.6370023419203747
2 0.24792187499999999 0.5147540983606558 0.26875 0.6220140515222483
6 0.59375 0.16393442622950818 0.121875 0.3255269320843091
6 0.384375 0.10889929742388758 0.1046875 0.14754098360655737
2 0.6171875 0.5046838407494145 0.16875 0.585480093676815
6 0.196875 0.18266978922716628 0.0890625 0.33021077283372363
6 0.125 0.18618266978922718 0.0875 0.3700234192037471
6 0.96875 0.10421545667447307 0.0625 0.20608899297423888
2 0.1109375 0.5143325526932084 0.221875 0.6048009367681498
2 0.07578125 0.5370023419203748 0.1515625 0.5376814988290398
2 0.494015625 0.5248711943793911 0.27551562500000004 0.5743325526932085
6 0.834375 0.11241217798594848 0.0984375 0.2224824355971897
2 0.35676562500000003 0.4991100702576112 0.455203125 0.6633255269320844
2 0.36015625 0.5163934426229508 0.375 0.6440281030444965
2 0.92890625 0.48711943793911006 0.1421875 0.5644028103044496