6 0.01484375 0.871875 0.0296875 0.15
6 0.76328125 0.896875 0.1390625 0.20625
6 0.20078125 0.8614583333333333 0.0515625 0.18958333333333333
6 0.07265625 0.859375 0.0640625 0.2125
6 0.6640625 0.89375 0.0734375 0.21041666666666667
6 0.68984375 0.8145833333333333 0.0609375 0.16666666666666666
6 0.95546875 0.7770833333333333 0.0375 0.13958333333333334
6 0.984375 0.775 0.0296875 0.13541666666666666
6 0.7859375 0.75 0.028125 0.09583333333333334
6 0.875 0.7614583333333333 0.0265625 0.09583333333333334
6 0.93359375 0.7677083333333333 0.034375 0.1375
6 0.82578125 0.771875 0.025 0.10208333333333333
6 0.80546875 0.771875 0.028125 0.12708333333333333
6 0.740625 0.75625 0.0328125 0.09791666666666667
6 0.85625 0.7614583333333333 0.0171875 0.07916666666666666
6 0.9125 0.7614583333333333 0.0296875 0.12083333333333333
6 0.557296875 0.7743125000000001 0.020828125 0.048604166666666664