6 0.7 0.8228643216080402 0.155 0.3442211055276382
6 0.2525 0.8706030150753769 0.095 0.25879396984924624
6 0.14 0.7650753768844221 0.058333333333333334 0.20100502512562815
6 0.44166666666666665 0.9396984924623115 0.07666666666666666 0.12060301507537688
6 0.43083333333333335 0.7675879396984925 0.03833333333333333 0.18090452261306533
6 0.465 0.7713567839195979 0.043333333333333335 0.17587939698492464
2 0.5426333333333333 0.7615829145728643 0.092 0.17391959798994974
6 0.3983333333333333 0.7587939698492462 0.041666666666666664 0.15577889447236182
6 0.1375 0.9271356783919598 0.11666666666666667 0.14321608040201006
6 0.6366666666666667 0.9120603015075377 0.04666666666666667 0.1658291457286432
6 0.22666666666666666 0.7035175879396985 0.041666666666666664 0.08793969849246232
6 0.21916666666666668 0.7550251256281407 0.058333333333333334 0.1934673366834171
6 0.07416666666666667 0.7600502512562815 0.03 0.1884422110552764
6 0.79 0.864321608040201 0.03833333333333333 0.11306532663316583
6 0.37166666666666665 0.7663316582914573 0.023333333333333334 0.1457286432160804
6 0.9583333333333334 0.7412060301507538 0.021666666666666667 0.12814070351758794
6 0.020833333333333332 0.928391959798995 0.04 0.135678391959799
6 0.9825 0.7449748743718593 0.03166666666666667 0.1306532663316583
6 0.9175 0.9510050251256281 0.07 0.09296482412060302
6 0.3475 0.7726130653266332 0.023333333333333334 0.12814070351758794
6 0.8746166666666666 0.8779899497487437 0.059750000000000004 0.08713567839195979
6 0.0079 0.7721859296482412 0.015783333333333333 0.036809045226130654
6 0.03343333333333333 0.79321608040201 0.036000000000000004 0.08419597989949748
6 0.5593833333333333 0.7460552763819096 0.026583333333333334 0.16886934673366832
6 0.7946666666666666 0.7824120603015075 0.032633333333333334 0.052311557788944724
6 0.8159666666666666 0.7759045226130653 0.030333333333333334 0.06969849246231155
6 0.8397166666666667 0.7737437185929648 0.027433333333333334 0.07366834170854271
6 0.8614333333333334 0.775929648241206 0.02505 0.06698492462311557
6 0.92085 0.7510301507537689 0.0202 0.11798994974874372
6 0.9388666666666667 0.750427135678392 0.017750000000000002 0.11128140703517587