1 0.19738 0.6083957219251337 0.05276 0.20606951871657753
1 0.367 0.606951871657754 0.06 0.21122994652406418
3 0.501 0.5732085561497327 0.04 0.12502673796791444
1 0.256 0.5855614973262032 0.032 0.1443850267379679
1 0.288 0.6112566844919787 0.056 0.20379679144385027
1 0.41024 0.57024064171123 0.04046 0.1377807486631016
1 0.325 0.6073529411764707 0.034 0.2013368983957219
0 0.769 0.5414438502673797 0.02 0.06684491978609626
0 0.821 0.5334224598930482 0.018 0.07219251336898395
0 0.645 0.5427807486631016 0.04 0.10160427807486631
0 0.718 0.5187165775401069 0.032 0.06951871657754011
3 0.6845399999999999 0.6375401069518717 0.15891999999999998 0.33189839572192514
2 0.239 0.5254010695187166 0.036 0.06684491978609626
