6 0.5546875 0.3416666666666667 0.2421875 0.64375
6 0.4109375 0.15104166666666666 0.078125 0.18333333333333332
6 0.2859375 0.13020833333333334 0.0296875 0.09583333333333334
6 0.2953125 0.315625 0.0390625 0.1875
2 0.51265625 0.5435416666666666 0.4103125 0.9129166666666666
1 0.2453125 0.23020833333333332 0.209375 0.19375
1 0.140625 0.08125 0.040625 0.03333333333333333
1 0.6578125 0.06354166666666666 0.0609375 0.035416666666666666
1 0.71875 0.43020833333333336 0.5609375 0.6
1 0.70078125 0.04583333333333333 0.05 0.029166666666666667
1 0.8375 0.021875 0.0484375 0.025
1 0.528125 0.06770833333333333 0.0546875 0.03333333333333333
1 0.88203125 0.028125 0.0359375 0.03125
3 0.06328125 0.121875 0.1265625 0.23541666666666666