2 0.63125 0.4706572769953052 0.078125 0.06103286384976526
2 0.57890625 0.4647887323943662 0.0453125 0.05868544600938967
2 0.9484375 0.4812206572769953 0.0390625 0.025821596244131457
2 0.678125 0.4507042253521127 0.071875 0.04460093896713615
2 0.9484375 0.47417840375586856 0.0328125 0.025821596244131457
0 0.0203125 0.42488262910798125 0.040625 0.3474178403755869
0 0.0953125 0.4495305164319249 0.0203125 0.11032863849765258
1 0.7828125 0.5 0.0859375 0.24647887323943662
1 0.5171875 0.4835680751173709 0.04375 0.1431924882629108
1 0.3890625 0.4694835680751174 0.034375 0.15023474178403756
1 0.3578125 0.4706572769953052 0.0359375 0.12441314553990611
1 0.3125 0.46830985915492956 0.03125 0.11502347417840375
1 0.1578125 0.4565727699530516 0.0171875 0.06338028169014084
1 0.253125 0.4612676056338028 0.0203125 0.08450704225352113
1 0.196875 0.45539906103286387 0.028125 0.107981220657277
1 0.4625 0.4800469483568075 0.0421875 0.14553990610328638
1 0.29140625 0.4706572769953052 0.0203125 0.09389671361502347
0 0.1078125 0.4507042253521127 0.0234375 0.11267605633802817
