0 0.5890625 0.49528301886792453 0.2015625 0.33254716981132076
0 0.51015625 0.4693396226415094 0.040625 0.18632075471698112
0 0.3140625 0.5742924528301887 0.2515625 0.294811320754717
0 0.14921875 0.4893867924528302 0.1671875 0.4410377358490566
0 0.78125 0.47641509433962265 0.025 0.09669811320754718
0 0.90078125 0.482311320754717 0.04375 0.12971698113207547
0 0.9828125 0.47995283018867924 0.01875 0.0660377358490566
0 0.83828125 0.49764150943396224 0.0265625 0.05188679245283019
0 0.5921875 0.45990566037735847 0.0234375 0.1179245283018868
0 0.3203125 0.47287735849056606 0.0203125 0.06367924528301887
0 0.21328125 0.47995283018867924 0.015625 0.0589622641509434
1 0.7109375 0.47641509433962265 0.034375 0.09198113207547169
