0 0.7796875 0.809375 0.05625 0.08541666666666667
0 0.57890625 0.5145833333333333 0.0078125 0.008333333333333333
0 0.40703125 0.646875 0.0203125 0.05
0 0.3859375 0.5958333333333333 0.0171875 0.041666666666666664
0 0.296875 0.528125 0.0078125 0.010416666666666666
0 0.40390625 0.7458333333333333 0.03125 0.0625
0 0.5859375 0.7677083333333333 0.0578125 0.1375
0 0.9265625 0.6302083333333334 0.0203125 0.022916666666666665
0 0.6546875 0.503125 0.00625 0.010416666666666666
0 0.534375 0.49375 0.00625 0.004166666666666667
0 0.590625 0.48020833333333335 0.0046875 0.008333333333333333
0 0.7328125 0.7947916666666667 0.05625 0.09375
0 0.98125 0.5697916666666667 0.034375 0.052083333333333336
1 0.13984375 0.675 0.209375 0.6020833333333333
