7 0.3453125 0.6 0.0609375 0.04941176470588235
7 0.025140625 0.6197882352941178 0.0484375 0.04941176470588235
2 0.503125 0.6552941176470588 0.26875 0.4047058823529412
1 0.1703125 0.6152941176470588 0.0578125 0.047058823529411764
7 0.2109375 0.6082352941176471 0.0421875 0.047058823529411764
1 0.1015625 0.6211764705882353 0.05625 0.047058823529411764
1 0.50625 0.6011764705882353 0.0234375 0.02588235294117647
1 0.58984375 0.6023529411764705 0.021875 0.03529411764705882
1 0.3625 0.5988235294117648 0.0234375 0.04470588235294118
1 0.38671875 0.6047058823529412 0.0203125 0.02823529411764706
1 0.0046875 0.6517647058823529 0.009375 0.04
1 0.440625 0.5988235294117648 0.0140625 0.01411764705882353
1 0.3734375 0.6035294117647059 0.0140625 0.03529411764705882