2 0.852 0.5630630630630631 0.296 0.44144144144144143
3 0.402 0.7582582582582582 0.234 0.4594594594594595
3 0.583 0.6576576576576577 0.202 0.3663663663663664
4 0.775 0.29429429429429427 0.45 0.5375375375375375
2 0.392 0.42492492492492495 0.22 0.18618618618618618
2 0.189 0.524024024024024 0.092 0.19519519519519518
2 0.049 0.44294294294294295 0.052 0.06906906906906907
0 0.616 0.3033033033033033 0.034 0.1021021021021021
0 0.076 0.42042042042042044 0.018 0.05105105105105105
2 0.229 0.4144144144144144 0.124 0.10810810810810811
2 0.143 0.44294294294294295 0.034 0.03903903903903904
1 0.26 0.6246246246246246 0.114 0.4864864864864865
1 0.13346 0.6714114114114115 0.15225999999999998 0.6201501501501501
1 0.04934 0.6651951951951952 0.09866 0.6695495495495496
1 0.93864 0.7687687687687688 0.12272 0.45642642642642645
1 0.1376 0.5944444444444444 0.048420000000000005 0.3917717717717718
