1 0.324796875 0.7364583333333333 0.116046875 0.052083333333333336
1 0.09765625 0.8697916666666666 0.19375 0.2604166666666667
2 0.17179687500000002 0.7743333333333333 0.042015625 0.15283333333333332
2 0.31484375 0.7349583333333333 0.0265625 0.09491666666666668
6 0.11484375 0.7322916666666667 0.04375 0.05625
2 0.571875 0.727 0.0171875 0.060250000000000005
6 0.89921875 0.8104166666666667 0.0390625 0.15625
6 0.690625 0.7104166666666667 0.0265625 0.0625
6 0.5953125 0.7291666666666666 0.0203125 0.05
6 0.63515625 0.7135416666666666 0.0203125 0.035416666666666666
1 0.47578125 0.7885416666666667 0.146875 0.15625
7 0.53359375 0.73125 0.04375 0.06041666666666667
1 0.41640625 0.7395833333333334 0.028125 0.04583333333333333
7 0.7890625 0.821875 0.221875 0.26458333333333334
1 0.566828125 0.7296875 0.034499999999999996 0.04420833333333333