2 0.12421875 0.4270833333333333 0.2484375 0.5270833333333333
2 0.25703125 0.459375 0.0859375 0.15208333333333332
2 0.28515625 0.440625 0.040625 0.09791666666666667
2 0.3375 0.43125 0.01875 0.0375
2 0.37421875 0.43125 0.0203125 0.029166666666666667
2 0.39609375 0.4125 0.0265625 0.01875
0 0.48515625 0.43020833333333336 0.021875 0.07291666666666667
0 0.46953125 0.4322916666666667 0.01875 0.0625
0 0.3171875 0.43125 0.0328125 0.14166666666666666
2 0.37109375 0.41041666666666665 0.021875 0.014583333333333334
2 0.3625 0.43125 0.0140625 0.029166666666666667
2 0.44921875 0.4270833333333333 0.028125 0.03333333333333333
2 0.35390625 0.4322916666666667 0.015625 0.035416666666666666
2 0.2046875 0.7677083333333333 0.409375 0.4395833333333333
0 0.14296875 0.38645833333333335 0.1421875 0.7645833333333333
1 0.3171875 0.434375 0.0328125 0.14791666666666667
