5 0.33175 0.7034117647058823 0.1816875 0.5884941176470588
2 0.563375 0.648235294117647 0.11479687499999999 0.39032941176470587
6 0.388953125 0.5011764705882353 0.05 0.1011764705882353
5 0.22421875 0.6115529411764706 0.0546875 0.26282352941176473
5 0.7008125 0.5424941176470588 0.0465625 0.09235294117647058
2 0.16875 0.6376470588235295 0.084375 0.3788235294117647
5 0.11087499999999999 0.6152705882352941 0.0734375 0.24018823529411765
5 0.462296875 0.6754117647058824 0.0984375 0.5103529411764706
5 0.80078125 0.6837411764705882 0.224921875 0.6312941176470589
5 0.0395 0.673764705882353 0.078984375 0.3819058823529412
7 0.559546875 0.5285176470588235 0.10410937499999999 0.08178823529411765
5 0.5046875 0.5972941176470589 0.0453125 0.2595058823529412
6 0.0211875 0.5085411764705883 0.042390625 0.08531764705882353
6 0.351796875 0.4958823529411765 0.027546875 0.037364705882352946
5 0.24740625 0.6428235294117647 0.105484375 0.39388235294117646