2 0.85 0.41484375 0.046875 0.0421875
4 0.93359375 0.3984375 0.13125 0.5171875
1 0.623703125 0.44467187499999994 0.03803125 0.178421875
1 0.61640625 0.45918749999999997 0.053125 0.163703125
1 0.49375 0.478125 0.078125 0.275
1 0.684375 0.4533125 0.0484375 0.16599999999999998
0 0.76484375 0.39296875 0.003125 0.00625
1 0.56171875 0.5359375 0.171875 0.3234375
1 0.72890625 0.45625 0.0640625 0.1828125
2 0.805515625 0.391984375 0.010984375000000001 0.007625
2 0.777109375 0.39303125 0.009796875 0.007953125
1 0.318859375 0.55171875 0.2229375 0.419296875
