2 0.80703125 0.6588785046728972 0.3859375 0.28738317757009346
2 0.15390625 0.5619158878504673 0.090625 0.12149532710280374
0 0.2171875 0.47079439252336447 0.078125 0.2803738317757009
0 0.4515625 0.39485981308411217 0.0828125 0.21728971962616822
0 0.37265625 0.4357476635514019 0.1 0.3364485981308411
0 0.55234375 0.5245327102803738 0.15625 0.21261682242990654
0 0.3234375 0.3516355140186916 0.034375 0.0911214953271028
2 0.02734375 0.580607476635514 0.0546875 0.17289719626168223
0 0.109375 0.7313084112149533 0.21875 0.5373831775700935
2 0.11875 0.5163551401869159 0.0421875 0.04906542056074766
2 0.97421875 0.75 0.0515625 0.16822429906542055
0 0.290625 0.4591121495327103 0.0765625 0.2897196261682243
1 0.5453125 0.719626168224299 0.3171875 0.5397196261682243
