0 0.3515625 0.39296875 0.05 0.1203125
0 0.225 0.33203125 0.0125 0.0328125
0 0.2546875 0.3328125 0.0125 0.0296875
0 0.75546875 0.35703125 0.0171875 0.046875
0 0.24296875 0.3359375 0.0125 0.028125
0 0.1578125 0.371875 0.021875 0.0703125
0 0.503125 0.390625 0.0734375 0.16875
0 0.17734375 0.36640625 0.0203125 0.0515625
1 0.56953125 0.55546875 0.3765625 0.628125
2 0.68515625 0.35546875 0.0828125 0.0671875
2 0.8609375 0.346875 0.1171875 0.0765625
5 0.42421875 0.33671875 0.1109375 0.096875
2 0.78984375 0.3296875 0.09375 0.05625
5 0.71171875 0.33203125 0.075 0.05625
