1 0.88203125 0.7572765072765073 0.2359375 0.48544698544698545
0 0.0796875 0.7858627858627859 0.1171875 0.4178794178794179
1 0.37953125 0.7282744282744283 0.1034375 0.19459459459459458
1 0.33359375 0.7037422037422038 0.0625 0.20997920997921
1 0.77421875 0.6808731808731808 0.04375 0.1662993762993763
1 0.2228125 0.6993555093555093 0.083125 0.19083160083160083
0 0.840625 0.681912681912682 0.034375 0.12681912681912683
0 0.6875 0.6746361746361746 0.0328125 0.10187110187110188
1 0.6520312500000001 0.6943659043659044 0.0459375 0.12264033264033264
1 0.5393749999999999 0.7086902286902287 0.0878125 0.19079002079002078
0 0.88046875 0.6548856548856549 0.015625 0.058212058212058215
0 0.80625 0.6465696465696466 0.0078125 0.037422037422037424
0 0.41015625 0.6486486486486487 0.015625 0.0395010395010395
0 0.4703125 0.6517671517671517 0.0125 0.0395010395010395
0 0.4203125 0.6455301455301455 0.0109375 0.031185031185031187
0 0.81796875 0.6465696465696466 0.0140625 0.033264033264033266
0 0.296875 0.6476091476091476 0.0109375 0.031185031185031187
0 0.44765625 0.6476091476091476 0.0125 0.037422037422037424
1 0.56640625 0.7869022869022869 0.1875 0.41995841995842
