0 0.3734375 0.5140515222482436 0.1828125 0.6370023419203747
0 0.109375 0.43676814988290397 0.13125 0.4332552693208431
0 0.61015625 0.37822014051522246 0.0390625 0.20374707259953162
0 0.6328125 0.36768149882903983 0.03125 0.1592505854800937
0 0.8734375 0.38875878220140514 0.04375 0.15456674473067916
0 0.6828125 0.32201405152224827 0.0203125 0.07259953161592506
0 0.740625 0.3665105386416862 0.0234375 0.13114754098360656
0 0.7734375 0.3957845433255269 0.028125 0.18032786885245902
0 0.77578125 0.3957845433255269 0.040625 0.14988290398126464
0 0.25703125 0.3559718969555035 0.05 0.14988290398126464
0 0.96796875 0.3793911007025761 0.0453125 0.1451990632318501
0 0.50546875 0.5480093676814989 0.2703125 0.7915690866510539
0 0.66953125 0.3747072599531616 0.0359375 0.1451990632318501
