2 0.1796875 0.25176470588235295 0.2078125 0.15058823529411763
2 0.92421875 0.2376470588235294 0.0453125 0.08705882352941176
5 0.85078125 0.18352941176470589 0.0828125 0.15058823529411763
0 0.43125 0.5188235294117647 0.1515625 0.5176470588235295
0 0.325 0.28941176470588237 0.0953125 0.2023529411764706
0 0.2390625 0.6435294117647059 0.478125 0.7129411764705882
0 0.50625 0.25882352941176473 0.03125 0.11764705882352941
2 0.646875 0.19411764705882353 0.0265625 0.03058823529411765
2 0.690625 0.19176470588235295 0.0203125 0.03529411764705882
2 0.26171875 0.21764705882352942 0.078125 0.07294117647058823
2 0.65625 0.17411764705882352 0.015625 0.01647058823529412
0 0.55859375 0.25176470588235295 0.0203125 0.10588235294117647
0 0.57421875 0.1952941176470588 0.009375 0.02823529411764706
0 0.53359375 0.2529411764705882 0.025 0.1011764705882353
0 0.565625 0.1952941176470588 0.0109375 0.02588235294117647
0 0.50234375 0.20352941176470588 0.0109375 0.02823529411764706
0 0.49375 0.21176470588235294 0.015625 0.047058823529411764
2 0.78203125 0.2011764705882353 0.084375 0.16941176470588235
2 0.7234375 0.19176470588235295 0.0234375 0.03294117647058824
5 0.39765625 0.2388235294117647 0.1234375 0.15294117647058825
0 0.58671875 0.1988235294117647 0.0078125 0.04
1 0.72109375 0.22 0.0453125 0.08705882352941176
1 0.89296875 0.23294117647058823 0.028125 0.11529411764705882
