7 0.01484375 0.49583333333333335 0.0296875 0.2520833333333333
6 0.88984375 0.6833333333333333 0.2203125 0.6333333333333333
6 0.82109375 0.471875 0.0875 0.2520833333333333
6 0.46328125 0.46875 0.0328125 0.13333333333333333
6 0.42109375 0.4583333333333333 0.021875 0.07083333333333333
6 0.975 0.45 0.0484375 0.17291666666666666
2 0.052953125000000004 0.46789583333333334 0.04184375 0.08997916666666667
6 0.503125 0.446875 0.0203125 0.058333333333333334
2 0.409375 0.615625 0.359375 0.51875
5 0.625 0.5342083333333334 0.2953125 0.28993749999999996
1 0.77109375 0.46041666666666664 0.0546875 0.06458333333333334
1 0.07109375 0.4666666666666667 0.0828125 0.06666666666666667
1 0.06328125 0.440625 0.0984375 0.05625
8 0.4890625 0.44166666666666665 0.125 0.0625