2 0.715625 0.7131147540983607 0.065625 0.07962529274004684
2 0.66640625 0.6826697892271663 0.0171875 0.0234192037470726
2 0.69453125 0.667447306791569 0.009375 0.00936768149882904
2 0.68046875 0.6686182669789227 0.0140625 0.0117096018735363
2 0.5125 0.7224824355971897 0.0296875 0.02810304449648712
0 0.25390625 0.7060889929742389 0.0359375 0.13348946135831383
0 0.6515625 0.7142857142857143 0.015625 0.03981264637002342
0 0.75859375 0.6838407494145199 0.0046875 0.0117096018735363
0 0.759375 0.6943793911007026 0.0078125 0.01405152224824356
0 0.6875 0.6768149882903981 0.0078125 0.0234192037470726
1 0.10625 0.6978922716627635 0.0625 0.117096018735363
0 0.75244140625 0.6831820843091335 0.006744384765625 0.02575197599531616
2 0.63720703125 0.6791569086651054 0.0121917724609375 0.01922250073185012
2 0.6943359375 0.6762295081967213 0.01406097412109375 0.024860033665105388
2 0.71044921875 0.664519906323185 0.01116180419921875 0.011846823770491803
