0 0.2859375 0.5337995337995338 0.078125 0.3822843822843823
0 0.45 0.486013986013986 0.053125 0.15384615384615385
0 0.53984375 0.2564102564102564 0.1796875 0.1655011655011655
0 0.95234375 0.486013986013986 0.0953125 0.24475524475524477
1 0.7630312499999999 0.4558508158508159 0.021390625 0.07256410256410256
1 0.7899375 0.45794871794871794 0.017468749999999998 0.06974358974358975
0 0.4328125 0.48717948717948717 0.021875 0.15151515151515152
2 0.278125 0.548951048951049 0.184375 0.22843822843822845
2 0.80859375 0.44638694638694637 0.0296875 0.046620046620046623
2 0.015625 0.6456876456876457 0.03125 0.27972027972027974
2 0.3765625 0.5221445221445221 0.05625 0.07692307692307693
2 0.84296875 0.4428904428904429 0.0140625 0.03263403263403263
2 0.73359375 0.4592074592074592 0.01875 0.055944055944055944
2 0.82734375 0.4405594405594406 0.0171875 0.030303030303030304
2 0.13125 0.6013986013986014 0.2625 0.32400932400932403
