3 0.4328125 0.3463341067285383 0.33849999999999997 0.31213457076566126
0 0.7640625 0.24129930394431554 0.0828125 0.14385150812064965
0 0.8953125 0.37935034802784223 0.08125 0.4593967517401392
0 0.59140625 0.13109048723897912 0.059375 0.25986078886310904
0 0.03828125 0.15661252900232017 0.0546875 0.14849187935034802
0 0.4328125 0.20185614849187936 0.06875 0.16473317865429235
0 0.81015625 0.22157772621809746 0.034375 0.14617169373549885
0 0.853125 0.22389791183294663 0.034375 0.19489559164733178
0 0.69921875 0.14269141531322505 0.0453125 0.14849187935034802
0 0.90234375 0.15081206496519722 0.0453125 0.09048723897911833
0 0.34296875 0.06148491879350348 0.0421875 0.08816705336426914
0 0.78984375 0.08004640371229699 0.034375 0.12761020881670534
0 0.51328125 0.10672853828306264 0.0359375 0.09280742459396751
0 0.38671875 0.08584686774941995 0.0375 0.04176334106728538
0 0.54921875 0.14153132250580047 0.04375 0.15777262180974477
0 0.6859375 0.08120649651972157 0.046875 0.16009280742459397
