1 0.925 0.8138173302107728 0.15 0.37236533957845436
6 0.8578125 0.7728337236533958 0.0359375 0.15690866510538642
2 0.520703125 0.7771662763466043 0.067953125 0.20304449648711945
6 0.903125 0.7259953161592506 0.0375 0.11943793911007025
6 0.1421875 0.7552693208430913 0.021875 0.10304449648711944
6 0.16640625 0.7599531615925058 0.021875 0.09133489461358314
6 0.1796875 0.7576112412177985 0.0171875 0.08196721311475409
6 0.6375 0.7459016393442623 0.015625 0.04918032786885246
1 0.053125 0.7587822014051522 0.10625 0.20843091334894615
1 0.30078125 0.765807962529274 0.128125 0.09836065573770492
1 0.59140625 0.7236533957845434 0.0171875 0.0234192037470726
1 0.6078125 0.7400468384074942 0.021875 0.03278688524590164