2 0.114 0.5725075528700906 0.222 0.17522658610271905
2 0.687 0.4909365558912387 0.212 0.13897280966767372
2 0.486 0.5120845921450151 0.142 0.09365558912386707
2 0.556 0.4954682779456193 0.096 0.08459214501510574
0 0.967 0.47583081570996977 0.028 0.11782477341389729
0 0.081 0.5090634441087614 0.05 0.09063444108761329
0 0.114 0.47129909365558914 0.03 0.03927492447129909
0 0.035 0.525679758308157 0.028 0.1027190332326284
5 0.229 0.49244712990936557 0.182 0.18126888217522658
0 0.794 0.5755287009063444 0.024 0.054380664652567974
0 0.176 0.46827794561933533 0.04 0.045317220543806644
0 0.924 0.5483383685800605 0.068 0.18731117824773413
2 0.326 0.49244712990936557 0.052 0.06042296072507553
2 0.014 0.5211480362537765 0.028 0.054380664652567974
0 0.991 0.459214501510574 0.018 0.09365558912386707
1 0.425 0.6676737160120846 0.448 0.6374622356495468
1 0.224 0.6389728096676737 0.182 0.48036253776435045
1 0.705 0.5422960725075529 0.22 0.2990936555891239
1 0.671 0.5936555891238671 0.192 0.3987915407854985
2 0.9947967529296875 0.4702104182401813 0.010406494140625 0.10298530140672206
0 0.7060546875 0.4185794703549849 0.044189453125 0.07772301619146525
2 0.00579833984375 0.5406497828549849 0.01132965087890625 0.0573472314010574
0 0.978515625 0.4185794703549849 0.014007568359375 0.028604467109611027
0 0.9775390625 0.43923184950906347 0.0120086669921875 0.03618776258024924
0 0.499267578125 0.47352955060422963 0.018768310546875 0.04019838085347432
2 0.435791015625 0.4525083789652568 0.036285400390625 0.030771122958364802
