1 0.67265625 0.5983606557377049 0.18125 0.5784543325526932
1 0.207296875 0.6375878220140515 0.3296875 0.724824355971897
1 0.86328125 0.6159250585480094 0.2734375 0.7681498829039812
0 0.03828125 0.3981264637002342 0.0640625 0.26229508196721313
1 0.9170624999999999 0.54288056206089 0.165890625 0.5026229508196721
1 0.412765625 0.4316393442622951 0.133328125 0.37613583138173307
0 0.484375 0.33840749414519905 0.0515625 0.12646370023419204
0 0.325 0.39227166276346603 0.0484375 0.22950819672131148
0 0.68828125 0.31733021077283374 0.0875 0.16159250585480095
1 0.45078125 0.6147540983606558 0.159375 0.6791569086651054
1 0.28046875 0.4449648711943794 0.115625 0.3840749414519906
1 0.55546875 0.4566744730679157 0.1 0.4238875878220141
2 0.910984375 0.4832786885245902 0.17646875 0.2921077283372365
