7 0.87265625 0.546875 0.2546875 0.225
1 0.0721875 0.5902083333333333 0.144375 0.37416666666666665
0 0.728125 0.540625 0.0890625 0.28125
0 0.390625 0.5614583333333333 0.11875 0.3229166666666667
0 0.27578125 0.48333333333333334 0.0671875 0.14583333333333334
0 0.478125 0.46770833333333334 0.0484375 0.10208333333333333
0 0.43125 0.4666666666666667 0.05 0.10208333333333333
0 0.60234375 0.46770833333333334 0.0453125 0.09166666666666666
0 0.19453125 0.55 0.0453125 0.23541666666666666
0 0.509375 0.4875 0.0359375 0.1625
0 0.66640625 0.4708333333333333 0.04375 0.1125
0 0.24125000000000002 0.5095625 0.053578125 0.1899375
0 0.56875 0.44895833333333335 0.0359375 0.07916666666666666
0 0.209375 0.45208333333333334 0.0328125 0.07083333333333333
0 0.118453125 0.5540416666666667 0.14175 0.29822916666666666
