1 0.73828125 0.74375 0.453125 0.5125
1 0.1546875 0.7489583333333333 0.309375 0.5
1 0.79253125 0.6739583333333333 0.4149375 0.6520833333333333
0 0.89453125 0.9166666666666666 0.2109375 0.16666666666666666
0 0.275 0.93125 0.253125 0.1375
0 0.18359375 0.4822916666666667 0.0703125 0.20625
1 0.51796875 0.4947916666666667 0.1421875 0.2916666666666667
0 0.2671875 0.46145833333333336 0.0546875 0.20833333333333334
0 0.3171875 0.46458333333333335 0.053125 0.2
0 0.575 0.3958333333333333 0.053125 0.11458333333333333
1 0.04775 0.5466666666666666 0.093953125 0.33083333333333337
0 0.41484375 0.4583333333333333 0.040625 0.18958333333333333
0 0.62109375 0.41770833333333335 0.0484375 0.17708333333333334
0 0.7125 0.4239583333333333 0.0453125 0.15416666666666667
0 0.06484375 0.43854166666666666 0.053125 0.14166666666666666
0 0.66328125 0.440625 0.0484375 0.19375
0 0.38203125 0.45729166666666665 0.046875 0.2125
0 0.20546875 0.4375 0.0484375 0.15833333333333333
1 0.46328125 0.6802083333333333 0.35625 0.4875
4 0.94296875 0.3 0.1125 0.59375
0 0.11421875 0.4295833333333333 0.0315625 0.1125
0 0.14109375 0.421875 0.0228125 0.10127083333333334
0 0.51890625 0.3898125 0.034687499999999996 0.062125
0 0.7720312500000001 0.3768958333333333 0.0409375 0.0613125
0 0.7421875 0.372125 0.025625 0.047562499999999994
