0 0.8171875 0.5995260663507109 0.0984375 0.42890995260663506
0 0.96953125 0.6409952606635071 0.0609375 0.33649289099526064
0 0.92265625 0.6516587677725119 0.0875 0.3341232227488152
0 0.709375 0.42417061611374407 0.08125 0.3127962085308057
0 0.890625 0.3957345971563981 0.0890625 0.1848341232227488
0 0.603125 0.3222748815165877 0.075 0.14454976303317535
0 0.86875 0.6208530805687204 0.0625 0.3341232227488152
0 0.5453125 0.30213270142180093 0.0328125 0.07109004739336493
1 0.109375 0.4561611374407583 0.096875 0.36255924170616116
3 0.51875 0.5092654028436019 0.621875 0.7677725118483413
