5 0.45784543325526933 0.53046875 0.9156908665105387 0.4953125
0 0.48009367681498827 0.50625 0.24355971896955503 0.303125
0 0.7903981264637002 0.3609375 0.18266978922716628 0.2765625
0 0.8079625292740047 0.80546875 0.1592505854800937 0.2734375
0 0.6908665105386417 0.815625 0.22482435597189696 0.3515625
0 0.5386416861826698 0.80625 0.18501170960187355 0.346875
0 0.4215456674473068 0.8171875 0.1756440281030445 0.3375
0 0.2962529274004684 0.83515625 0.12646370023419204 0.3078125
0 0.4180327868852459 0.1875 0.1288056206088993 0.1953125
0 0.17681498829039813 0.3390625 0.08430913348946135 0.096875
0 0.29508196721311475 0.2640625 0.0702576112412178 0.1140625
0 0.9074941451990632 0.803125 0.18501170960187355 0.365625
0 0.13700234192037472 0.8375 0.27400468384074944 0.3171875
0 0.6744730679156908 0.20625 0.18501170960187355 0.1640625
0 0.22131147540983606 0.35078125 0.3255269320843091 0.3140625
