0 0.0390625 0.5833333333333334 0.078125 0.27291666666666664
0 0.790625 0.6020833333333333 0.071875 0.27708333333333335
0 0.96328125 0.65 0.053125 0.15833333333333333
0 0.98671875 0.621875 0.0265625 0.19583333333333333
0 0.2828125 0.47708333333333336 0.0234375 0.03125
0 0.31328125 0.4791666666666667 0.0140625 0.03125
0 0.2265625 0.471875 0.03125 0.04375
0 0.5484375 0.5229166666666667 0.0234375 0.058333333333333334
0 0.303125 0.47708333333333336 0.0140625 0.03333333333333333
1 0.71640625 0.590625 0.1234375 0.26666666666666666
0 0.674484375 0.6215208333333333 0.048953125 0.17083333333333334
