2 0.24166666666666667 0.86640625 0.09375 0.1734375
4 0.44618749999999996 0.8479218749999999 0.05972916666666667 0.148953125
6 0.50625 0.82578125 0.03958333333333333 0.0890625
6 0.5583333333333333 0.8265625 0.0375 0.090625
6 0.115625 0.83515625 0.07291666666666667 0.1578125
6 0.32916666666666666 0.80546875 0.022916666666666665 0.0515625
6 0.3541666666666667 0.809375 0.022916666666666665 0.04375
6 0.39375 0.80703125 0.020833333333333332 0.0375
6 0.146875 0.81328125 0.04791666666666667 0.11875
6 0.017708333333333333 0.8125 0.035416666666666666 0.1359375
6 0.20729166666666668 0.8015625 0.041666666666666664 0.0546875
2 0.07708333333333334 0.8546875 0.15208333333333332 0.1953125
6 0.390625 0.86953125 0.03958333333333333 0.096875