1 0.5541200000000001 0.6905673758865248 0.30412 0.5796808510638298
0 0.232 0.4592198581560284 0.15 0.5390070921985816
0 0.923 0.6524822695035462 0.094 0.450354609929078
0 0.077 0.3333333333333333 0.132 0.5212765957446809
0 0.808 0.6223404255319149 0.084 0.5141843971631206
0 0.599 0.5531914893617021 0.094 0.5141843971631206
0 0.459 0.425531914893617 0.156 0.4787234042553192
0 0.856 0.2429078014184397 0.084 0.3723404255319149
0 0.77 0.25886524822695034 0.084 0.25177304964539005
0 0.747 0.4734042553191489 0.086 0.3475177304964539
0 0.738 0.7464539007092199 0.07 0.33687943262411346
0 0.953 0.2429078014184397 0.054 0.36524822695035464
0 0.334 0.26063829787234044 0.088 0.2127659574468085
0 0.209 0.16489361702127658 0.082 0.29432624113475175
0 0.916 0.11702127659574468 0.078 0.23404255319148937
0 0.261 0.11524822695035461 0.082 0.22695035460992907
