0 0.12177985948477751 0.72265625 0.23653395784543327 0.4015625
0 0.3911007025761124 0.675 0.12177985948477751 0.1234375
0 0.6510538641686182 0.746875 0.20374707259953162 0.321875
0 0.8044496487119438 0.7140625 0.09836065573770492 0.1390625
0 0.8899297423887588 0.746875 0.07962529274004684 0.2734375
0 0.5573770491803278 0.65078125 0.06323185011709602 0.115625
0 0.7377049180327869 0.74140625 0.117096018735363 0.2875
0 0.23770491803278687 0.71484375 0.14285714285714285 0.096875
0 0.9519906323185011 0.796875 0.09601873536299765 0.4
0 0.7295081967213115 0.61328125 0.0351288056206089 0.0328125
1 0.2576112412177986 0.7609375 0.5105386416861827 0.478125
