2 0.28046875 0.522248243559719 0.0625 0.07494145199063232
2 0.32265625 0.5175644028103045 0.040625 0.06088992974238876
2 0.021875 0.5831381733021077 0.04375 0.1053864168618267
4 0.24453125 0.46252927400468385 0.103125 0.1756440281030445
4 0.3484375 0.4496487119437939 0.0421875 0.05152224824355972
0 0.57109375 0.6639344262295082 0.0796875 0.37236533957845436
0 0.65703125 0.5152224824355972 0.01875 0.08430913348946135
4 0.30703125 0.44028103044496486 0.05 0.08899297423887588
0 0.52109375 0.5128805620608899 0.009375 0.0351288056206089
0 0.49453125 0.5011709601873536 0.009375 0.04449648711943794
0 0.51796875 0.5046838407494145 0.009375 0.04449648711943794
1 0.39921875 0.6850117096018735 0.1484375 0.5620608899297423
1 0.175 0.522248243559719 0.021875 0.06557377049180328
