4 0.4886128364389234 0.4239350912778905 0.34575569358178054 0.847870182555781
6 0.36335403726708076 0.11764705882352941 0.037267080745341616 0.0973630831643002
6 0.33436853002070394 0.11764705882352941 0.033126293995859216 0.09939148073022312
1 0.6107660455486542 0.11967545638945233 0.09523809523809523 0.07505070993914807
1 0.6366459627329193 0.07505070993914807 0.07660455486542443 0.060851926977687626
1 0.9492753623188406 0.17647058823529413 0.10144927536231885 0.2150101419878296
3 0.9182194616977226 0.1105476673427992 0.16356107660455488 0.2210953346855984
1 0.8312629399585921 0.1105476673427992 0.053830227743271224 0.08924949290060852
1 0.6428571428571429 0.04563894523326572 0.062111801242236024 0.04056795131845842
1 0.8229813664596274 0.05070993914807302 0.062111801242236024 0.056795131845841784
1 0.8146997929606625 0.032454361054766734 0.055900621118012424 0.04462474645030426
1 0.6656314699792961 0.037525354969574036 0.043478260869565216 0.04462474645030426
6 0.7198136645962733 0.019614604462474646 0.012422360248447204 0.039208924949290055
6 0.7044099378881988 0.02004056795131846 0.012939958592132506 0.03906693711967546
1 0.9758385093167702 0.2515212981744422 0.04416149068322981 0.2731643002028397