2 0.15010416666666665 0.32440625 0.23966666666666667 0.2050625
2 0.53125 0.49921875 0.46875 0.9984375
6 0.026041666666666668 0.2625 0.052083333333333336 0.0609375
2 0.9666666666666667 0.3179375 0.06666666666666667 0.160875
6 0.3177083333333333 0.26171875 0.04375 0.0609375
6 0.057291666666666664 0.253125 0.0375 0.0515625
2 0.2641875 0.3005625 0.059125 0.094875
2 0.21979166666666666 0.27421875 0.01875 0.0421875
2 0.8447916666666667 0.3140625 0.14583333333333334 0.2421875
6 0.40412499999999996 0.28104687500000003 0.0888125 0.1698125
6 0.15416666666666667 0.259375 0.05 0.06875
2 0.042979166666666666 0.564890625 0.0859375 0.42178125
2 0.9088541666666666 0.585375 0.18229166666666666 0.33784375