6 0.941 0.9146666666666666 0.03 0.088
6 0.529 0.9373333333333334 0.032 0.088
6 0.674 0.8933333333333333 0.034 0.08533333333333333
6 0.222 0.964 0.022 0.072
6 0.25 0.9693333333333334 0.026 0.06133333333333333
6 0.17 0.9773333333333334 0.022 0.04533333333333334
6 0.142 0.972 0.022 0.05333333333333334
6 0.508 0.9546666666666667 0.016 0.056
6 0.197 0.972 0.022 0.056
6 0.121 0.9733333333333334 0.022 0.042666666666666665
6 0.796 0.712 0.014 0.06133333333333333
1 0.46 0.4693333333333333 0.04 0.02666666666666667
6 0.82708 0.7119200000000001 0.01478 0.059706666666666665
6 0.81564 0.7053866666666666 0.01622 0.055626666666666665