6 0.351288056206089 0.80859375 0.2997658079625293 0.38125
6 0.6545667447306791 0.69921875 0.28805620608899296 0.475
6 0.2107728337236534 0.415625 0.13348946135831383 0.1859375
6 0.7810304449648712 0.36328125 0.10772833723653395 0.178125
6 0.35714285714285715 0.3484375 0.14285714285714285 0.1140625
6 0.7962529274004684 0.46875 0.1592505854800937 0.134375
6 0.882903981264637 0.38359375 0.10070257611241218 0.1953125
6 0.3009367681498829 0.32578125 0.05620608899297424 0.0859375
6 0.65807962529274 0.40234375 0.117096018735363 0.1953125
6 0.4484777517564403 0.30859375 0.05152224824355972 0.078125
6 0.5761124121779859 0.36171875 0.07962529274004684 0.1046875
6 0.7962529274004684 0.6265625 0.16393442622950818 0.446875
6 0.509367681498829 0.30859375 0.08430913348946135 0.0734375
6 0.6311475409836066 0.2265625 0.05152224824355972 0.096875
2 0.49414519906323184 0.44609375 0.24121779859484777 0.2734375
0 0.17330210772833723 0.1328125 0.20374707259953162 0.096875
1 0.15105386416861827 0.4984375 0.18969555035128804 0.1203125
5 0.19379391100702575 0.366671875 0.22950819672131148 0.150265625