0 0.4984375 0.7989583333333333 0.0125 0.05
0 0.54140625 0.8 0.021875 0.03333333333333333
0 0.88203125 0.86875 0.0140625 0.04583333333333333
0 0.29765625 0.828125 0.0125 0.022916666666666665
0 0.86171875 0.8770833333333333 0.025 0.03333333333333333
0 0.021875 0.8145833333333333 0.0078125 0.0375
0 0.1765625 0.8135416666666667 0.015625 0.025
0 0.46796875 0.8135416666666667 0.01875 0.020833333333333332
0 0.446875 0.815625 0.00625 0.0125
0 0.45546875 0.815625 0.0109375 0.010416666666666666
1 0.78828125 0.8479166666666667 0.05 0.06458333333333334
1 0.984375 0.853125 0.03125 0.0625
