6 0.35234375 0.441340782122905 0.24375 0.5279329608938548
6 0.91328125 0.5181564245810056 0.14375 0.4776536312849162
6 0.68828125 0.3407821229050279 0.05 0.22905027932960895
6 0.759375 0.32122905027932963 0.053125 0.24860335195530725
6 0.0125 0.43156424581005587 0.025 0.26536312849162014
6 0.4890625 0.33100558659217877 0.065625 0.2206703910614525
6 0.8375 0.33379888268156427 0.0359375 0.21508379888268156
6 0.265625 0.34497206703910616 0.05625 0.2905027932960894
6 0.94375 0.3170391061452514 0.0640625 0.23184357541899442
6 0.8953125 0.2723463687150838 0.034375 0.11731843575418995
6 0.7875 0.2988826815642458 0.0265625 0.1424581005586592
6 0.6390625 0.3016759776536313 0.0234375 0.13687150837988826
6 0.1953125 0.2737430167597765 0.0140625 0.08100558659217877
6 0.98984375 0.40782122905027934 0.0203125 0.11731843575418995
6 0.16396875 0.2491340782122905 0.016890625 0.047318435754189946
6 0.0230625 0.2587709497206704 0.011984375 0.03608938547486033
6 0.033468750000000005 0.26284916201117314 0.0089375 0.047597765363128486