6 0.6359375 0.71875 0.1578125 0.5625
6 0.74609375 0.6767578125 0.1421875 0.51953125
6 0.97265625 0.501953125 0.034375 0.142578125
6 0.278125 0.484375 0.0421875 0.12109375
6 0.51171875 0.470703125 0.0515625 0.09375
6 0.340625 0.48046875 0.0375 0.0546875
1 0.0140625 0.4755859375 0.028125 0.08984375
1 0.853125 0.5029296875 0.1953125 0.119140625
0 0.93359375 0.3974609375 0.13125 0.1171875
1 0.1859375 0.4560546875 0.0546875 0.06640625
3 0.59453125 0.447265625 0.134375 0.123046875
8 0.3069375 0.42935546875 0.168578125 0.2356640625
1 0.40859375 0.4453125 0.0578125 0.05078125
1 0.500484375 0.44974609375 0.04746875 0.0518359375
1 0.94921875 0.47265625 0.1 0.056640625
1 0.13515625 0.4365234375 0.053125 0.0625
1 0.67734375 0.4619140625 0.078125 0.072265625
1 0.1 0.4892578125 0.09375 0.130859375
1 0.990625 0.4423828125 0.01875 0.017578125
1 0.456171875 0.453828125 0.042203125 0.0525390625
1 0.44839062500000004 0.4490234375 0.069453125 0.059296875
6 0.91659375 0.50302734375 0.041265625 0.10876953125