0 0.21875 0.5671875 0.425 0.734375
0 0.5854166666666667 0.3109375 0.0875 0.1234375
0 0.6979166666666666 0.3046875 0.07708333333333334 0.146875
0 0.390625 0.3109375 0.04791666666666667 0.1375
0 0.34375 0.31328125 0.08541666666666667 0.134375
0 0.7760416666666666 0.31171875 0.06458333333333334 0.1328125
0 0.85 0.29609375 0.05 0.0359375
0 0.634375 0.3296875 0.04791666666666667 0.103125
0 0.5208333333333334 0.31640625 0.058333333333333334 0.1140625
0 0.9291666666666667 0.30859375 0.13333333333333333 0.2203125
0 0.45 0.30703125 0.05625 0.15
0 0.2708333333333333 0.25625 0.08125 0.125
0 0.7385416666666667 0.30546875 0.029166666666666667 0.10625
