0 0.79921875 0.657051282051282 0.0171875 0.053418803418803416
0 0.45625 0.6388888888888888 0.0109375 0.042735042735042736
0 0.18125 0.657051282051282 0.0140625 0.053418803418803416
0 0.65546875 0.6431623931623932 0.0109375 0.042735042735042736
1 0.334375 0.6538461538461539 0.015625 0.053418803418803416
0 0.03046875 0.6602564102564102 0.01875 0.06623931623931624
0 0.8484375 0.6784188034188035 0.0203125 0.07478632478632478
0 0.1015625 0.6463675213675214 0.01875 0.05555555555555555
0 0.06640625 0.6655982905982906 0.0171875 0.06837606837606838
0 0.01015625 0.6623931623931624 0.01875 0.06196581196581197
0 0.04375 0.6591880341880342 0.0140625 0.05555555555555555
5 0.32109375 0.6282051282051282 0.0890625 0.07051282051282051
2 0.625 0.6271367521367521 0.021875 0.023504273504273504
7 0.56640625 0.6282051282051282 0.0625 0.0405982905982906
2 0.6 0.6271367521367521 0.0328125 0.03205128205128205
2 0.678125 0.6239316239316239 0.0234375 0.027777777777777776
7 0.484375 0.6217948717948718 0.0359375 0.03418803418803419
2 0.634375 0.6217948717948718 0.0203125 0.021367521367521368
2 0.7296875 0.6346153846153846 0.0265625 0.03205128205128205
