2 0.2025062034739454 0.8516406249999999 0.055136476426799 0.10640625
6 0.12531017369727046 0.865625 0.07196029776674938 0.1671875
6 0.9032258064516129 0.83125 0.034739454094292806 0.0796875
6 0.9801488833746899 0.834375 0.03722084367245657 0.0796875
6 0.9379652605459057 0.83671875 0.03225806451612903 0.0765625
6 0.8709677419354839 0.83046875 0.03225806451612903 0.065625
6 0.018610421836228287 0.859375 0.03722084367245657 0.1296875
6 0.456575682382134 0.821875 0.04218362282878412 0.0625
6 0.04218362282878412 0.84921875 0.06699751861042183 0.1203125
6 0.56575682382134 0.809375 0.02481389578163772 0.04375
6 0.08188585607940446 0.82578125 0.03970223325062035 0.0828125
6 0.2866004962779156 0.821875 0.02977667493796526 0.071875
6 0.2655086848635236 0.82421875 0.02481389578163772 0.0671875