2 0.7625 0.49764150943396224 0.475 0.32547169811320753
2 0.51640625 0.3785377358490566 0.1 0.07547169811320754
2 0.61875 0.38207547169811323 0.021875 0.04009433962264151
2 0.63828125 0.38089622641509435 0.0234375 0.030660377358490566
2 0.653125 0.3785377358490566 0.0296875 0.03773584905660377
0 0.58125 0.38089622641509435 0.034375 0.125
0 0.83125 0.4080188679245283 0.0390625 0.06367924528301887
2 0.5859375 0.375 0.0609375 0.06839622641509434
1 0.34453125 0.5454893867924528 0.684375 0.9090212264150944
2 0.71142578125 0.3821491745283019 0.019378662109375 0.025151090801886794
2 0.69873046875 0.3825176886792453 0.019683837890625 0.024851673054245283
2 0.72900390625 0.38178066037735847 0.0278472900390625 0.02524321933962264
