0 0.55625 0.8041666666666667 0.15625 0.39166666666666666
0 0.746875 0.7729166666666667 0.0859375 0.45416666666666666
0 0.23046875 0.6791666666666667 0.0828125 0.23958333333333334
0 0.778125 0.5291666666666667 0.0578125 0.2
0 0.38828125 0.746875 0.10625 0.2916666666666667
0 0.09453125 0.6979166666666666 0.065625 0.29791666666666666
0 0.884375 0.6885416666666667 0.1109375 0.24166666666666667
0 0.72734375 0.5010416666666667 0.040625 0.13541666666666666
0 0.6921875 0.5427083333333333 0.0421875 0.1875
0 0.52265625 0.42916666666666664 0.0171875 0.07708333333333334
1 0.9123125 0.4843958333333333 0.09334375 0.1746875
0 0.553125 0.41041666666666665 0.01875 0.06458333333333334
1 0.9519062500000001 0.4565416666666666 0.058499999999999996 0.14225000000000002
1 0.64825 0.41375 0.027734375 0.07331249999999999
1 0.9813750000000001 0.6733958333333334 0.03725 0.2259375
6 0.8497031249999999 0.44260416666666663 0.055281250000000004 0.09977083333333334
7 0.8875 0.3802083333333333 0.04375 0.03125
2 0.7515625 0.39375 0.0484375 0.04375
2 0.788859375 0.37845833333333334 0.04021875 0.023604166666666666
1 0.69865625 0.41283333333333333 0.02325 0.07458333333333332
1 0.584765625 0.3982291666666667 0.01909375 0.06175
1 0.531171875 0.41429166666666667 0.017765625 0.06895833333333333
2 0.722734375 0.39095833333333335 0.028171875000000002 0.025916666666666664
