0 0.57734375 0.7082352941176471 0.396875 0.5623529411764706
0 0.5796875 0.14 0.0765625 0.09176470588235294
0 0.34609375 0.1811764705882353 0.034375 0.15294117647058825
0 0.275 0.15764705882352942 0.0453125 0.12470588235294118
0 0.2078125 0.1376470588235294 0.025 0.07529411764705882
0 0.075 0.12470588235294118 0.0171875 0.06823529411764706
0 0.01953125 0.1388235294117647 0.0234375 0.08470588235294117
0 0.2625 0.1411764705882353 0.015625 0.08705882352941176
0 0.1890625 0.11529411764705882 0.0109375 0.03058823529411765
1 0.47682812500000005 0.45503529411764704 0.489578125 0.7246823529411764
