7 0.485 0.157514450867052 0.464 0.2514450867052023
2 0.42186 0.5917630057803468 0.7442799999999999 0.8164739884393064
2 0.709 0.5258092485549133 0.48228 0.8406358381502891
6 0.081 0.12572254335260116 0.044 0.1676300578034682
6 0.041 0.12572254335260116 0.04 0.17052023121387283
6 0.275 0.11705202312138728 0.036 0.049132947976878616
6 0.017 0.10982658959537572 0.024 0.08959537572254335
6 0.384 0.05202312138728324 0.01 0.023121387283236993
1 0.25 0.16184971098265896 0.284 0.17341040462427745
1 0.943 0.18352601156069365 0.112 0.18208092485549132
1 0.923 0.10115606936416185 0.102 0.08959537572254335
1 0.755 0.13872832369942195 0.128 0.14739884393063585
1 0.96 0.07225433526011561 0.064 0.07225433526011561
1 0.641 0.031791907514450865 0.046 0.02023121387283237
1 0.774 0.06358381502890173 0.05 0.02023121387283237