3 0.8953125 0.76875 0.1015625 0.2125
0 0.66484375 0.5427083333333333 0.03125 0.10416666666666667
0 0.6296875 0.5333333333333333 0.03125 0.13125
0 0.871875 0.521875 0.028125 0.08125
0 0.83125 0.553125 0.034375 0.11875
0 0.60390625 0.5322916666666667 0.025 0.09375
0 0.50234375 0.5270833333333333 0.0375 0.06666666666666667
0 0.59296875 0.5197916666666667 0.0140625 0.09166666666666666
0 0.78828125 0.5020833333333333 0.0234375 0.05
2 0.41015625 0.578125 0.2703125 0.1375
2 0.0640625 0.5958333333333333 0.128125 0.11666666666666667
2 0.12890625 0.5291666666666667 0.10625 0.07916666666666666
2 0.57421875 0.484375 0.0265625 0.025
2 0.28984375 0.4875 0.03125 0.029166666666666667
2 0.20703125 0.490625 0.021875 0.014583333333333334
2 0.2328125 0.4864583333333333 0.0171875 0.027083333333333334
2 0.40546875 0.5010416666666667 0.03125 0.016666666666666666
2 0.3359375 0.49895833333333334 0.0921875 0.016666666666666666
2 0.38046875 0.48854166666666665 0.0375 0.03125
2 0.03046875 0.496875 0.059375 0.04791666666666667
0 0.5421875 0.521875 0.01875 0.07916666666666666
2 0.53125 0.4864583333333333 0.05625 0.03125
0 0.85 0.5364583333333334 0.0203125 0.10416666666666667
2 0.74609375 0.5479166666666667 0.140625 0.09583333333333334
1 0.9609375 0.60625 0.078125 0.19166666666666668
1 0.56875 0.546875 0.03125 0.11458333333333333
1 0.0478125 0.520625 0.035625000000000004 0.07622916666666667
