6 0.28125 0.5802083333333333 0.1046875 0.32708333333333334
6 0.48828125 0.5770833333333333 0.0671875 0.25833333333333336
6 0.72890625 0.2520833333333333 0.046875 0.10625
6 0.69140625 0.2760416666666667 0.0703125 0.11041666666666666
2 0.85434375 0.5787916666666667 0.033703125 0.13675
6 0.6109375 0.5666666666666667 0.025 0.07291666666666667
2 0.82421875 0.5812083333333333 0.0375 0.1415833333333333
2 0.58515625 0.565625 0.0125 0.052083333333333336
2 0.77634375 0.5949791666666666 0.036375000000000005 0.1210625
6 0.225 0.5677083333333334 0.0609375 0.13125
6 0.5984375 0.5697916666666667 0.0140625 0.06458333333333334
1 0.5109375 0.5854166666666667 0.1109375 0.09791666666666667