2 0.9099375000000001 0.5388551401869158 0.030828125 0.12212616822429907
6 0.83515625 0.5093457943925234 0.0203125 0.08644859813084112
2 0.935375 0.5124299065420561 0.019171874999999998 0.09259345794392523
6 0.86328125 0.5210280373831776 0.015625 0.07476635514018691
6 0.88984375 0.5210280373831776 0.015625 0.07476635514018691
6 0.22265625 0.6950934579439252 0.121875 0.20794392523364486
2 0.9671875 0.49883177570093457 0.0171875 0.053738317757009345
2 0.61640625 0.6448598130841121 0.2421875 0.37850467289719625
1 0.24375 0.5981308411214953 0.475 0.32242990654205606
1 0.4328125 0.5712616822429907 0.25 0.18457943925233644
1 0.69375 0.5362149532710281 0.0890625 0.08878504672897196
1 0.76484375 0.5116822429906542 0.0796875 0.07009345794392523
7 0.50703125 0.5327102803738317 0.2046875 0.14953271028037382
1 0.04765625 0.477803738317757 0.0953125 0.10981308411214953
1 0.78828125 0.5011682242990654 0.0609375 0.0630841121495327
1 0.72578125 0.514018691588785 0.096875 0.08644859813084112
1 0.6734375 0.5584112149532711 0.0546875 0.07476635514018691
7 0.24375 0.5957943925233645 0.4765625 0.32242990654205606