2 0.922 0.5613333333333334 0.154 0.36533333333333334
6 0.139 0.608 0.156 0.672
2 0.44745999999999997 0.45976 0.05292 0.19418666666666665
2 0.25294 0.44034666666666666 0.0299 0.09933333333333333
6 0.397 0.436 0.024 0.06666666666666667
6 0.361 0.432 0.014 0.04
6 0.23 0.42533333333333334 0.018 0.050666666666666665
6 0.283 0.42533333333333334 0.014 0.034666666666666665
6 0.476 0.44 0.018 0.06933333333333333
2 0.805 0.5773333333333334 0.174 0.44533333333333336
1 0.321 0.436 0.072 0.042666666666666665
1 0.398 0.4266666666666667 0.052 0.048
1 0.554 0.44266666666666665 0.084 0.056