0 0.23076923076923078 0.3849462365591398 0.24216524216524216 0.524731182795699
0 0.04843304843304843 0.210752688172043 0.09686609686609686 0.3118279569892473
0 0.29772079772079774 0.13763440860215054 0.10826210826210826 0.14408602150537633
0 0.08547008547008547 0.12150537634408602 0.05128205128205128 0.07956989247311828
0 0.18376068376068377 0.14516129032258066 0.07407407407407407 0.13763440860215054
0 0.33760683760683763 0.13440860215053763 0.042735042735042736 0.07311827956989247
0 0.22364672364672364 0.14623655913978495 0.05413105413105413 0.10967741935483871
6 0.5085470085470085 0.4204301075268817 0.3475783475783476 0.810752688172043
2 0.9558404558404558 0.24731182795698925 0.08547008547008547 0.22580645161290322
7 0.9487179487179487 0.11827956989247312 0.10256410256410256 0.12473118279569892
2 0.8333333333333334 0.2010752688172043 0.21937321937321938 0.17419354838709677
