6 0.354 0.7053333333333334 0.06 0.17066666666666666
6 0.727 0.7466666666666667 0.074 0.17866666666666667
6 0.565 0.728 0.058 0.18133333333333335
6 0.634 0.7146666666666667 0.048 0.16266666666666665
2 0.474 0.7753066666666667 0.056 0.21728
6 0.979 0.8173333333333334 0.042 0.17066666666666666
6 0.835 0.74 0.056 0.16
6 0.93 0.6813333333333333 0.044 0.15733333333333333
6 0.401 0.7053333333333334 0.046 0.136
6 0.016 0.6906666666666667 0.032 0.16
6 0.862 0.712 0.038 0.16
6 0.962 0.6666666666666666 0.03 0.14666666666666667
6 0.431 0.696 0.042 0.136
6 0.591 0.6493333333333333 0.03 0.144
6 0.701 0.7213333333333334 0.032 0.16533333333333333
6 0.107 0.608 0.03 0.12
0 0.407 0.512 0.408 0.23733333333333334
1 0.168 0.9253333333333333 0.334 0.14933333333333335
1 0.856 0.6106666666666667 0.108 0.064
1 0.654 0.9906666666666667 0.228 0.016
6 0.05368 0.5894666666666667 0.02106 0.08141333333333334
6 0.08578 0.5122933333333334 0.0179 0.06176
6 0.15158000000000002 0.5649066666666667 0.01684 0.09402666666666666
6 0.39158 0.6729866666666667 0.03368 0.15578666666666668
6 0.75948 0.6084266666666667 0.03052 0.11648
6 0.84382 0.5630933333333333 0.0146 0.028106666666666665
6 0.9008400000000001 0.5774933333333333 0.02486 0.03818666666666667
6 0.97594 0.60776 0.02486 0.09727999999999999
6 0.79046 0.6622133333333333 0.0515 0.13213333333333332
6 0.82636 0.6393333333333333 0.031219999999999998 0.06762666666666667
6 0.89618 0.67368 0.04448 0.14877333333333334