2 0.94296875 0.7096018735362998 0.1125 0.2997658079625293
2 0.31640625 0.617096018735363 0.040625 0.03981264637002342
2 0.746875 0.6206088992974239 0.0546875 0.07962529274004684
2 0.76796875 0.6358313817330211 0.0546875 0.09836065573770492
4 0.53203125 0.5679156908665105 0.378125 0.3231850117096019
0 0.15546875 0.6206088992974239 0.0171875 0.07728337236533958
0 0.2125 0.7166276346604216 0.1234375 0.3864168618266979
0 0.05234375 0.7283372365339579 0.0984375 0.5433255269320844
0 0.10625 0.7037470725995316 0.0609375 0.3864168618266979
0 0.13671875 0.6510538641686182 0.0234375 0.1592505854800937
2 0.853125 0.639344262295082 0.178125 0.17096018735362997
1 0.52421875 0.7201405152224825 0.1390625 0.47540983606557374
1 0.859375 0.7072599531615925 0.1828125 0.5011709601873536
1 0.4125 0.6850117096018735 0.06875 0.29508196721311475
2 0.25048828125 0.6026785714285714 0.0191650390625 0.020834858021077284
0 0.1646728515625 0.6564695550351288 0.0260009765625 0.13795374707259953
