4 0.3875 0.4074074074074074 0.384375 0.37530864197530867
1 0.11796875 0.6753086419753086 0.1609375 0.5925925925925926
0 0.77890625 0.48148148148148145 0.0375 0.13333333333333333
1 0.189453125 0.5290617283950617 0.05078125 0.24330864197530866
0 0.865625 0.49382716049382713 0.0359375 0.1308641975308642
0 0.91640625 0.4962962962962963 0.0390625 0.13333333333333333
1 0.484 0.5746419753086419 0.130484375 0.4060740740740741
0 0.84453125 0.47530864197530864 0.0296875 0.1111111111111111
1 0.055984374999999996 0.5862222222222222 0.07396875 0.41686419753086423
0 0.69609375 0.454320987654321 0.021875 0.10864197530864197
0 0.9828125 0.48148148148148145 0.0234375 0.12098765432098765
0 0.828125 0.4691358024691358 0.021875 0.10864197530864197
0 0.99375 0.47901234567901235 0.0109375 0.1111111111111111
1 0.5328125 0.6876543209876543 0.1953125 0.6197530864197531
1 0.37421875 0.645679012345679 0.10625 0.49876543209876545
2 0.98046875 0.5962962962962963 0.0390625 0.1308641975308642
2 0.5859375 0.49135802469135803 0.0265625 0.14814814814814814
4 0.07734375 0.3950617283950617 0.1546875 0.18271604938271604
0 0.68125 0.4308641975308642 0.015625 0.0345679012345679
