0 0.384 0.8368580060422961 0.116 0.32628398791540786
0 0.215 0.8534743202416919 0.084 0.2930513595166163
0 0.312 0.6601208459214502 0.046 0.2054380664652568
1 0.679 0.5283987915407855 0.038 0.12628398791540785
1 0.477 0.5392749244712991 0.026 0.11178247734138973
1 0.504 0.5302114803625377 0.026 0.10876132930513595
1 0.571 0.5151057401812689 0.026 0.11178247734138973
1 0.52612 0.5642900302114804 0.07458 0.1436858006042296
1 0.431 0.5287009063444109 0.036 0.11178247734138973
1 0.465 0.47583081570996977 0.024 0.07250755287009064
2 0.908 0.6903323262839879 0.184 0.24773413897280966
2 0.854 0.5287009063444109 0.1 0.10574018126888217
3 0.129 0.6857099697885196 0.19 0.25395770392749245
2 0.359 0.5558912386706949 0.106 0.10574018126888217
2 0.93 0.5755287009063444 0.14 0.07854984894259819
2 0.649 0.48338368580060426 0.052 0.05740181268882175
1 0.35906 0.5758308157099697 0.07654000000000001 0.1381570996978852
3 0.5416599999999999 0.4724773413897281 0.02918 0.07193353474320241
1 0.39668000000000003 0.46873111782477345 0.01838 0.06634441087613294
1 0.72884 0.5158912386706949 0.03602 0.10027190332326283
1 0.70352 0.49613293051359514 0.023719999999999998 0.07583081570996979
1 0.7709199999999999 0.49821752265861025 0.04684000000000001 0.08501510574018127
