6 0.378125 0.32669789227166274 0.140625 0.40046838407494145
2 0.067703125 0.4687822014051522 0.135421875 0.33800936768149886
6 0.8765625 0.42505854800936765 0.0546875 0.25526932084309134
6 0.82421875 0.42505854800936765 0.0515625 0.25995316159250587
6 0.934375 0.38173302107728335 0.040625 0.1686182669789227
6 0.71328125 0.34543325526932084 0.03125 0.09836065573770492
6 0.97890625 0.38173302107728335 0.0375 0.16627634660421545
6 0.20625 0.32669789227166274 0.025 0.0702576112412178
6 0.84609375 0.32786885245901637 0.0390625 0.0936768149882904
6 0.24140625 0.32669789227166274 0.0484375 0.06088992974238876
6 0.61796875 0.3430913348946136 0.0453125 0.13817330210772832
6 0.184375 0.30679156908665106 0.0234375 0.053864168618266976
6 0.5953125 0.3864168618266979 0.0453125 0.17330210772833723
6 0.1640625 0.3700234192037471 0.0328125 0.14988290398126464
2 0.1421875 0.4297423887587822 0.1125 0.33489461358313816
5 0.678390625 0.4918266978922716 0.343234375 0.4097892271662763
0 0.640625 0.2505854800936768 0.075 0.18032786885245902