0 0.31484375 0.7333333333333333 0.25 0.3298245614035088
0 0.4921875 0.27017543859649124 0.04375 0.26666666666666666
0 0.340625 0.24912280701754386 0.0515625 0.3263157894736842
0 0.3046875 0.2631578947368421 0.0390625 0.2982456140350877
0 0.80546875 0.2912280701754386 0.021875 0.14736842105263157
0 0.12421875 0.2824561403508772 0.0234375 0.18947368421052632
0 0.83125 0.2964912280701754 0.01875 0.14035087719298245
1 0.63353125 0.3045614035087719 0.062406249999999996 0.14596491228070177
0 0.09921875 0.27017543859649124 0.028125 0.2
0 0.5421875 0.2912280701754386 0.0140625 0.10877192982456141
0 0.51171875 0.3017543859649123 0.015625 0.09824561403508772
0 0.575 0.2912280701754386 0.015625 0.07017543859649122
0 0.609375 0.28771929824561404 0.0171875 0.08070175438596491
