2 0.8625 0.6509433962264151 0.046875 0.049528301886792456
4 0.44609375 0.5625 0.5609375 0.8514150943396226
0 0.078125 0.625 0.009375 0.04245283018867924
0 0.3484375 0.5613207547169812 0.028125 0.0589622641509434
0 0.37890625 0.5636792452830188 0.0390625 0.06839622641509434
0 0.41796875 0.5625 0.034375 0.06367924528301887
0 0.47890625 0.5648584905660378 0.05625 0.08018867924528301
0 0.12578125 0.6167452830188679 0.01875 0.04481132075471698
0 0.1046875 0.6143867924528302 0.009375 0.03537735849056604
0 0.0078125 0.6462264150943396 0.015625 0.10849056603773585
0 0.975 0.6155660377358491 0.025 0.03537735849056604
0 0.80234375 0.6202830188679245 0.015625 0.030660377358490566
2 0.8765625 0.6179245283018868 0.0296875 0.03537735849056604
0 0.77890625 0.6238207547169812 0.0125 0.025943396226415096
0 0.0125 0.6497641509433962 0.0140625 0.09669811320754718
5 0.93515625 0.7334905660377359 0.1296875 0.29245283018867924
0 0.9140625 0.6120283018867925 0.0109375 0.018867924528301886
5 0.83125 0.6096698113207547 0.0375 0.03537735849056604
5 0.7421875 0.5931603773584906 0.0625 0.09198113207547169
