6 0.184 0.6586666666666666 0.368 0.6826666666666666
6 0.673 0.6986666666666667 0.212 0.592
2 0.396 0.6566133333333333 0.38292000000000004 0.5718933333333334
6 0.941 0.512 0.118 0.4
6 0.62 0.476 0.104 0.3626666666666667
6 0.101 0.37866666666666665 0.116 0.20533333333333334
6 0.4 0.352 0.132 0.184
6 0.259 0.424 0.11 0.24266666666666667
6 0.309 0.32666666666666666 0.08 0.11733333333333333
6 0.543 0.408 0.06 0.11466666666666667
6 0.216 0.324 0.064 0.136
6 0.006 0.47733333333333333 0.012 0.17866666666666667
6 0.564 0.468 0.062 0.18933333333333333