2 0.778 0.6586666666666666 0.192 0.17866666666666667
2 0.586 0.6293333333333333 0.12 0.13333333333333333
3 0.495 0.8266666666666667 0.12 0.31733333333333336
3 0.659 0.688 0.102 0.21333333333333335
2 0.528 0.592 0.042 0.05333333333333334
0 0.472 0.5946666666666667 0.036 0.112
0 0.816 0.5746666666666667 0.014 0.037333333333333336
0 0.832 0.584 0.02 0.056
2 0.424 0.5853333333333334 0.018 0.058666666666666666
2 0.396 0.5906666666666667 0.008 0.034666666666666665
3 0.15 0.6333333333333333 0.036 0.09066666666666667
0 0.787 0.608 0.018 0.029333333333333333
1 0.29 0.712 0.098 0.32266666666666666
1 0.1 0.6013333333333334 0.036 0.11733333333333333
1 0.08 0.588 0.022 0.07733333333333334
1 0.058 0.584 0.024 0.06133333333333333
