1 0.95234375 0.4847775175644028 0.0953125 0.2224824355971897
6 0.31875 0.42505854800936765 0.01875 0.05620608899297424
6 0.6140625 0.40866510538641687 0.0171875 0.0351288056206089
2 0.4640625 0.47423887587822017 0.1140625 0.5128805620608899
1 0.21796875 0.42505854800936765 0.034375 0.03747072599531616
1 0.3703125 0.4274004683840749 0.053125 0.06557377049180328
1 0.2609375 0.4274004683840749 0.03125 0.03278688524590164
1 0.29296875 0.4274004683840749 0.0265625 0.03747072599531616
1 0.1921875 0.41451990632318503 0.0375 0.053864168618266976
1 0.33984375 0.42505854800936765 0.028125 0.0585480093676815
1 0.2828125 0.4274004683840749 0.015625 0.03747072599531616
7 0.53046875 0.42271662763466045 0.08125 0.08430913348946135
6 0.591515625 0.40299765807962534 0.018796874999999998 0.034426229508196717