0 0.32421875 0.6072916666666667 0.2546875 0.7854166666666667
0 0.5890625 0.48854166666666665 0.0109375 0.03333333333333333
0 0.60859375 0.4875 0.0125 0.03125
0 0.79296875 0.5166666666666667 0.021875 0.075
0 0.96640625 0.54375 0.0359375 0.11458333333333333
0 0.6625 0.5 0.0171875 0.06458333333333334
0 0.71484375 0.5041666666666667 0.01875 0.052083333333333336
0 0.70859375 0.484375 0.0078125 0.025
0 0.8359375 0.5166666666666667 0.0234375 0.08333333333333333
0 0.6453125 0.5291666666666667 0.0234375 0.1375
0 0.75859375 0.5145833333333333 0.0140625 0.07708333333333334
2 0.4609375 0.48541666666666666 0.0796875 0.04791666666666667
0 0.9375 0.5072916666666667 0.021875 0.05625
1 0.60859375 0.48854166666666665 0.0125 0.03333333333333333
1 0.69765625 0.5083333333333333 0.021875 0.08125
1 0.88515625 0.540625 0.05 0.14791666666666667
1 0.6796875 0.5145833333333333 0.021875 0.09375
