0 0.0265625 0.7769953051643192 0.053125 0.3474178403755869
0 0.13046875 0.6302816901408451 0.06875 0.2676056338028169
0 0.0203125 0.5575117370892019 0.040625 0.20892018779342722
0 0.0703125 0.5692488262910798 0.034375 0.13380281690140844
1 0.41518750000000004 0.6159154929577465 0.05695312500000001 0.13044600938967135
0 0.7953125 0.5223004694835681 0.0234375 0.10093896713615023
0 0.21796875 0.5645539906103286 0.028125 0.11737089201877934
0 0.85546875 0.5140845070422535 0.0265625 0.09624413145539906
0 0.44609375 0.539906103286385 0.021875 0.10328638497652583
0 0.99296875 0.7511737089201878 0.0140625 0.13380281690140844
0 0.83359375 0.5152582159624414 0.025 0.09624413145539906
0 0.93203125 0.48826291079812206 0.025 0.05868544600938967
0 0.26953125 0.5539906103286385 0.025 0.09624413145539906
0 0.16875 0.562206572769953 0.0296875 0.11032863849765258
0 0.20703125 0.5598591549295775 0.0140625 0.06807511737089202
0 0.0421875 0.5610328638497653 0.015625 0.107981220657277
0 0.15859375 0.6185446009389671 0.034375 0.22535211267605634
