7 0.259375 0.91875 0.125 0.06875
0 0.51640625 0.946875 0.046875 0.10625
0 0.26953125 0.9479166666666666 0.028125 0.10416666666666667
0 0.86015625 0.9270833333333334 0.0234375 0.08125
0 0.68828125 0.934375 0.0328125 0.12916666666666668
0 0.63515625 0.890625 0.0109375 0.04375
0 0.88046875 0.928125 0.021875 0.075
1 0.11089062499999999 0.9335 0.069015625 0.09616666666666666
0 0.5375 0.890625 0.015625 0.05
0 0.5609375 0.884375 0.0125 0.04583333333333333
0 0.73984375 0.884375 0.0140625 0.029166666666666667
0 0.50078125 0.8875 0.0171875 0.04791666666666667
2 0.72734375 0.9208333333333333 0.140625 0.06666666666666667
7 0.04609375 0.928125 0.090625 0.08333333333333333
2 0.325 0.890625 0.040625 0.0375
2 0.215625 0.890625 0.0421875 0.035416666666666666
2 0.28125 0.88125 0.053125 0.041666666666666664
4 0.4546875 0.8625 0.05 0.07083333333333333
2 0.01640625 0.9885416666666667 0.0328125 0.022916666666666665
2 0.33515625 0.8708333333333333 0.0484375 0.03333333333333333
