2 0.73515625 0.5342857142857143 0.1640625 0.3028571428571429
2 0.375375 0.5112 0.08204687499999999 0.13779999999999998
0 0.2203125 0.5085714285714286 0.015625 0.08571428571428572
2 0.24140625 0.5114285714285715 0.0296875 0.09142857142857143
5 0.459375 0.5185714285714286 0.128125 0.17714285714285713
0 0.41484375 0.4785714285714286 0.0125 0.06571428571428571
1 0.14375 0.52 0.0421875 0.12285714285714286
1 0.171875 0.5285714285714286 0.028125 0.10285714285714286
1 0.2203125 0.5185714285714286 0.015625 0.10857142857142857
2 0.36171875 0.4685714285714286 0.053125 0.045714285714285714
1 0.198640625 0.5233714285714286 0.026765624999999998 0.12157142857142857
