0 0.2796875 0.459375 0.0140625 0.06666666666666667
0 0.25078125 0.528125 0.0734375 0.2833333333333333
0 0.16484375 0.61875 0.0890625 0.45
0 0.03671875 0.6125 0.0734375 0.45
0 0.06796875 0.5395833333333333 0.040625 0.14791666666666667
0 0.2984375 0.4583333333333333 0.021875 0.07291666666666667
0 0.315625 0.4552083333333333 0.0109375 0.03958333333333333
0 0.20546875 0.496875 0.040625 0.03333333333333333
0 0.115625 0.43645833333333334 0.0265625 0.05416666666666667
1 0.73125 0.4979166666666667 0.0546875 0.06875
