6 0.76875 0.42171189979123175 0.3015625 0.5991649269311065
6 0.9171875 0.6346555323590815 0.025 0.07306889352818371
6 0.15703125 0.6565762004175365 0.015625 0.05636743215031315
6 0.1359375 0.7014613778705637 0.0265625 0.03549060542797495
6 0.05625 0.6607515657620042 0.0171875 0.05219206680584551
6 0.09375 0.6607515657620042 0.0203125 0.054279749478079335
6 0.11484375 0.6638830897703549 0.0296875 0.05636743215031315
6 0.46875 0.6711899791231732 0.0140625 0.03549060542797495
6 0.01875 0.6638830897703549 0.01875 0.04592901878914405
6 0.41875 0.6555323590814196 0.0109375 0.03549060542797495
6 0.22109375 0.6649269311064718 0.0140625 0.029227557411273485
6 0.45546875 0.6555323590814196 0.015625 0.04801670146137787
6 0.45625 0.6419624217118998 0.0125 0.020876826722338204
6 0.490625 0.6722338204592901 0.0125 0.03549060542797495
6 0.43046875 0.6565762004175365 0.015625 0.033402922755741124