0 0.416 0.8368263473053892 0.09 0.27844311377245506
0 0.842 0.8353293413173652 0.058 0.281437125748503
0 0.618 0.7964071856287425 0.046 0.19161676646706588
0 0.69 0.7799401197604791 0.04 0.18862275449101795
0 0.499 0.8697604790419161 0.066 0.16467065868263472
0 0.777 0.8832335329341318 0.096 0.11976047904191617
0 0.643 0.7964071856287425 0.024 0.15568862275449102
0 0.951 0.7844311377245509 0.038 0.15868263473053892
0 0.514 0.5299401197604791 0.052 0.09880239520958084
0 0.562 0.7979041916167665 0.046 0.20059880239520958
0 0.508 0.7679640718562875 0.046 0.1317365269461078
0 0.798 0.75 0.034 0.059880239520958084
0 0.741 0.8188622754491018 0.038 0.08982035928143713
4 0.321 0.7035928143712575 0.606 0.44610778443113774
7 0.761 0.7724550898203593 0.118 0.10778443113772455
