3 0.69609375 0.08854166666666667 0.09375 0.05625
4 0.20625 0.4875 0.4125 0.43125
4 0.59296875 0.2708333333333333 0.8125 0.4166666666666667
0 0.54765625 0.4583333333333333 0.05625 0.13541666666666666
0 0.7171875 0.4739583333333333 0.0671875 0.15
0 0.5578125 0.9552083333333333 0.1078125 0.0875
3 0.3640625 0.034375 0.0828125 0.06666666666666667
0 0.51015625 0.06979166666666667 0.0390625 0.05
0 0.9609375 0.096875 0.053125 0.07916666666666666
0 0.9078125 0.05 0.040625 0.08541666666666667
0 0.69296875 0.07083333333333333 0.0546875 0.08541666666666667
0 0.69375 0.03125 0.0375 0.06041666666666667
0 0.3578125 0.03854166666666667 0.0328125 0.07708333333333334
2 0.759375 0.0125 0.046875 0.022916666666666665
5 0.04765625 0.13333333333333333 0.0953125 0.16666666666666666
0 0.3109375 0.24166666666666667 0.0359375 0.0375
0 0.78203125 0.08958333333333333 0.040625 0.0625
2 0.67890625 0.042708333333333334 0.128125 0.08125
0 0.2046875 0.525 0.015625 0.035416666666666666
3 0.80234375 0.10520833333333333 0.028125 0.035416666666666666
1 0.74921875 0.058333333333333334 0.0734375 0.11666666666666667
