6 0.3796875 0.596875 0.06875 0.27708333333333335
6 0.503125 0.575 0.0890625 0.25833333333333336
6 0.7109375 0.5729166666666666 0.0765625 0.19166666666666668
6 0.02265625 0.6260416666666667 0.0453125 0.25416666666666665
6 0.8578125 0.5541666666666667 0.0703125 0.1875
6 0.11953125 0.6302083333333334 0.09375 0.22083333333333333
6 0.78359375 0.56875 0.0546875 0.19583333333333333
6 0.43125 0.5479166666666667 0.0390625 0.16041666666666668
6 0.60859375 0.58125 0.0484375 0.20625
6 0.19921875 0.5666666666666667 0.0484375 0.125
6 0.6359375 0.571875 0.05625 0.20625
6 0.31875 0.5979166666666667 0.0453125 0.20625
6 0.75078125 0.5416666666666666 0.0421875 0.16041666666666668
6 0.228125 0.5645833333333333 0.0296875 0.11458333333333333
6 0.053125 0.5770833333333333 0.0375 0.12291666666666666
6 0.16015625 0.559375 0.0359375 0.11666666666666667
6 0.675 0.5114583333333333 0.0390625 0.12083333333333333
6 0.9875 0.7041666666666667 0.0234375 0.21666666666666667
6 0.54375 0.5697916666666667 0.0390625 0.15416666666666667
6 0.46484375 0.55 0.0359375 0.13958333333333334
2 0.8646874999999999 0.5483333333333333 0.13 0.18747916666666667