0 0.36484375 0.4322916666666667 0.03125 0.12708333333333333
0 0.39921875 0.42083333333333334 0.040625 0.13333333333333333
0 0.4296875 0.4197916666666667 0.0390625 0.12291666666666666
0 0.2859375 0.45625 0.0484375 0.23541666666666666
0 0.23984375 0.39375 0.025 0.10625
0 0.2671875 0.4270833333333333 0.0328125 0.13958333333333334
0 0.3265625 0.43020833333333336 0.0359375 0.14583333333333334
0 0.6 0.3927083333333333 0.0671875 0.07708333333333334
1 0.103125 0.521875 0.20625 0.49375
1 0.15546875 0.48020833333333335 0.2109375 0.31875
1 0.63203125 0.6604166666666667 0.2765625 0.6770833333333334
1 0.46109375 0.4745625 0.1521875 0.21910416666666668
1 0.82484375 0.5443125 0.0996875 0.31279166666666663
1 0.95234375 0.5465625000000001 0.0953125 0.5214791666666667
1 0.209375 0.44506249999999997 0.134375 0.24822916666666667
1 0.7484375 0.47670833333333335 0.1 0.2682291666666667
