7 0.14921875 0.5619158878504673 0.1296875 0.1705607476635514
2 0.32359375 0.5954439252336449 0.0566875 0.21427570093457943
6 0.23125 0.5292056074766355 0.021875 0.07476635514018691
6 0.440625 0.544392523364486 0.025 0.11448598130841121
6 0.5421875 0.5677570093457944 0.01875 0.13317757009345793
6 0.4703125 0.552570093457944 0.01875 0.10747663551401869
6 0.271875 0.5490654205607477 0.01875 0.10514018691588785
6 0.29453125 0.5397196261682243 0.01875 0.0911214953271028
6 0.0515625 0.5642523364485982 0.040625 0.12850467289719625
6 0.39765625 0.5654205607476636 0.021875 0.10747663551401869
1 0.71796875 0.6740654205607477 0.284375 0.35514018691588783
1 0.18828125 0.5992990654205608 0.1234375 0.12850467289719625
1 0.950015625 0.7558177570093458 0.099828125 0.3481542056074766
7 0.90928125 0.625 0.18125 0.2780373831775701
8 0.1578125 0.47546728971962615 0.140625 0.10747663551401869
1 0.396875 0.5630841121495327 0.0234375 0.102803738317757
1 0.08359375 0.5677570093457944 0.03125 0.11682242990654206
1 0.37890625 0.5665887850467289 0.021875 0.07009345794392523
8 0.690171875 0.519018691588785 0.208703125 0.13616822429906542
1 0.962296875 0.6409112149532711 0.07540625 0.1275233644859813