3 0.442578125 0.6021926910299003 0.05546875 0.1511295681063123
0 0.26953125 0.579734219269103 0.0171875 0.08970099667774087
0 0.13203125 0.5780730897009967 0.01875 0.09634551495016612
0 0.178125 0.5813953488372093 0.01875 0.09966777408637874
3 0.8203125 0.6129568106312292 0.04375 0.18272425249169436
0 0.2046875 0.5830564784053156 0.0171875 0.08305647840531562
0 0.15 0.5780730897009967 0.0140625 0.08305647840531562
1 0.68671875 0.6262458471760798 0.065625 0.3122923588039867
4 0.040625 0.4900332225913621 0.08125 0.2724252491694352
2 0.0609375 0.717607973421927 0.121875 0.3023255813953488
3 0.494921875 0.6088372093023255 0.04609375 0.17767441860465116
2 0.830140625 0.596046511627907 0.08503125 0.09571428571428571
3 0.36953125 0.6163122923588039 0.0828125 0.22584717607973423
2 0.63125 0.627906976744186 0.1875 0.19933554817275748
3 0.750390625 0.5839202657807309 0.03203125 0.1112624584717608
5 0.1 0.5614617940199336 0.0453125 0.14950166112956811
4 0.09921875 0.5581395348837209 0.0453125 0.14285714285714285
2 0.9453125 0.6112956810631229 0.109375 0.18272425249169436
