2 0.81015625 0.41458333333333336 0.3796875 0.63125
2 0.246875 0.23541666666666666 0.209375 0.19375
2 0.69765625 0.04375 0.046875 0.03125
2 0.65859375 0.06354166666666666 0.0578125 0.035416666666666666
2 0.8828125 0.028125 0.0359375 0.027083333333333334
2 0.5421875 0.06875 0.03125 0.027083333333333334
2 0.1390625 0.08020833333333334 0.040625 0.03125
5 0.06484375 0.11979166666666667 0.1265625 0.22083333333333333
0 0.096875 0.08854166666666667 0.0125 0.035416666666666666
2 0.840625 0.021875 0.05 0.027083333333333334
2 0.1 0.08020833333333334 0.025 0.01875
0 0.40078125 0.15416666666666667 0.0609375 0.1875
0 0.29453125 0.34375 0.0484375 0.23958333333333334
0 0.2859375 0.13229166666666667 0.028125 0.08958333333333333
0 0.55390625 0.3572916666666667 0.2375 0.6958333333333333
1 0.5109375 0.5447916666666667 0.4140625 0.9104166666666667
