0 0.917 0.4050445103857567 0.022 0.08605341246290801
0 0.874 0.41097922848664686 0.022 0.10385756676557864
3 0.54386 0.46863501483679526 0.05374 0.18059347181008903
0 0.506 0.413946587537092 0.026 0.0830860534124629
0 0.848 0.3961424332344214 0.024 0.06231454005934718
0 0.597 0.413946587537092 0.028 0.05934718100890208
0 0.706 0.38427299703264095 0.024 0.04747774480712166
1 0.258 0.5311572700296736 0.13 0.5311572700296736
1 0.458 0.5207715133531158 0.094 0.3827893175074184
1 0.351 0.5044510385756676 0.09 0.456973293768546
3 0.765 0.5400593471810089 0.13 0.456973293768546
3 0.66006 0.5057566765578635 0.08586 0.3208011869436202
3 0.5734600000000001 0.4910089020771513 0.06494 0.24050445103857565
2 0.027 0.40801186943620177 0.054 0.06824925816023739
2 0.436 0.37833827893175076 0.04 0.03560830860534125
