3 0.25234375 0.8838630806845966 0.1265625 0.22493887530562348
0 0.48046875 0.7506112469437652 0.3203125 0.4669926650366748
7 0.82265625 0.7481662591687042 0.1296875 0.24449877750611246
3 0.4796875 0.902200488997555 0.1625 0.19559902200489
2 0.822140625 0.9138141809290954 0.045828125 0.17237163814180928
6 0.4796875 0.9584352078239609 0.0546875 0.08068459657701711
6 0.97734375 0.9633251833740831 0.04375 0.07334963325183375
6 0.98515625 0.8777506112469438 0.028125 0.10268948655256724
6 0.33671875 0.9779951100244498 0.04375 0.044009779951100246
6 0.25234375 0.9669926650366748 0.0515625 0.06601466992665037
6 0.9953125 0.9242053789731052 0.009375 0.061124694376528114
6 0.309375 0.7212713936430318 0.028125 0.06356968215158924
0 0.75703125 0.6246943765281173 0.1796875 0.3471882640586797
0 0.478125 0.43276283618581907 0.1171875 0.18092909535452323
0 0.3921875 0.4682151589242054 0.1 0.15403422982885084
0 0.096875 0.7628361858190709 0.1921875 0.45965770171149145
0 0.5421875 0.41442542787286063 0.08125 0.17603911980440098
0 0.834375 0.5794621026894865 0.11875 0.2982885085574572
1 0.3609375 0.9657701711491442 0.153125 0.06601466992665037
0 0.70078125 0.4290953545232274 0.1 0.08068459657701711
0 0.60703125 0.6723716381418093 0.196875 0.41075794621026895
0 0.88671875 0.5048899755501223 0.0984375 0.24938875305623473
1 0.67421875 0.9462102689486552 0.159375 0.10268948655256724
0 0.840625 0.3215158924205379 0.0796875 0.1198044009779951
1 0.7265625 0.9156479217603912 0.1265625 0.16136919315403422
1 0.69296875 0.9083129584352079 0.125 0.08801955990220049
0 0.9140625 0.4352078239608802 0.0921875 0.1466992665036675
0 0.71953125 0.3899755501222494 0.09375 0.11735941320293398
0 0.146875 0.6075794621026895 0.1296875 0.1687041564792176
1 0.77890625 0.4070904645476773 0.0390625 0.04645476772616137
3 0.82265625 0.7493887530562348 0.1296875 0.24449877750611246
6 0.325125 0.4500977995110024 0.019015625 0.06638141809290954
6 0.25871875 0.5016381418092909 0.021609375 0.04887530562347188
6 0.24375 0.5156968215158924 0.022921875 0.04114914425427872
2 0.9112031249999999 0.9019070904645476 0.036984375 0.19132029339853301