6 0.6735159817351598 0.12215909090909091 0.0502283105022831 0.17045454545454544
6 0.4600456621004566 0.125 0.0502283105022831 0.1590909090909091
6 0.7545662100456622 0.10653409090909091 0.05707762557077625 0.16477272727272727
6 0.6289954337899544 0.12642045454545456 0.045662100456621 0.16193181818181818
6 0.2968036529680365 0.09943181818181818 0.04337899543378995 0.13920454545454544
6 0.593607305936073 0.11789772727272728 0.045662100456621 0.16477272727272727
6 0.4977168949771689 0.13352272727272727 0.03881278538812785 0.13352272727272727
6 0.4166666666666667 0.11363636363636363 0.0502283105022831 0.15625
6 0.23515981735159816 0.09232954545454546 0.04337899543378995 0.13920454545454544
6 0.1963470319634703 0.09232954545454546 0.04794520547945205 0.13636363636363635
6 0.3481735159817352 0.06534090909090909 0.045662100456621 0.07670454545454546
6 0.7842465753424658 0.10511363636363637 0.0365296803652968 0.16193181818181818
6 0.571917808219178 0.10227272727272728 0.0273972602739726 0.14488636363636365
4 0.1815068493150685 0.4190340909090909 0.3607305936073059 0.8323863636363636
4 0.8902511415525114 0.5007102272727273 0.2146118721461187 0.9985795454545454