0 0.092 0.5780780780780781 0.038 0.16516516516516516
0 0.283 0.5915915915915916 0.046 0.15315315315315314
0 0.017 0.5675675675675675 0.016 0.08108108108108109
0 0.422 0.566066066066066 0.024 0.10510510510510511
0 0.339 0.566066066066066 0.04 0.11711711711711711
0 0.133 0.5855855855855856 0.046 0.13213213213213212
0 0.254 0.5690690690690691 0.022 0.09309309309309309
0 0.402 0.5435435435435435 0.024 0.0960960960960961
1 0.377 0.6171171171171171 0.094 0.1981981981981982
1 0.795 0.6156156156156156 0.09 0.2012012012012012
1 0.715 0.6171171171171171 0.072 0.21921921921921922
1 0.907 0.6081081081081081 0.126 0.1891891891891892
0 0.22694 0.5367867867867868 0.01572 0.030690690690690692
