1 0.68203125 0.7712264150943396 0.03125 0.15566037735849056
0 0.4828125 0.7110849056603774 0.01875 0.0589622641509434
0 0.4390625 0.7299528301886793 0.025 0.09905660377358491
0 0.4234375 0.7087264150943396 0.0109375 0.0589622641509434
0 0.4875 0.6863207547169812 0.009375 0.030660377358490566
1 0.46953125 0.7641509433962265 0.0296875 0.15566037735849056
1 0.3984375 0.7676886792452831 0.034375 0.14622641509433962
1 0.77421875 0.7983490566037735 0.0734375 0.21933962264150944
1 0.59075 0.8619575471698114 0.07109375 0.2713679245283019
1 0.708203125 0.8446698113207547 0.080984375 0.3059433962264151
1 0.531765625 0.7845283018867925 0.044796875 0.19507075471698113
1 0.8463593749999999 0.8784669811320756 0.161453125 0.23837264150943394
1 0.9502656249999999 0.8491037735849056 0.096359375 0.2980424528301887
1 0.440109375 0.7363679245283019 0.026046875000000004 0.0925
