0 0.8828125 0.553125 0.0515625 0.24791666666666667
0 0.790625 0.7041666666666667 0.1515625 0.5645833333333333
0 0.45078125 0.7354166666666667 0.371875 0.5041666666666667
0 0.1578125 0.71875 0.2875 0.5083333333333333
0 0.196875 0.53125 0.2125 0.20416666666666666
0 0.4734375 0.5354166666666667 0.078125 0.24583333333333332
0 0.64765625 0.559375 0.0671875 0.26666666666666666
0 0.5640625 0.5479166666666667 0.0453125 0.25833333333333336
0 0.9328125 0.521875 0.0546875 0.12291666666666666
0 0.5203125 0.4635416666666667 0.0140625 0.04375
0 0.68046875 0.475 0.034375 0.10416666666666667
2 0.08359375 0.8708333333333333 0.1671875 0.23541666666666666
0 0.71875 0.49375 0.0265625 0.13125
0 0.38125 0.47708333333333336 0.0984375 0.08541666666666667
0 0.49921875 0.6625 0.9984375 0.6708333333333333
