8 0.9796875 0.9260416666666667 0.0390625 0.052083333333333336
6 0.1453125 0.8760416666666667 0.0140625 0.04375
6 0.7609375 0.9489583333333333 0.0125 0.0375
6 0.74609375 0.946875 0.009375 0.03958333333333333
6 0.12109375 0.8677083333333333 0.0109375 0.03125
6 0.80859375 0.94375 0.009375 0.029166666666666667
6 0.79140625 0.9354166666666667 0.0078125 0.025
6 0.8859375 0.965625 0.0171875 0.05416666666666667
6 0.209375 0.8802083333333334 0.0078125 0.016666666666666666
6 0.62109375 0.9197916666666667 0.0078125 0.020833333333333332
6 0.4078125 0.8947916666666667 0.0078125 0.022916666666666665
6 0.82109375 0.940625 0.00625 0.025
1 0.90703125 0.959375 0.0328125 0.05
1 0.94453125 0.9614583333333333 0.05625 0.05625
1 0.97578125 0.9614583333333333 0.046875 0.06458333333333334