6 0.5828125 0.76875 0.0515625 0.13958333333333334
6 0.73359375 0.7947916666666667 0.0515625 0.09791666666666667
6 0.7796875 0.8104166666666667 0.0609375 0.08541666666666667
6 0.40703125 0.646875 0.01875 0.05
6 0.40625 0.746875 0.0359375 0.06666666666666667
6 0.959375 0.6510416666666666 0.015625 0.022916666666666665
6 0.38515625 0.5947916666666667 0.0171875 0.041666666666666664
6 0.9265625 0.628125 0.0203125 0.01875
6 0.2953125 0.528125 0.0125 0.014583333333333334
6 0.98203125 0.5645833333333333 0.028125 0.029166666666666667
6 0.98828125 0.5625 0.0125 0.027083333333333334
2 0.1390625 0.6739583333333333 0.2140625 0.6041666666666666