0 0.31328125 0.7421052631578947 0.246875 0.3368421052631579
0 0.48984375 0.27017543859649124 0.04375 0.26666666666666666
0 0.30703125 0.2614035087719298 0.04375 0.28771929824561404
0 0.1265625 0.2789473684210526 0.025 0.1824561403508772
0 0.34140625 0.24912280701754386 0.0515625 0.3298245614035088
0 0.80625 0.2929824561403509 0.01875 0.14736842105263157
0 0.09921875 0.2771929824561403 0.025 0.18596491228070175
0 0.6125 0.28596491228070176 0.0125 0.07719298245614035
0 0.5109375 0.2964912280701754 0.015625 0.11228070175438597
0 0.834375 0.29473684210526313 0.021875 0.14385964912280702
0 0.68828125 0.3017543859649123 0.0140625 0.07719298245614035
0 0.5421875 0.28771929824561404 0.0171875 0.10877192982456141
0 0.7375 0.2964912280701754 0.4375 0.11578947368421053
1 0.63359375 0.30350877192982456 0.0609375 0.14035087719298245
