7 0.41484375 0.5270833333333333 0.2203125 0.12291666666666666
6 0.52734375 0.6229166666666667 0.0625 0.19375
6 0.35234375 0.6239583333333333 0.0515625 0.20208333333333334
6 0.40390625 0.615625 0.034375 0.20416666666666666
6 0.17734375 0.446875 0.0125 0.04791666666666667
6 0.16171875 0.446875 0.0109375 0.04791666666666667
6 0.22890625 0.44166666666666665 0.0109375 0.0375
6 0.81640625 0.45729166666666665 0.0171875 0.05
6 0.846875 0.4583333333333333 0.015625 0.075
6 0.83671875 0.4625 0.0140625 0.06041666666666667
1 0.68359375 0.484375 0.1359375 0.058333333333333334
1 0.034375 0.4552083333333333 0.06875 0.05625
6 0.015625 0.6052083333333333 0.0296875 0.0625