2 0.26979166666666665 0.561203125 0.0875 0.18803125
2 0.328125 0.533984375 0.052083333333333336 0.124203125
2 0.43333333333333335 0.511359375 0.04583333333333333 0.09146875
2 0.19791666666666666 0.547953125 0.04375 0.130296875
2 0.3928333333333333 0.513109375 0.041375 0.09496875
6 0.534375 0.5015625 0.035416666666666666 0.0828125
6 0.5041666666666667 0.48828125 0.0375 0.053125
6 0.5552083333333333 0.50390625 0.03125 0.0796875
2 0.221875 0.5478125 0.03125 0.1315625
6 0.465625 0.5 0.027083333333333334 0.0671875
2 0.15 0.59765625 0.11666666666666667 0.2546875
0 0.7083333333333334 0.4765625 0.17916666666666667 0.15625
0 0.8552083333333333 0.4671875 0.13125 0.0890625
0 0.9729166666666667 0.459375 0.052083333333333336 0.0671875
0 0.7072916666666667 0.475 0.17708333333333334 0.15625