6 0.725 0.46252927400468385 0.234375 0.9039812646370023
6 0.94140625 0.6252927400468384 0.1140625 0.468384074941452
6 0.38046875 0.6978922716627635 0.1578125 0.26697892271662765
6 0.54921875 0.522248243559719 0.0890625 0.25526932084309134
6 0.6046875 0.6686182669789227 0.1140625 0.4215456674473068
6 0.1 0.702576112412178 0.05 0.32084309133489464
6 0.05703125 0.6967213114754098 0.0640625 0.3395784543325527
6 0.865625 0.691662763466042 0.0609375 0.37627634660421544
6 0.8234375 0.6451990632318502 0.0765625 0.3629976580796253
6 0.0078125 0.7423887587822015 0.015625 0.2646370023419204
2 0.159375 0.7271662763466042 0.09375 0.41217798594847777