2 0.04296875 0.43020833333333336 0.0859375 0.11666666666666667
0 0.71171875 0.36770833333333336 0.0515625 0.21458333333333332
0 0.5375 0.3541666666666667 0.0421875 0.14166666666666666
0 0.62890625 0.359375 0.0234375 0.13541666666666666
0 0.5078125 0.3072916666666667 0.0078125 0.025
0 0.6359375 0.3375 0.0140625 0.06666666666666667
0 0.484375 0.325 0.00625 0.016666666666666666
0 0.49609375 0.30416666666666664 0.0046875 0.016666666666666666
0 0.6828125 0.340625 0.021875 0.09583333333333334
1 0.96171875 0.35520833333333335 0.0765625 0.16666666666666666
