2 0.07109375 0.4239583333333333 0.1421875 0.15833333333333333
0 0.06953125 0.48020833333333335 0.05625 0.21875
0 0.14375 0.44166666666666665 0.059375 0.0875
0 0.3484375 0.4 0.0453125 0.13125
0 0.325 0.4708333333333333 0.0625 0.16666666666666666
0 0.8640625 0.41354166666666664 0.0375 0.10833333333333334
3 0.8265625 0.44583333333333336 0.0859375 0.06458333333333334
2 0.946875 0.3885416666666667 0.0546875 0.041666666666666664
0 0.2078125 0.35625 0.040625 0.06458333333333334
0 0.82734375 0.4114583333333333 0.0328125 0.06666666666666667
1 0.5359375 0.5239583333333333 0.6703125 0.9520833333333333
1 0.2140625 0.48854166666666665 0.134375 0.23333333333333334
