2 0.45422535211267606 0.5359375 0.035211267605633804 0.068734375
6 0.35563380281690143 0.5453125 0.046948356807511735 0.0890625
6 0.323943661971831 0.5359375 0.03990610328638498 0.1
6 0.29694835680751175 0.5328125 0.028169014084507043 0.0640625
6 0.10328638497652583 0.52109375 0.04460093896713615 0.0453125
6 0.011737089201877934 0.5765625 0.023474178403755867 0.0875
6 0.49178403755868544 0.5109375 0.011737089201877934 0.015625
6 0.4788732394366197 0.51015625 0.011737089201877934 0.015625
2 0.12441314553990611 0.73515625 0.24413145539906103 0.4921875
0 0.8028169014084507 0.48671875 0.392018779342723 0.3328125
1 0.38028169014084506 0.5109375 0.046948356807511735 0.025
0 0.5375586854460094 0.50859375 0.03990610328638498 0.0234375