1 0.16171875 0.5422535211267606 0.3234375 0.19483568075117372
6 0.96328125 0.812206572769953 0.071875 0.06338028169014084
2 0.40625 0.5974178403755869 0.1703125 0.4131455399061033
1 0.71953125 0.5187793427230047 0.121875 0.08450704225352113
7 0.5296875 0.5164319248826291 0.14375 0.13615023474178403
1 0.61953125 0.49413145539906106 0.0515625 0.051643192488262914
1 0.91484375 0.5117370892018779 0.03125 0.028169014084507043
1 0.97109375 0.5093896713615024 0.0234375 0.025821596244131457
1 0.95390625 0.5105633802816901 0.021875 0.025821596244131457
1 0.98046875 0.5093896713615024 0.0140625 0.025821596244131457
1 0.93515625 0.5105633802816901 0.021875 0.028169014084507043