0 0.584375 0.6052083333333333 0.121875 0.61875
0 0.3703125 0.609375 0.065625 0.225
0 0.1375 0.6083333333333333 0.0703125 0.18541666666666667
0 0.790625 0.584375 0.0296875 0.04583333333333333
0 0.95859375 0.609375 0.0234375 0.09375
0 0.93203125 0.615625 0.021875 0.08333333333333333
1 0.22015625 0.6229166666666667 0.081875 0.13122916666666667
1 0.6993750000000001 0.6224791666666667 0.090625 0.1408125
0 0.296875 0.6114583333333333 0.021875 0.08958333333333333
0 0.8328125 0.6135416666666667 0.015625 0.06875
