2 0.81015625 0.5947867298578199 0.184375 0.13270142180094788
2 0.82265625 0.4372037914691943 0.0671875 0.04976303317535545
2 0.94609375 0.4395734597156398 0.1078125 0.03317535545023697
2 0.08359375 0.41232227488151657 0.0328125 0.026066350710900472
2 0.45234375 0.41350710900473936 0.0265625 0.023696682464454975
2 0.4421875 0.40165876777251186 0.0453125 0.026066350710900472
2 0.015625 0.4004739336492891 0.0140625 0.011848341232227487
4 0.38515625 0.5627962085308057 0.3515625 0.2772511848341232
4 0.18515625 0.48578199052132703 0.146875 0.15165876777251186
0 0.35703125 0.6481042654028436 0.03125 0.15639810426540285
2 0.246875 0.3957345971563981 0.0203125 0.02843601895734597
2 0.89296875 0.4372037914691943 0.090625 0.061611374407582936
2 0.36015625 0.3909952606635071 0.015625 0.014218009478672985
2 0.2890625 0.38744075829383884 0.0125 0.014218009478672985
1 0.75859375 0.6729857819905213 0.0890625 0.15876777251184834
