4 0.7041666666666667 0.47578125 0.175 0.15625
4 0.8572916666666667 0.46484375 0.1375 0.0859375
0 0.509375 0.49765625 0.04375 0.06875
4 0.9729166666666667 0.46015625 0.05416666666666667 0.0671875
0 0.42083333333333334 0.475 0.022916666666666665 0.025
1 0.15104166666666666 0.6 0.11458333333333333 0.2546875
1 0.32708333333333334 0.534375 0.041666666666666664 0.1203125
1 0.3729166666666667 0.5109375 0.03125 0.078125
1 0.434375 0.51328125 0.04375 0.0859375
1 0.3927083333333333 0.515625 0.03958333333333333 0.0875
1 0.20833333333333334 0.54765625 0.058333333333333334 0.1328125
1 0.275 0.56015625 0.07916666666666666 0.1890625
