2 0.25546875 0.550351288056206 0.1171875 0.6276346604215457
2 0.08125 0.5562060889929742 0.1625 0.6416861826697893
2 0.775 0.4918032786885246 0.090625 0.32786885245901637
2 0.6640625 0.5175644028103045 0.0984375 0.594847775175644
2 0.85459375 0.4566744730679157 0.07325000000000001 0.26697892271662765
2 0.16484375 0.5058548009367682 0.075 0.49414519906323184
2 0.7875 0.3524590163934426 0.0421875 0.08665105386416862
2 0.71640625 0.4519906323185012 0.046875 0.2927400468384075
2 0.043609375 0.3500468384074941 0.08621875 0.23213114754098363
2 0.49701562499999996 0.33840749414519905 0.0375 0.1053864168618267
2 0.35 0.5585480093676815 0.225 0.8477751756440282
2 0.46015625 0.5433255269320844 0.075 0.45901639344262296
2 0.584375 0.5819672131147541 0.1828125 0.6416861826697893
1 0.424625 0.41395784543325526 0.0220625 0.034449648711943795