2 0.628 0.596401028277635 0.074 0.2416452442159383
6 0.893 0.5848329048843187 0.056 0.2159383033419023
6 0.838 0.577120822622108 0.068 0.26735218508997427
6 0.751 0.5976863753213367 0.07 0.26735218508997427
6 0.939 0.5681233933161953 0.052 0.23393316195372751
6 0.606 0.4910025706940874 0.03 0.07455012853470437
6 0.548 0.5038560411311054 0.03 0.11568123393316196
6 0.781 0.5848329048843187 0.038 0.21079691516709512
6 0.567 0.4974293059125964 0.02 0.10025706940874037
6 0.855 0.4537275064267352 0.022 0.03598971722365039
0 0.264 0.5141388174807198 0.526 0.4524421593830334
1 0.88228 0.5203084832904884 0.20258 0.0997172236503856