0 0.49140625 0.5913348946135831 0.3828125 0.6510538641686182
6 0.1578125 0.7985948477751756 0.0140625 0.05152224824355972
2 0.18203125 0.8091334894613583 0.0125 0.05620608899297424
2 0.2015625 0.8032786885245902 0.0234375 0.06088992974238876
6 0.2453125 0.8185011709601874 0.0125 0.02810304449648712
6 0.109375 0.8220140515222483 0.0140625 0.02810304449648712
6 0.13125 0.8220140515222483 0.0171875 0.03044496487119438
6 0.278125 0.8208430913348946 0.0109375 0.0351288056206089
6 0.0890625 0.810304449648712 0.015625 0.053864168618266976
6 0.2625 0.8091334894613583 0.0125 0.04918032786885246
6 0.2328125 0.8185011709601874 0.0125 0.02810304449648712
6 0.06015625 0.8079625292740047 0.0140625 0.04449648711943794
6 0.16171875 0.8208430913348946 0.025 0.03044496487119438
6 0.02734375 0.810304449648712 0.0125 0.0468384074941452
6 0.1203125 0.8208430913348946 0.0109375 0.02810304449648712