0 0.5609375 0.5572916666666666 0.06875 0.23958333333333334
0 0.28046875 0.61875 0.0875 0.2875
0 0.5171875 0.584375 0.04375 0.15833333333333333
0 0.52265625 0.4947916666666667 0.0375 0.09166666666666666
0 0.08828125 0.48020833333333335 0.0109375 0.052083333333333336
1 0.7203125 0.7 0.1546875 0.5083333333333333
1 0.3875 0.7395833333333334 0.25 0.51875
2 0.05 0.5354166666666667 0.0984375 0.09791666666666667
2 0.2875 0.4583333333333333 0.06875 0.03958333333333333
2 0.484375 0.4427083333333333 0.05625 0.027083333333333334
2 0.51796875 0.43854166666666666 0.0234375 0.01875
2 0.33828125 0.44895833333333335 0.0390625 0.025
2 0.853125 0.39791666666666664 0.046875 0.027083333333333334
2 0.2359375 0.45625 0.0328125 0.016666666666666666
2 0.409375 0.44583333333333336 0.028125 0.020833333333333332
2 0.38359375 0.44583333333333336 0.0296875 0.022916666666666665
2 0.17890625 0.45729166666666665 0.040625 0.014583333333333334
2 0.2109375 0.45729166666666665 0.0265625 0.014583333333333334
2 0.36015625 0.446875 0.021875 0.022916666666666665
7 0.3390625 0.5375 0.3234375 0.1375
