3 0.72265625 0.5468541666666666 0.190625 0.33545833333333336
0 0.58671875 0.5614583333333333 0.16875 0.61875
3 0.9075468750000001 0.5316458333333334 0.18334375 0.33618750000000003
3 0.22265625 0.5057291666666667 0.0859375 0.27189583333333334
3 0.03359375 0.5798125 0.0671875 0.39293750000000005
1 0.071875 0.4960833333333333 0.08125 0.2827708333333333
0 0.27265625 0.421875 0.0484375 0.1
3 0.17734375 0.46470833333333333 0.05625 0.219
0 0.02109375 0.38958333333333334 0.0390625 0.08333333333333333
3 0.114359375 0.45264583333333336 0.055281250000000004 0.19489583333333332
0 0.2515625 0.3875 0.0359375 0.07083333333333333
0 0.7234375 0.3885416666666667 0.03125 0.08541666666666667
3 0.13343750000000001 0.4311458333333333 0.03875 0.170625
3 0.878125 0.40729166666666666 0.028125 0.11666666666666667
3 0.8359687499999999 0.40979166666666667 0.067109375 0.11583333333333333
