0 0.55859375 0.12916666666666668 0.0765625 0.17916666666666667
0 0.82421875 0.06666666666666667 0.071875 0.11041666666666666
0 0.5296875 0.078125 0.071875 0.09375
0 0.1375 0.16354166666666667 0.1640625 0.31666666666666665
0 0.490625 0.05625 0.0484375 0.09791666666666667
0 0.6125 0.052083333333333336 0.028125 0.08125
0 0.3078125 0.058333333333333334 0.053125 0.11458333333333333
0 0.85625 0.06041666666666667 0.0234375 0.041666666666666664
0 0.43671875 0.03854166666666667 0.0296875 0.06041666666666667
0 0.22890625 0.15520833333333334 0.128125 0.3104166666666667
0 0.35546875 0.05416666666666667 0.0515625 0.075
0 0.06015625 0.121875 0.1203125 0.23958333333333334
0 0.7578125 0.027083333333333334 0.0453125 0.052083333333333336
0 0.878125 0.07083333333333333 0.240625 0.14166666666666666
