6 0.3109375 0.5210772833723654 0.496875 0.8032786885245902
6 0.6328125 0.32084309133489464 0.040625 0.1451990632318501
6 0.8296875 0.40046838407494145 0.0546875 0.23653395784543327
6 0.7203125 0.3114754098360656 0.0265625 0.09133489461358314
6 0.68046875 0.3114754098360656 0.0390625 0.09601873536299765
6 0.01015625 0.3629976580796253 0.0203125 0.1756440281030445
6 0.86796875 0.3477751756440281 0.0375 0.15456674473067916
6 0.959375 0.33021077283372363 0.0375 0.10070257611241218
6 0.9875 0.36768149882903983 0.0234375 0.18969555035128804
6 0.753125 0.2822014051522248 0.01875 0.04215456674473068
8 0.86484375 0.297423887587822 0.26875 0.23653395784543327