1 0.426 0.6774924471299094 0.44306 0.6450151057401813
0 0.924 0.5453172205438066 0.072 0.18731117824773413
0 0.033 0.5045317220543807 0.02 0.06042296072507553
0 0.969 0.47583081570996977 0.03 0.1148036253776435
0 0.085 0.48489425981873113 0.032 0.04229607250755287
0 0.171 0.4697885196374622 0.028 0.04229607250755287
0 0.995 0.4652567975830816 0.01 0.09969788519637462
0 0.114 0.4743202416918429 0.028 0.04229607250755287
1 0.221 0.6404833836858006 0.19 0.48338368580060426
1 0.67072 0.5921450151057401 0.19744 0.3987915407854985
2 0.11 0.5800604229607251 0.22 0.18429003021148035
2 0.486 0.513595166163142 0.144 0.09969788519637462
2 0.553 0.4954682779456193 0.096 0.09063444108761329
2 0.693 0.49697885196374625 0.216 0.14803625377643503
5 0.228 0.5030211480362538 0.184 0.20241691842900303
2 0.014 0.525679758308157 0.028 0.0634441087613293
2 0.617 0.4909365558912387 0.064 0.12084592145015106
1 0.73122 0.5293353474320242 0.17016 0.2996374622356496
