5 0.91171875 0.7412177985948478 0.06875 0.0468384074941452
1 0.165359375 0.849344262295082 0.146359375 0.2630679156908665
0 0.4078125 0.7634660421545667 0.0109375 0.05152224824355972
0 0.38203125 0.7622950819672131 0.009375 0.03044496487119438
0 0.39453125 0.7634660421545667 0.00625 0.03044496487119438
0 0.99140625 0.7740046838407494 0.0140625 0.03278688524590164
2 0.24609375 0.7587822014051522 0.0484375 0.02576112412177986
2 0.35390625 0.7576112412177985 0.0375 0.0234192037470726
2 0.08203125 0.7646370023419203 0.0375 0.02576112412177986
2 0.834375 0.7540983606557377 0.03125 0.02576112412177986
7 0.690625 0.7646370023419203 0.0796875 0.04215456674473068
2 0.55546875 0.7681498829039812 0.075 0.03981264637002342
2 0.9578125 0.7587822014051522 0.028125 0.01873536299765808
2 0.62734375 0.7681498829039812 0.0375 0.03747072599531616
2 0.98359375 0.7505854800936768 0.028125 0.0234192037470726
2 0.76953125 0.7587822014051522 0.0234375 0.01873536299765808
2 0.6078125 0.7540983606557377 0.0234375 0.02107728337236534
2 0.1296875 0.7599531615925058 0.025 0.02576112412177986
2 0.653125 0.7669789227166276 0.0453125 0.03981264637002342
2 0.02109375 0.7669789227166276 0.0203125 0.01639344262295082
