3 0.6684375 0.534125 0.206875 0.44327083333333334
0 0.9203125 0.4197916666666667 0.078125 0.28541666666666665
0 0.58828125 0.39791666666666664 0.0609375 0.18125
0 0.37890625 0.3302083333333333 0.0578125 0.08958333333333333
0 0.3 0.35208333333333336 0.04375 0.12708333333333333
0 0.41953125 0.35208333333333336 0.025 0.09791666666666667
1 0.5015625 0.646875 0.1984375 0.7041666666666667
1 0.37578125 0.5041666666666667 0.09375 0.33125
1 0.85234375 0.471875 0.1671875 0.4125
4 0.8796875 0.328125 0.2390625 0.38125
