6 0.4011764705882353 0.39921875 0.5905882352941176 0.36875
6 0.8670588235294118 0.6953125 0.12470588235294118 0.2546875
6 0.04470588235294118 0.6625 0.08941176470588236 0.2609375
6 0.5752941176470588 0.71171875 0.09647058823529411 0.225
6 0.7552941176470588 0.70078125 0.0988235294117647 0.2421875
6 0.6788235294117647 0.69375 0.08941176470588236 0.259375
6 0.45647058823529413 0.69453125 0.08470588235294117 0.2421875
6 0.508235294117647 0.68671875 0.10352941176470588 0.271875
6 0.6294117647058823 0.6984375 0.06352941176470588 0.234375
6 0.18352941176470589 0.6875 0.09647058823529411 0.190625
6 0.9670588235294117 0.6984375 0.06588235294117648 0.178125
2 0.08268235294117647 0.6751875 0.0736 0.23318750000000002
6 0.5705882352941176 0.58671875 0.05647058823529412 0.0453125
2 0.3129411764705882 0.684375 0.2188235294117647 0.28125