0 0.3399532710280374 0.45703125 0.4392523364485981 0.390625
0 0.1939252336448598 0.60078125 0.102803738317757 0.1890625
1 0.6023130841121496 0.63809375 0.13450934579439253 0.190234375
0 0.3212616822429907 0.6 0.04906542056074766 0.065625
0 0.09813084112149532 0.66953125 0.0397196261682243 0.05625
0 0.34579439252336447 0.66015625 0.035046728971962614 0.028125
0 0.38434579439252337 0.6625 0.0397196261682243 0.025
0 0.22546728971962618 0.66328125 0.028037383177570093 0.0234375
0 0.41705607476635514 0.665625 0.028037383177570093 0.0203125
0 0.969626168224299 0.6625 0.0397196261682243 0.046875
