5 0.83515625 0.45729166666666665 0.328125 0.4583333333333333
1 0.44390625000000006 0.5395833333333333 0.0453125 0.10916666666666666
2 0.0125 0.5385416666666667 0.025 0.06875
7 0.0546875 0.5333333333333333 0.071875 0.06875
7 0.2390625 0.5270833333333333 0.065625 0.04791666666666667
2 0.40859375 0.5229166666666667 0.040625 0.0375
8 0.31171875 0.5177083333333333 0.053125 0.041666666666666664
7 0.1203125 0.53125 0.1109375 0.07291666666666667
2 0.20078125 0.528125 0.040625 0.041666666666666664
2 0.35078125 0.5208333333333334 0.0296875 0.027083333333333334
2 0.265625 0.5197916666666667 0.04375 0.04375
2 0.3859375 0.5197916666666667 0.028125 0.022916666666666665
2 0.36328125 0.5208333333333334 0.0296875 0.025
