2 0.5328125 0.5152224824355972 0.059375 0.06323185011709602
2 0.61015625 0.4859484777517564 0.0234375 0.03278688524590164
2 0.6296875 0.4847775175644028 0.0171875 0.01873536299765808
2 0.40078125 0.5468384074941453 0.11875 0.11007025761124122
4 0.146875 0.4601873536299766 0.29375 0.3981264637002342
2 0.67890625 0.48711943793911006 0.015625 0.03747072599531616
0 0.79375 0.5011709601873536 0.0078125 0.03747072599531616
0 0.97890625 0.5398126463700235 0.0421875 0.24121779859484777
2 0.39375 0.48243559718969553 0.028125 0.0117096018735363
2 0.46953125 0.4847775175644028 0.01875 0.01873536299765808
2 0.5609375 0.4859484777517564 0.0203125 0.02810304449648712
5 0.584375 0.4894613583138173 0.0359375 0.04449648711943794
5 0.61015625 0.48360655737704916 0.0234375 0.03278688524590164
5 0.53515625 0.4648711943793911 0.021875 0.0351288056206089
0 0.79765625 0.48243559718969553 0.0078125 0.02810304449648712
0 0.6375 0.47892271662763464 0.003125 0.0117096018735363
1 0.29765625 0.6826697892271663 0.1421875 0.45901639344262296
