2 0.07578125 0.4344262295081967 0.0765625 0.11475409836065574
2 0.5953125 0.7540983606557377 0.2578125 0.27634660421545665
4 0.840625 0.544496487119438 0.315625 0.5199063231850117
4 0.6515625 0.40866510538641687 0.1640625 0.23185011709601874
4 0.35390625 0.32669789227166274 0.0625 0.09836065573770492
0 0.85078125 0.711943793911007 0.090625 0.2857142857142857
0 0.471875 0.4414519906323185 0.0203125 0.05152224824355972
0 0.41796875 0.7072599531615925 0.078125 0.29508196721311475
0 0.596875 0.5562060889929742 0.0375 0.0585480093676815
0 0.3984375 0.5468384074941453 0.01875 0.04215456674473068
0 0.4421875 0.3805620608899297 0.0078125 0.01873536299765808
0 0.49921875 0.5210772833723654 0.0296875 0.07962529274004684
0 0.4859375 0.49882903981264637 0.021875 0.06088992974238876
0 0.58046875 0.5070257611241218 0.025 0.03278688524590164
0 0.3875 0.6053864168618267 0.040625 0.08899297423887588
2 0.025 0.5081967213114754 0.046875 0.11007025761124122
5 0.13046875 0.3372365339578454 0.0734375 0.12412177985948478
0 0.41875 0.40398126463700235 0.01875 0.04918032786885246
2 0.02109375 0.5433255269320844 0.040625 0.17330210772833723
0 0.35390625 0.6592505854800936 0.0453125 0.22014051522248243
0 0.51484375 0.49063231850117095 0.0109375 0.03278688524590164
4 0.22109375 0.4203747072599532 0.1375 0.2693208430913349
1 0.07121875 0.6904449648711943 0.06328125 0.2553161592505855
