0 0.64296875 0.7291666666666666 0.3171875 0.5395833333333333
0 0.096875 0.553125 0.19375 0.8895833333333333
0 0.28984375 0.5614583333333333 0.3421875 0.8729166666666667
1 0.843125 0.43333333333333335 0.074375 0.10416666666666667
0 0.971875 0.40520833333333334 0.0203125 0.08333333333333333
1 0.8840625 0.41229166666666667 0.05437499999999999 0.08708333333333333
0 0.5453125 0.38333333333333336 0.0109375 0.03333333333333333
0 0.51796875 0.38229166666666664 0.0125 0.0375
0 0.69765625 0.384375 0.0109375 0.03958333333333333
0 0.5828125 0.3958333333333333 0.015625 0.0375
0 0.9921875 0.40729166666666666 0.015625 0.06458333333333334
0 0.50234375 0.38333333333333336 0.0109375 0.0375
