7 0.48125 0.7048458149779736 0.0421875 0.05726872246696035
0 0.68828125 0.7081497797356828 0.028125 0.1013215859030837
0 0.5578125 0.7059471365638766 0.0109375 0.02643171806167401
0 0.5921875 0.711453744493392 0.0125 0.04405286343612335
1 0.3375 0.762114537444934 0.1859375 0.4647577092511013
2 0.265625 0.7334801762114538 0.1109375 0.08370044052863436
2 0.159375 0.7081497797356828 0.0546875 0.030837004405286344
7 0.428125 0.7081497797356828 0.034375 0.039647577092511016
7 0.2125 0.7026431718061674 0.0546875 0.04185022026431718
2 0.11171875 0.7081497797356828 0.0546875 0.03303964757709251
2 0.453125 0.7059471365638766 0.0171875 0.024229074889867842
2 0.0765625 0.7048458149779736 0.05625 0.03303964757709251
