2 0.454 0.728125 0.236 0.421875
5 0.8331799999999999 0.6364062500000001 0.09964 0.1834375
2 0.657 0.690625 0.224 0.334375
5 0.73984 0.6666875 0.15030000000000002 0.27290625
5 0.91714 0.66325 0.16374 0.28278125
2 0.35618 0.6551875 0.10836 0.28221875
2 0.51376 0.7005 0.13504 0.34159375000000003
6 0.937 0.575 0.044 0.08125
2 0.071 0.675 0.098 0.25625
5 0.252 0.68140625 0.112 0.28718750000000004
5 0.179 0.6486562499999999 0.054 0.2183125
5 0.1512 0.63565625 0.060399999999999995 0.14746874999999998
6 0.116 0.6203125 0.038 0.125
5 0.57412 0.62490625 0.08576 0.14040625
5 0.5537000000000001 0.60496875 0.06458 0.1005625