7 0.70546875 0.478125 0.128125 0.13958333333333334
2 0.249734375 0.5600625 0.08645312499999999 0.3145833333333333
2 0.3953125 0.54375 0.06875 0.2625
2 0.57890625 0.5020833333333333 0.0671875 0.2708333333333333
2 0.2921875 0.5225625 0.05625 0.25347916666666664
2 0.525 0.4947916666666667 0.0609375 0.2604166666666667
2 0.375 0.4583333333333333 0.04375 0.15625
2 0.62890625 0.47743749999999996 0.03125 0.1444375
6 0.01328125 0.47604166666666664 0.0265625 0.13958333333333334
6 0.315625 0.44583333333333336 0.025 0.08958333333333333
6 0.02734375 0.46458333333333335 0.0265625 0.12916666666666668
2 0.60703125 0.47881250000000003 0.0296875 0.15972916666666667
1 0.909375 0.61875 0.18125 0.26875
1 0.0875 0.7989583333333333 0.1734375 0.40208333333333335
1 0.44453125 0.475 0.0546875 0.08333333333333333
1 0.78046875 0.45 0.053125 0.058333333333333334
8 0.93515625 0.4041666666666667 0.128125 0.225
1 0.48515625 0.48020833333333335 0.034375 0.1375
1 0.83828125 0.45208333333333334 0.06875 0.07291666666666667
1 0.47890625 0.415625 0.0515625 0.03333333333333333
1 0.6453125 0.421875 0.0265625 0.03125
1 0.440625 0.39791666666666664 0.0359375 0.035416666666666666
1 0.4390625 0.428125 0.0421875 0.020833333333333332
1 0.415625 0.41458333333333336 0.0375 0.022916666666666665