1 0.3046875 0.6589386792452829 0.05 0.23766509433962263
3 0.37578125 0.6615566037735849 0.0828125 0.1792452830188679
0 0.0375 0.5955188679245284 0.075 0.7783018867924528
0 0.79921875 0.6073113207547169 0.05 0.10141509433962265
0 0.25625 0.6721698113207547 0.0390625 0.1320754716981132
0 0.9375 0.6014150943396226 0.04375 0.10849056603773585
0 0.83125 0.5872641509433962 0.0265625 0.07547169811320754
0 0.44921875 0.6533018867924528 0.03125 0.18632075471698112
0 0.740625 0.6226415094339622 0.040625 0.06839622641509434
0 0.84375 0.6120283018867925 0.040625 0.08962264150943396
0 0.98125 0.5801886792452831 0.0359375 0.14150943396226415
0 0.884375 0.6108490566037735 0.0421875 0.09669811320754718
0 0.1703125 0.5790094339622641 0.053125 0.19811320754716982
0 0.41171875 0.6320754716981132 0.025 0.12264150943396226
0 0.9109375 0.6132075471698113 0.0265625 0.08726415094339622
0 0.58046875 0.44339622641509435 0.0265625 0.04481132075471698
0 0.12578125 0.5990566037735849 0.059375 0.35141509433962265
0 0.7546875 0.6025943396226415 0.01875 0.054245283018867926
0 0.0984375 0.4681603773584906 0.0578125 0.2429245283018868
7 0.5796875 0.6485849056603774 0.259375 0.3561320754716981
