4 0.51328125 0.47058823529411764 0.471875 0.7668845315904139
4 0.86640625 0.47276688453159044 0.2671875 0.41830065359477125
0 0.10703125 0.6361655773420479 0.0609375 0.23093681917211328
0 0.1625 0.6928104575163399 0.0515625 0.2374727668845316
0 0.20078125 0.6884531590413944 0.0484375 0.23529411764705882
1 0.21945312499999997 0.5848366013071895 0.06321875 0.1369934640522876
4 0.146875 0.485838779956427 0.05625 0.11546840958605664
0 0.3765625 0.4923747276688453 0.0453125 0.08714596949891068
0 0.39453125 0.24183006535947713 0.0359375 0.04793028322440087
0 0.35390625 0.24074074074074073 0.0375 0.04357298474945534
0 0.5078125 0.23202614379084968 0.059375 0.06100217864923747
0 0.27890625 0.6525054466230937 0.0125 0.14596949891067537
0 0.80390625 0.3671023965141612 0.0296875 0.05664488017429194
0 0.25703125 0.545751633986928 0.01875 0.09803921568627451
0 0.0515625 0.6895424836601307 0.06875 0.2788671023965142
0 0.01796875 0.5533769063180828 0.01875 0.07625272331154684
