4 0.10234375 0.38992974238875877 0.203125 0.20140515222482436
5 0.48359375 0.46955503512880564 0.4125 0.4168618266978923
0 0.46640625 0.6217798594847775 0.0671875 0.30679156908665106
0 0.584375 0.6358313817330211 0.140625 0.2810304449648712
0 0.64453125 0.6206088992974239 0.1375 0.2810304449648712
0 0.72578125 0.6053864168618267 0.1265625 0.2903981264637002
0 0.3734375 0.563231850117096 0.0671875 0.2576112412177986
0 0.52109375 0.6451990632318502 0.08125 0.28805620608899296
0 0.98671875 0.544496487119438 0.0265625 0.1686182669789227
0 0.76640625 0.4812646370023419 0.021875 0.08665105386416862
0 0.71875 0.4496487119437939 0.0203125 0.03747072599531616
2 0.69375 0.5163934426229508 0.053125 0.20608899297423888
2 0.73125 0.4531615925058548 0.0734375 0.08899297423887588
1 0.9171875 0.5925058548009368 0.165625 0.33021077283372363
