6 0.8296875 0.6927570093457944 0.090625 0.40654205607476634
6 0.73828125 0.7207943925233645 0.125 0.5
6 0.6328125 0.6355140186915887 0.0796875 0.24299065420560748
6 0.6875 0.633177570093458 0.0359375 0.2850467289719626
6 0.0453125 0.5747663551401869 0.0125 0.06074766355140187
6 0.06953125 0.5712616822429907 0.0140625 0.06074766355140187
6 0.05859375 0.5689252336448598 0.0140625 0.06775700934579439
6 0.21985937500000002 0.7453271028037384 0.105328125 0.4953271028037383
1 0.471875 0.5665887850467289 0.0390625 0.04672897196261682
1 0.37890625 0.5700934579439252 0.0234375 0.028037383177570093
1 0.41953125 0.5700934579439252 0.021875 0.028037383177570093
1 0.5046875 0.5630841121495327 0.0171875 0.03271028037383177