7 0.37578125 0.8233890214797136 0.2078125 0.1575178997613365
2 0.64140625 0.8316706443914081 0.0671875 0.24329355608591885
6 0.8421875 0.7852028639618138 0.021875 0.0954653937947494
6 0.87265625 0.7863961813842482 0.021875 0.08591885441527446
1 0.7140625 0.779236276849642 0.0578125 0.05489260143198091
1 0.57890625 0.7768496420047732 0.046875 0.026252983293556086
1 0.78671875 0.7625298329355609 0.0359375 0.045346062052505964
1 0.815625 0.7541766109785203 0.028125 0.016706443914081145
1 0.0765625 0.7744630071599046 0.03125 0.01909307875894988
1 0.05078125 0.7780429594272077 0.0234375 0.016706443914081145
1 0.14453125 0.7756563245823389 0.0234375 0.016706443914081145