0 0.12531017369727046 0.86484375 0.07444168734491315 0.16875
0 0.9789081885856079 0.83203125 0.03970223325062035 0.078125
0 0.9367245657568238 0.83828125 0.034739454094292806 0.078125
0 0.869727047146402 0.83125 0.02977667493796526 0.0640625
0 0.038461538461538464 0.85078125 0.07196029776674938 0.115625
0 0.901985111662531 0.83046875 0.03970223325062035 0.0765625
0 0.2667493796526055 0.8265625 0.019851116625310174 0.059375
0 0.2878411910669975 0.81875 0.03225806451612903 0.06875
0 0.45781637717121587 0.8234375 0.05955334987593052 0.0671875
0 0.07320099255583126 0.8046875 0.019851116625310174 0.0390625
0 0.31265508684863524 0.81328125 0.02729528535980149 0.04375
1 0.19975186104218362 0.85078125 0.05459057071960298 0.1046875
