2 0.68828125 0.6845637583892618 0.1734375 0.35570469798657717
6 0.35859375 0.6157718120805369 0.065625 0.2751677852348993
6 0.9625 0.7298657718120806 0.0734375 0.29194630872483224
6 0.315625 0.5855704697986577 0.0359375 0.24496644295302014
6 0.2640625 0.5637583892617449 0.034375 0.24161073825503357
6 0.21875 0.5989932885906041 0.040625 0.2348993288590604
6 0.946875 0.5939597315436241 0.0625 0.26174496644295303
6 0.85390625 0.5436241610738255 0.0125 0.06711409395973154
6 0.9015625 0.5503355704697986 0.01875 0.07718120805369127
6 0.77109375 0.5318791946308725 0.009375 0.053691275167785234
1 0.34375 0.8520469798657718 0.6859375 0.27241610738255034
1 0.90234375 0.9026845637583892 0.1921875 0.1912751677852349
2 0.48515625 0.6817114093959732 0.076578125 0.21711409395973155
2 0.5370468749999999 0.649261744966443 0.07590625 0.19808724832214766
6 0.16553125 0.5984563758389262 0.060187500000000005 0.2383557046979866
1 0.0573125 0.7078859060402685 0.114625 0.24543624161073826