2 0.453125 0.6627697841726619 0.0796875 0.07014388489208633
2 0.33671875 0.6726618705035972 0.0609375 0.05575539568345324
0 0.596875 0.6133093525179856 0.275 0.7679856115107914
0 0.140625 0.5800359712230215 0.2765625 0.7949640287769785
1 0.30546875 0.6672661870503597 0.021875 0.0683453237410072
0 0.40078125 0.6618705035971223 0.0078125 0.030575539568345324
2 0.78046875 0.6627697841726619 0.05 0.03776978417266187
2 0.86484375 0.6609712230215827 0.2703125 0.039568345323741004
0 0.8625 0.6564748201438849 0.0171875 0.039568345323741004
2 0.2859375 0.6654676258992805 0.0203125 0.02877697841726619
2 0.2609375 0.6663669064748201 0.04375 0.08992805755395683
0 0.021875 0.552158273381295 0.04375 0.14028776978417265
