0 0.3801742919389978 0.5859375 0.3137254901960784 0.828125
1 0.7124183006535948 0.38260937500000003 0.08932461873638345 0.22764062499999999
0 0.5871459694989106 0.30546875 0.054466230936819175 0.0828125
0 0.5163398692810458 0.296875 0.030501089324618737 0.0484375
0 0.7864923747276689 0.3140625 0.04793028322440087 0.075
0 0.8910675381263616 0.303125 0.02178649237472767 0.0328125
0 0.6339869281045751 0.3453125 0.06753812636165578 0.140625
0 0.9335511982570807 0.33359375 0.06100217864923747 0.1109375
0 0.8758169934640523 0.303125 0.06318082788671024 0.0890625
1 0.6328976034858388 0.346875 0.06753812636165578 0.14375
