0 0.70390625 0.47604166666666664 0.178125 0.9520833333333333
0 0.45390625 0.41458333333333336 0.1234375 0.35
0 0.02734375 0.45208333333333334 0.0546875 0.45
1 0.53125 0.4326458333333333 0.075 0.27989583333333334
0 0.5984375 0.428125 0.0484375 0.19791666666666666
0 0.9609375 0.5479166666666667 0.0765625 0.6604166666666667
0 0.21796875 0.30625 0.303125 0.6125
0 0.38046875 0.42083333333333334 0.0359375 0.20416666666666666
0 0.3515625 0.4041666666666667 0.0453125 0.20833333333333334
0 0.8 0.34791666666666665 0.075 0.4083333333333333
0 0.5765625 0.4 0.028125 0.10625
0 0.78046875 0.17916666666666667 0.0359375 0.0625
