3 0.35703125 0.8223529411764706 0.1328125 0.3270588235294118
3 0.4765625 0.8 0.08125 0.25882352941176473
3 0.82109375 0.84 0.190625 0.2917647058823529
3 0.04296875 0.7270588235294118 0.084375 0.2541176470588235
3 0.1140625 0.6447058823529411 0.0671875 0.16705882352941176
3 0.26171875 0.7564705882352941 0.05 0.17647058823529413
0 0.025 0.5105882352941177 0.0390625 0.09176470588235294
1 0.56015625 0.6388235294117647 0.10625 0.36705882352941177
0 0.3859375 0.5058823529411764 0.053125 0.10352941176470588
0 0.4265625 0.5164705882352941 0.071875 0.2023529411764706
0 0.075 0.4623529411764706 0.0421875 0.07529411764705882
3 0.7 0.5505882352941176 0.04375 0.07058823529411765
3 0.5109375 0.6858823529411765 0.03125 0.14823529411764705
1 0.1734375 0.6388235294117647 0.1015625 0.36941176470588233
2 0.548546875 0.5257176470588235 0.12534375 0.08630588235294118
