2 0.0421875 0.5821596244131455 0.08125 0.38497652582159625
0 0.0890625 0.5715962441314554 0.0328125 0.17370892018779344
0 0.1421875 0.5199530516431925 0.0578125 0.2347417840375587
1 0.128125 0.4131455399061033 0.028125 0.06572769953051644
1 0.26640625 0.42018779342723006 0.0359375 0.11971830985915492
0 0.09375 0.47769953051643194 0.0359375 0.13145539906103287
0 0.35546875 0.431924882629108 0.0125 0.04225352112676056
0 0.33828125 0.43427230046948356 0.0109375 0.04225352112676056
1 0.10078125 0.4014084507042254 0.021875 0.03286384976525822
0 0.1421875 0.3967136150234742 0.01875 0.06103286384976526
1 0.64453125 0.6502347417840375 0.14375 0.6995305164319249
1 0.171875 0.4460093896713615 0.0484375 0.15258215962441316
1 0.26640625 0.42018779342723006 0.0359375 0.11971830985915492
1 0.49387499999999995 0.48753521126760563 0.06692187499999999 0.32852112676056333
1 0.31706249999999997 0.44448356807511735 0.05078125 0.17988262910798122
