1 0.465625 0.6386554621848739 0.253125 0.7142857142857143
1 0.1140625 0.6911764705882353 0.228125 0.5966386554621849
0 0.35625 0.3592436974789916 0.065625 0.22268907563025211
0 0.790625 0.5189075630252101 0.08125 0.4327731092436975
0 0.040625 0.3907563025210084 0.075 0.2184873949579832
0 0.134375 0.39915966386554624 0.046875 0.2184873949579832
0 0.521875 0.3235294117647059 0.046875 0.12605042016806722
0 0.015625 0.3634453781512605 0.03125 0.21008403361344538
0 0.1390625 0.21008403361344538 0.071875 0.17647058823529413
0 0.06875 0.19957983193277312 0.04375 0.14285714285714285
0 0.765625 0.34663865546218486 0.04375 0.14285714285714285
0 0.090625 0.32563025210084034 0.05 0.14285714285714285
1 0.878125 0.634453781512605 0.171875 0.6722689075630253
1 0.659375 0.6281512605042017 0.28125 0.7394957983193278
1 0.9703125 0.49159663865546216 0.059375 0.4411764705882353
5 0.1015625 0.19327731092436976 0.2 0.24369747899159663
