7 0.01796875 0.515625 0.0359375 0.12083333333333333
2 0.48109375 0.7072291666666667 0.12468749999999999 0.4540208333333334
2 0.4875 0.4822916666666667 0.0640625 0.10833333333333334
2 0.421875 0.5447708333333333 0.0515625 0.20622916666666666
2 0.0328125 0.475 0.0171875 0.05416666666666667
6 0.4671875 0.4479166666666667 0.021875 0.04583333333333333
6 0.44453125 0.46041666666666664 0.0140625 0.04583333333333333
6 0.12265625 0.45208333333333334 0.0203125 0.025
1 0.365625 0.5 0.0671875 0.09166666666666666
3 0.22954687499999998 0.55625 0.2453125 0.26875
1 0.38203125 0.4635416666666667 0.0546875 0.03958333333333333
1 0.3515625 0.43645833333333334 0.01875 0.035416666666666666
1 0.1171875 0.49166666666666664 0.0328125 0.06458333333333334
1 0.33515625 0.43645833333333334 0.0203125 0.027083333333333334