2 0.8953125 0.6713615023474179 0.121875 0.08685446009389672
0 0.43671875 0.6302816901408451 0.0125 0.056338028169014086
0 0.478125 0.6255868544600939 0.01875 0.06338028169014084
0 0.6390625 0.6502347417840375 0.0265625 0.11502347417840375
0 0.8109375 0.6654929577464789 0.0203125 0.051643192488262914
0 0.42890625 0.6467136150234741 0.0109375 0.051643192488262914
2 0.9625 0.6443661971830986 0.0390625 0.056338028169014086
0 0.609375 0.6326291079812206 0.0125 0.06103286384976526
0 0.57109375 0.6161971830985915 0.0125 0.025821596244131457
2 0.97890625 0.6631455399061033 0.0421875 0.13380281690140844
0 0.415625 0.6373239436619719 0.0171875 0.07042253521126761
0 0.7828125 0.6772300469483568 0.05 0.09154929577464789
0 0.471875 0.6279342723004695 0.0625 0.06807511737089202
1 0.178125 0.7241784037558685 0.0515625 0.14553990610328638
1 0.3109375 0.6572769953051644 0.0375 0.12206572769953052
1 0.26484375 0.6561032863849765 0.0296875 0.11502347417840375
1 0.38489062500000004 0.6474647887323943 0.032296875 0.1103755868544601
