2 0.472 0.6803713527851459 0.086 0.11405835543766578
0 0.339 0.6047745358090185 0.07 0.08222811671087533
0 0.259 0.6472148541114059 0.032 0.03713527851458886
5 0.272 0.7042440318302388 0.246 0.17771883289124668
0 0.406 0.6339522546419099 0.03 0.1220159151193634
1 0.766 0.6710875331564987 0.05 0.18037135278514588
1 0.211 0.7307692307692307 0.082 0.26525198938992045
1 0.886 0.6392572944297082 0.036 0.11140583554376658
1 0.974 0.6127320954907162 0.034 0.058355437665782495
1 0.7343 0.656525198938992 0.02554 0.09618037135278514
1 0.82262 0.6481697612732096 0.0237 0.08352785145888594
1 0.928 0.6185941644562335 0.02216 0.061114058355437664
1 0.8543 0.6385941644562334 0.019379999999999998 0.09291777188328913
0 0.6882 0.6709814323607427 0.02904 0.16928381962864722
1 0.7984 0.6485145888594165 0.02684 0.12721485411140585
2 0.91146 0.6257294429708223 0.0221 0.05657824933687002
