0 0.05078125 0.6895424836601307 0.05625 0.2657952069716776
0 0.20078125 0.6884531590413944 0.0515625 0.23093681917211328
0 0.103125 0.6372549019607843 0.0640625 0.23311546840958605
0 0.1609375 0.696078431372549 0.053125 0.23965141612200436
0 0.2578125 0.5446623093681917 0.021875 0.09586056644880174
0 0.01953125 0.5555555555555556 0.021875 0.07625272331154684
0 0.190625 0.5228758169934641 0.01875 0.06100217864923747
4 0.5125 0.47058823529411764 0.475 0.7559912854030502
4 0.86484375 0.4749455337690632 0.26875 0.42701525054466233
4 0.13125 0.48474945533769065 0.084375 0.11764705882352941
