2 0.10390625 0.6572916666666667 0.2078125 0.65625
2 0.88984375 0.35625 0.2203125 0.15416666666666667
2 0.3484375 0.23541666666666666 0.190625 0.07291666666666667
3 0.47734375 0.35 0.15625 0.13333333333333333
3 0.50078125 0.24166666666666667 0.0484375 0.041666666666666664
3 0.94140625 0.25729166666666664 0.025 0.04375
0 0.1359375 0.359375 0.0578125 0.13958333333333334
0 0.4921875 0.31354166666666666 0.06875 0.175
0 0.534375 0.31145833333333334 0.0703125 0.17083333333333334
0 0.13046875 0.20208333333333334 0.034375 0.035416666666666666
0 0.79609375 0.25 0.0296875 0.08333333333333333
0 0.96328125 0.246875 0.03125 0.08125
0 0.1140625 0.20416666666666666 0.0328125 0.058333333333333334
0 0.15390625 0.20833333333333334 0.0203125 0.04791666666666667
0 0.175 0.20416666666666666 0.0265625 0.05
0 0.990625 0.25104166666666666 0.01875 0.07916666666666666
0 0.22734375 0.209375 0.0140625 0.01875
2 0.76875 0.5552083333333333 0.4625 0.5416666666666666
3 0.18359375 0.25625 0.0765625 0.052083333333333336
3 0.70078125 0.23645833333333333 0.0203125 0.03333333333333333
3 0.56953125 0.23541666666666666 0.0375 0.05
1 0.790625 0.25 0.04375 0.08333333333333333
