3 0.943 0.7285790884718498 0.088 0.16485254691689008
1 0.506 0.8404825737265416 0.082 0.2949061662198391
3 0.389 0.8699731903485255 0.104 0.25967828418230565
0 0.242 0.8458445040214477 0.088 0.30831099195710454
0 0.04 0.8592493297587132 0.068 0.28150134048257375
1 0.7206 0.8190884718498659 0.1045 0.27176943699731904
0 0.308 0.8337801608579088 0.064 0.2734584450402145
0 0.373 0.7479892761394102 0.06 0.09115281501340483
0 0.458 0.7050938337801609 0.038 0.16353887399463807
0 0.336 0.7439678284182306 0.04 0.1554959785522788
0 0.269 0.7037533512064343 0.032 0.09919571045576407
1 0.86 0.7667560321715817 0.104 0.21447721179624665
2 0.539 0.6715817694369973 0.09 0.06166219839142091
5 0.924 0.67828418230563 0.102 0.06166219839142091
2 0.061939999999999995 0.6567828418230562 0.048 0.040214477211796246
0 0.09408 0.6892493297587131 0.030920000000000003 0.07158176943699732
1 0.13982 0.6894101876675602 0.03592 0.08292225201072385
1 0.17924 0.676112600536193 0.02838 0.08112600536193029
0 0.19062 0.8364879356568364 0.056979999999999996 0.27552278820375337
0 0.30542 0.7057640750670241 0.0504 0.07284182305630027
0 0.49498000000000003 0.6900268096514746 0.03528 0.08587131367292225
1 0.59456 0.82828418230563 0.11478000000000001 0.2839946380697051
1 0.60562 0.7423056300268096 0.11622 0.16873994638069703
1 0.8015599999999999 0.7269973190348525 0.061880000000000004 0.16490616621983914
3 0.89986 0.726970509383378 0.05486 0.1519034852546917
0 0.75 0.7802412868632707 0.0443 0.20219839142091153
0 0.6924199999999999 0.7275067024128686 0.03244 0.13302949061662198
0 0.71196 0.6817962466487936 0.04142 0.07659517426273459
0 0.7510399999999999 0.666166219839142 0.024300000000000002 0.026514745308310994
0 0.76376 0.6571581769436997 0.030100000000000002 0.036675603217158174
0 0.7615599999999999 0.7274530831099195 0.02866 0.10691689008042896
