7 0.075 0.4379391100702576 0.0796875 0.12412177985948478
4 0.83984375 0.550351288056206 0.31875 0.5245901639344263
1 0.41328125 0.702576112412178 0.090625 0.3044496487119438
0 0.34921875 0.6604215456674473 0.053125 0.2224824355971897
1 0.77665625 0.7100234192037471 0.0795 0.2889227166276347
1 0.85234375 0.7154566744730679 0.0828125 0.2903981264637002
1 0.0703125 0.6908665105386417 0.059375 0.2529274004683841
0 0.7109375 0.7096018735362998 0.0625 0.2505854800936768
1 0.01328125 0.7052927400468385 0.025 0.2489695550351288
1 0.4859375 0.6709601873536299 0.065625 0.23185011709601874
1 0.098953125 0.49571428571428566 0.027609375000000002 0.12489461358313816
0 0.38828125 0.6042154566744731 0.040625 0.08899297423887588
0 0.45859375 0.5901639344262295 0.0421875 0.13114754098360656
2 0.59609375 0.747072599531616 0.2609375 0.297423887587822
4 0.6484375 0.4133489461358314 0.1671875 0.2459016393442623
2 0.02109375 0.563231850117096 0.040625 0.12646370023419204
5 0.12890625 0.3372365339578454 0.06875 0.12177985948477751
2 0.02421875 0.509367681498829 0.0484375 0.12646370023419204
4 0.35390625 0.31381733021077285 0.071875 0.12412177985948478
4 0.22109375 0.4203747072599532 0.14375 0.2693208430913349
