2 0.2125 0.524468085106383 0.26136363636363635 0.11063829787234042
2 0.5306818181818181 0.5085106382978724 0.11136363636363636 0.07021276595744681
0 0.3715909090909091 0.43936170212765957 0.11363636363636363 0.1851063829787234
0 0.8045454545454546 0.5074468085106383 0.05227272727272727 0.14680851063829786
0 0.9056818181818181 0.5042553191489362 0.05 0.13191489361702127
2 0.08636363636363636 0.5180851063829788 0.12727272727272726 0.07234042553191489
2 0.02727272727272727 0.5063829787234042 0.05454545454545454 0.06170212765957447
2 0.4625 0.498936170212766 0.05454545454545454 0.09574468085106383
5 0.8375 0.5053191489361702 0.30454545454545456 0.12340425531914893
2 0.475 0.474468085106383 0.022727272727272728 0.027659574468085105
2 0.13863636363636364 0.49148936170212765 0.045454545454545456 0.027659574468085105
5 0.6352272727272728 0.4319148936170213 0.2 0.0851063829787234
1 0.6761363636363636 0.575531914893617 0.3181818181818182 0.34893617021276596
