2 0.13203125 0.6018735362997658 0.2640625 0.3442622950819672
2 0.67109375 0.4449648711943794 0.0875 0.08430913348946135
0 0.96953125 0.6779859484777517 0.0609375 0.6065573770491803
2 0.5921875 0.44730679156908665 0.0390625 0.07728337236533958
2 0.76484375 0.41217798594847777 0.0109375 0.0234192037470726
2 0.81015625 0.40749414519906324 0.0109375 0.0117096018735363
5 0.50625 0.4637002341920375 0.146875 0.13114754098360656
2 0.6890625 0.3992974238875878 0.025 0.02107728337236534
2 0.71171875 0.41569086651053866 0.0171875 0.0468384074941452
1 0.15546875 0.6358313817330211 0.246875 0.594847775175644
1 0.66171875 0.48360655737704916 0.046875 0.22482435597189696
1 0.61796875 0.4648711943793911 0.04375 0.17096018735362997
1 0.79375 0.49063231850117095 0.04375 0.1990632318501171
1 0.7484375 0.44730679156908665 0.0328125 0.12646370023419204
2 0.6435625 0.41203747072599534 0.0245625 0.03831381733021077
2 0.734859375 0.4160655737704918 0.025124999999999998 0.0336768149882904
0 0.864921875 0.4033255269320843 0.016609375000000003 0.06098360655737705
