7 0.15 0.7721518987341772 0.14375 0.15822784810126583
6 0.38828125 0.759493670886076 0.078125 0.22362869198312235
6 0.53984375 0.7848101265822784 0.084375 0.2742616033755274
6 0.63828125 0.7753164556962026 0.0609375 0.23628691983122363
6 0.7203125 0.770042194092827 0.0578125 0.22784810126582278
6 0.67890625 0.8080168776371308 0.0453125 0.16033755274261605
6 0.82578125 0.7710970464135021 0.05 0.2468354430379747
6 0.8015625 0.7573839662447257 0.046875 0.229957805907173
6 0.50859375 0.7573839662447257 0.0515625 0.26371308016877637
6 0.42578125 0.7542194092827004 0.0359375 0.17088607594936708
6 0.74296875 0.7067510548523207 0.025 0.10548523206751055
1 0.03671875 0.7573839662447257 0.0609375 0.07383966244725738
1 0.0671875 0.7784810126582279 0.0484375 0.10970464135021098
1 0.01015625 0.7447257383966245 0.0203125 0.05063291139240506