2 0.959375 0.5145833333333333 0.075 0.0625
0 0.80859375 0.63125 0.3828125 0.7145833333333333
0 0.440625 0.5645833333333333 0.078125 0.24166666666666667
0 0.5375 0.5125 0.0328125 0.10833333333333334
0 0.50625 0.509375 0.034375 0.1125
0 0.375 0.4979166666666667 0.021875 0.10416666666666667
0 0.3859375 0.471875 0.0140625 0.04583333333333333
2 0.6859375 0.4979166666666667 0.0453125 0.0375
0 0.403125 0.4875 0.015625 0.06666666666666667
0 0.31015625 0.4895833333333333 0.0203125 0.075
0 0.24375 0.49375 0.0234375 0.075
0 0.42109375 0.47291666666666665 0.0125 0.020833333333333332
0 0.2953125 0.49270833333333336 0.021875 0.07916666666666666
3 0.5171875 0.5041666666666667 0.0046875 0.01875
0 0.55078125 0.49166666666666664 0.01875 0.06458333333333334
3 0.7140625 0.5010416666666667 0.0140625 0.03958333333333333
1 0.64609375 0.5927083333333333 0.059375 0.15625
2 0.5756875 0.48991666666666667 0.035953125 0.032375
0 0.72803125 0.504875 0.014734375 0.035604166666666666
0 0.615234375 0.4886041666666667 0.019765625000000002 0.08175
0 0.59278125 0.49120833333333336 0.021124999999999998 0.06697916666666666
0 0.257328125 0.46841666666666665 0.011328125 0.022916666666666665
0 0.284421875 0.46679166666666666 0.009156250000000001 0.025416666666666664
3 0.182 0.4723333333333333 0.009890625 0.028374999999999997
0 0.737796875 0.5061875 0.016015625 0.0323125
1 0.341046875 0.5184166666666666 0.025828125 0.0729375
0 0.261234375 0.504875 0.013734374999999998 0.051958333333333336
