0 0.15106951871657753 0.364 0.0481283422459893 0.102
0 0.1804812834224599 0.364 0.053475935828877004 0.104
0 0.6564171122994652 0.351 0.034759358288770054 0.066
0 0.9572192513368984 0.353 0.040106951871657755 0.036
0 0.766042780748663 0.339 0.026737967914438502 0.054
0 0.03877005347593583 0.33 0.0374331550802139 0.052
1 0.5508021390374331 0.644 0.3074866310160428 0.548
1 0.2446524064171123 0.511 0.15240641711229946 0.308
1 0.8248663101604278 0.559 0.20588235294117646 0.402
1 0.06684491978609626 0.544 0.13368983957219252 0.384
2 0.4385026737967914 0.365 0.12566844919786097 0.066
2 0.34358288770053474 0.353 0.09893048128342247 0.056
2 0.8836898395721925 0.41 0.22994652406417113 0.108
2 0.008021390374331552 0.336 0.016042780748663103 0.046
2 0.9906417112299465 0.347 0.01871657754010695 0.044
0 0.5834491978609626 0.34286 0.024839572192513367 0.05714
1 0.27120320855614977 0.33642 0.026737967914438502 0.05286
