6 0.688 0.6737400530503979 0.038 0.16180371352785147
2 0.769 0.6741379310344828 0.05046 0.18647214854111405
6 0.407 0.6326259946949602 0.03 0.1246684350132626
2 0.822 0.6419098143236074 0.024 0.10079575596816977
2 0.8897 0.6418567639257294 0.03258 0.11660477453580902
2 0.734 0.6531299734748011 0.03 0.10994694960212202
2 0.85142 0.6370557029177718 0.02916 0.1096551724137931
6 0.34 0.5901856763925729 0.068 0.05570291777188329
2 0.8002999999999999 0.6484880636604774 0.02258 0.12456233421750663
1 0.91154 0.6276657824933687 0.02442 0.057692307692307696
2 0.209 0.7307692307692307 0.08 0.2625994694960212
1 0.472 0.6763925729442971 0.088 0.11405835543766578
7 0.27394 0.7009283819628647 0.2519 0.18018567639257296