6 0.13203125 0.5081967213114754 0.0171875 0.07259953161592506
6 0.1171875 0.5105386416861827 0.0171875 0.07259953161592506
6 0.09453125 0.5070257611241218 0.0140625 0.06323185011709602
2 0.263390625 0.5329742388758782 0.0518125 0.1081264637002342
6 0.05703125 0.5070257611241218 0.015625 0.0702576112412178
6 0.14375 0.5058548009367682 0.0125 0.06791569086651054
6 0.2234375 0.5035128805620609 0.0140625 0.0585480093676815
6 0.5265625 0.509367681498829 0.015625 0.04918032786885246
2 0.4109375 0.607728337236534 0.18125 0.3583138173302108
1 0.90703125 0.6007025761124122 0.184375 0.1451990632318501
7 0.025 0.5081967213114754 0.05 0.04215456674473068