6 0.4625 0.6635416666666667 0.09375 0.10416666666666667
6 0.6953125 0.815625 0.2140625 0.08958333333333333
6 0.9515625 0.6447916666666667 0.0953125 0.1875
4 0.87046875 0.6754166666666667 0.06999999999999999 0.14458333333333334
6 0.08671875 0.7125 0.0953125 0.05
6 0.21015625 0.59375 0.034375 0.14583333333333334
6 0.00546875 0.58125 0.0109375 0.09166666666666666
6 0.53515625 0.5614583333333333 0.0328125 0.04375
6 0.13359375 0.6583333333333333 0.0640625 0.052083333333333336
6 0.06640625 0.5697916666666667 0.015625 0.06666666666666667
6 0.5828125 0.8135416666666667 0.090625 0.08541666666666667
6 0.3546875 0.5885416666666666 0.0296875 0.09166666666666666
6 0.59453125 0.659375 0.1046875 0.04375
6 0.60703125 0.5739583333333333 0.034375 0.04375