7 0.453125 0.6627697841726619 0.0796875 0.07194244604316546
2 0.142796875 0.5899280575539568 0.28125 0.802158273381295
2 0.3046875 0.664568345323741 0.025 0.0683453237410072
2 0.59453125 0.6079136690647482 0.265625 0.762589928057554
6 0.021875 0.552158273381295 0.04375 0.14388489208633093
2 0.8640625 0.6591726618705036 0.03125 0.04316546762589928
1 0.33984375 0.6717625899280576 0.0578125 0.0539568345323741
1 0.9234375 0.6627697841726619 0.075 0.03776978417266187
1 0.97265625 0.6627697841726619 0.053125 0.04136690647482014
1 0.82578125 0.6627697841726619 0.0546875 0.03776978417266187
1 0.2625 0.6681654676258992 0.046875 0.08812949640287769
1 0.7515625 0.6627697841726619 0.0328125 0.03237410071942446
7 0.7825 0.6627697841726619 0.0359375 0.03597122302158273
1 0.99140625 0.6726618705035972 0.0171875 0.02158273381294964
1 0.88984375 0.6627697841726619 0.0359375 0.03776978417266187