6 0.67265625 0.425 0.2421875 0.7895833333333333
6 0.46171875 0.73125 0.1921875 0.3645833333333333
2 0.8207812499999999 0.3491666666666667 0.0775 0.22122916666666667
2 0.92671875 0.35675 0.09343749999999999 0.26558333333333334
6 0.94921875 0.6427083333333333 0.1 0.7104166666666667
6 0.25546875 0.27708333333333335 0.015625 0.06458333333333334
6 0.271875 0.278125 0.0171875 0.0625
6 0.41640625 0.2916666666666667 0.0203125 0.07708333333333334
2 0.1484375 0.3260416666666667 0.2375 0.40208333333333335
1 0.5296875 0.31666666666666665 0.1078125 0.07083333333333333
1 0.08203125 0.27395833333333336 0.0359375 0.03958333333333333
1 0.13671875 0.2833333333333333 0.0296875 0.041666666666666664
2 0.028125 0.26145833333333335 0.0203125 0.07083333333333333