2 0.165625 0.7542787286063569 0.3265625 0.33496332518337407
2 0.26484375 0.33251833740831294 0.075 0.04645476772616137
2 0.16875 0.3422982885085575 0.0859375 0.04645476772616137
2 0.034375 0.34596577017114916 0.06875 0.0488997555012225
2 0.6703125 0.31295843520782396 0.0515625 0.03667481662591687
2 0.75078125 0.3141809290953545 0.0484375 0.03667481662591687
2 0.84296875 0.3202933985330073 0.0265625 0.034229828850855744
2 0.8828125 0.31907090464547677 0.0453125 0.04156479217603912
2 0.9328125 0.4669926650366748 0.1265625 0.12469437652811736
2 0.578125 0.2995110024449878 0.0359375 0.022004889975550123
2 0.6421875 0.5721271393643031 0.284375 0.21515892420537897
2 0.61171875 0.29584352078239606 0.028125 0.02444987775061125
2 0.70703125 0.2921760391198044 0.015625 0.017114914425427872
2 0.54765625 0.293398533007335 0.2328125 0.039119804400977995
1 0.478125 0.5317848410757946 0.0953125 0.22249388753056235
