6 0.3375 0.74296875 0.2625 0.5125
2 0.7498958333333333 0.45348437500000005 0.09185416666666667 0.178828125
2 0.5643958333333334 0.44467187499999994 0.051708333333333335 0.11121875
2 0.5239583333333333 0.434375 0.03125 0.0515625
2 0.3729166666666667 0.4328125 0.01875 0.040625
2 0.31979166666666664 0.4359375 0.029166666666666667 0.0453125
2 0.46041666666666664 0.438578125 0.025 0.06309375
2 0.35 0.43203125 0.014583333333333334 0.028125
2 0.41458333333333336 0.43125 0.01875 0.0421875
2 0.9747083333333334 0.476 0.04847916666666666 0.15042187499999998
2 0.44375 0.43326562500000004 0.020833333333333332 0.058734375000000005
2 0.2791666666666667 0.43671875 0.0125 0.0234375
1 0.846875 0.440625 0.12291666666666666 0.0453125
1 0.9753958333333334 0.477796875 0.0491875 0.054234375