6 0.26458333333333334 0.6359375 0.4895833333333333 0.728125
2 0.7185208333333333 0.610171875 0.20625 0.1828125
6 0.8958333333333334 0.7265625 0.20833333333333334 0.521875
6 0.08020833333333334 0.4984375 0.07708333333333334 0.1375
2 0.5854791666666667 0.56325 0.0871875 0.101484375
6 0.121875 0.49140625 0.041666666666666664 0.1109375
6 0.18229166666666666 0.478125 0.04375 0.06875
6 0.020833333333333332 0.4953125 0.041666666666666664 0.103125
6 0.24375 0.45546875 0.041666666666666664 0.040625
6 0.8791666666666667 0.609375 0.06666666666666667 0.109375
2 0.1796875 0.530875 0.16979166666666667 0.193