0 0.1875 0.46955503512880564 0.021875 0.03981264637002342
0 0.83046875 0.48243559718969553 0.0109375 0.03278688524590164
5 0.51640625 0.4859484777517564 0.1203125 0.10304449648711944
0 0.22578125 0.5035128805620609 0.034375 0.13817330210772832
2 0.103125 0.5117096018735363 0.203125 0.17096018735362997
2 0.69375 0.5456674473067916 0.2140625 0.1522248243559719
2 0.453125 0.4894613583138173 0.03125 0.05152224824355972
5 0.6140625 0.48360655737704916 0.096875 0.09601873536299765
2 0.7984375 0.5292740046838408 0.1109375 0.11241217798594848
2 0.41796875 0.4847775175644028 0.0484375 0.05620608899297424
2 0.3546875 0.4929742388758782 0.025 0.053864168618266976
2 0.33515625 0.477751756440281 0.03125 0.04215456674473068
2 0.975 0.5140515222482436 0.05 0.06088992974238876
2 0.66328125 0.4637002341920375 0.028125 0.00702576112412178
2 0.31796875 0.4765807962529274 0.009375 0.0234192037470726
2 0.30703125 0.46955503512880564 0.0171875 0.02576112412177986
1 0.528125 0.5292740046838408 0.046875 0.19437939110070257
