6 0.80859375 0.5257611241217799 0.0359375 0.14988290398126464
6 0.83984375 0.5245901639344263 0.03125 0.13114754098360656
6 0.875 0.5175644028103045 0.040625 0.12646370023419204
2 0.062234374999999995 0.5647775175644028 0.060421875 0.1365807962529274
2 0.11379687499999999 0.5620374707259953 0.04375 0.11470725995316158
6 0.096875 0.5362997658079626 0.0140625 0.06323185011709602
1 0.8875 0.6276346604215457 0.225 0.234192037470726
1 0.38671875 0.617096018735363 0.175 0.19672131147540983
0 0.63359375 0.5011709601873536 0.21875 0.33021077283372363
1 0.48828125 0.5679156908665105 0.0859375 0.11475409836065574
1 0.4625 0.5140515222482436 0.040625 0.03044496487119438
5 0.20573437499999997 0.6456206088992974 0.09426562499999999 0.2380327868852459
1 0.51484375 0.5128805620608899 0.034375 0.04918032786885246
3 0.26875 0.5011709601873536 0.1984375 0.26229508196721313
3 0.63359375 0.4964871194379391 0.21875 0.32786885245901637