6 0.584375 0.5958333333333333 0.1703125 0.4875
2 0.73625 0.404375 0.0725 0.17750000000000002
6 0.6703125 0.40208333333333335 0.046875 0.17916666666666667
6 0.76328125 0.38333333333333336 0.025 0.075
1 0.39375 0.425 0.153125 0.12916666666666668
1 0.296875 0.36041666666666666 0.065625 0.0625
1 0.103125 0.32395833333333335 0.115625 0.041666666666666664
1 0.47890625 0.41458333333333336 0.0625 0.06458333333333334
1 0.2046875 0.3541666666666667 0.0421875 0.04375
1 0.3828125 0.3541666666666667 0.0625 0.035416666666666666
1 0.33203125 0.36666666666666664 0.015625 0.04583333333333333
1 0.35 0.3572916666666667 0.021875 0.035416666666666666