0 0.26171875 0.6535433070866141 0.178125 0.6712598425196851
0 0.13671875 0.5974409448818898 0.115625 0.6240157480314961
0 0.44609375 0.6653543307086615 0.2125 0.6417322834645669
0 0.046875 0.4704724409448819 0.0546875 0.11811023622047244
0 0.58125 0.4891732283464567 0.0421875 0.1515748031496063
0 0.5515625 0.4881889763779528 0.046875 0.14960629921259844
0 0.64453125 0.48720472440944884 0.01875 0.09448818897637795
0 0.62734375 0.4812992125984252 0.01875 0.10433070866141732
0 0.7578125 0.4655511811023622 0.015625 0.0688976377952756
0 0.69375 0.5068897637795275 0.028125 0.10826771653543307
0 0.7765625 0.49901574803149606 0.040625 0.12007874015748031
0 0.7140625 0.4940944881889764 0.0203125 0.10236220472440945
1 0.85 0.5482283464566929 0.2953125 0.40551181102362205
