6 0.651826280623608 0.476859375 0.3771046770601336 0.349046875
6 0.4710467706013363 0.20390625 0.07349665924276169 0.0890625
6 0.08463251670378619 0.04765625 0.0467706013363029 0.0890625
6 0.38752783964365256 0.06171875 0.026726057906458798 0.0453125
6 0.19821826280623608 0.059375 0.028953229398663696 0.05
6 0.33853006681514475 0.0625 0.026726057906458798 0.0484375
6 0.22160356347438753 0.06015625 0.026726057906458798 0.05
6 0.01893095768374165 0.053125 0.035634743875278395 0.0609375
6 0.01893095768374165 0.1015625 0.0378619153674833 0.06875
6 0.4376391982182628 0.0640625 0.024498886414253896 0.0421875
6 0.6893095768374164 0.07421875 0.0378619153674833 0.03125
6 0.5746102449888641 0.0484375 0.0200445434298441 0.028125
1 0.4977728285077951 0.0515625 0.09131403118040089 0.03125
3 0.13919821826280623 0.034375 0.07126948775055679 0.0296875
1 0.6146993318485523 0.04453125 0.062360801781737196 0.0234375
1 0.24053452115812918 0.04140625 0.05790645879732739 0.0203125
1 0.6893095768374164 0.04296875 0.062360801781737196 0.025
1 0.8208908685968819 0.042609375 0.09178173719376392 0.024656249999999998
1 0.9193541202672606 0.042328125 0.08512249443207126 0.024984375