0 0.5359375 0.6 0.065625 0.2125
0 0.60390625 0.609375 0.1078125 0.18541666666666667
0 0.8375 0.6760416666666667 0.1046875 0.36875
0 0.11171875 0.7083333333333334 0.10625 0.5833333333333334
0 0.19765625 0.6354166666666666 0.103125 0.32083333333333336
0 0.2484375 0.6135416666666667 0.0640625 0.2791666666666667
0 0.49609375 0.5760416666666667 0.0328125 0.15416666666666667
0 0.471875 0.5739583333333333 0.0359375 0.12916666666666668
0 0.45 0.5520833333333334 0.0390625 0.12083333333333333
0 0.05 0.5229166666666667 0.04375 0.11666666666666667
0 0.9140625 0.6489583333333333 0.1390625 0.5395833333333333
1 0.38046875 0.7041666666666667 0.4953125 0.5916666666666667
