2 0.26328125 0.7345814977973568 0.1078125 0.08149779735682819
0 0.68828125 0.710352422907489 0.025 0.09911894273127753
0 0.73359375 0.7026431718061674 0.034375 0.11894273127753303
2 0.1703125 0.7059471365638766 0.0734375 0.028634361233480177
5 0.48125 0.7026431718061674 0.0421875 0.05726872246696035
5 0.21015625 0.7059471365638766 0.0453125 0.048458149779735685
2 0.11796875 0.7070484581497798 0.071875 0.03303964757709251
2 0.4515625 0.7070484581497798 0.01875 0.019823788546255508
2 0.42734375 0.7147577092511013 0.0296875 0.02643171806167401
2 0.0734375 0.7048458149779736 0.0578125 0.03524229074889868
5 0.0734375 0.7158590308370044 0.0609375 0.05726872246696035
1 0.346875 0.762114537444934 0.2078125 0.47577092511013214
2 0.018984375 0.709669603524229 0.03528125 0.04323788546255506
