0 0.859375 0.5772833723653396 0.0953125 0.3395784543325527
0 0.6671875 0.5843091334894613 0.1140625 0.3981264637002342
0 0.765625 0.5714285714285714 0.06875 0.3700234192037471
0 0.0328125 0.5913348946135831 0.065625 0.3864168618266979
0 0.090625 0.5714285714285714 0.0609375 0.2810304449648712
0 0.15625 0.5737704918032787 0.06875 0.2646370023419204
0 0.309375 0.44730679156908665 0.0984375 0.1592505854800937
0 0.22578125 0.563231850117096 0.0640625 0.2505854800936768
0 0.984375 0.544496487119438 0.0296875 0.20140515222482436
0 0.4984375 0.47892271662763464 0.053125 0.0585480093676815
0 0.96015625 0.5411475409836065 0.0390625 0.15189695550351287
0 0.4609375 0.48243559718969553 0.03125 0.04918032786885246
0 0.203125 0.5620608899297423 0.0359375 0.24824355971896955
0 0.26015625 0.563231850117096 0.034375 0.24355971896955503
0 0.72109375 0.5456674473067916 0.025 0.1686182669789227
0 0.42890625 0.48711943793911006 0.0265625 0.04449648711943794
0 0.376046875 0.48337236533957845 0.018734375 0.05807962529274005
0 0.39796875 0.4772131147540984 0.033437499999999995 0.06135831381733021
0 0.356421875 0.4786885245901639 0.014937500000000001 0.05807962529274005
