0 0.55234375 0.6737089201877934 0.0796875 0.4272300469483568
0 0.7046875 0.6936619718309859 0.075 0.38967136150234744
0 0.46640625 0.6314553990610329 0.0765625 0.2323943661971831
0 0.3015625 0.562206572769953 0.0265625 0.12441314553990611
0 0.36796875 0.6443661971830986 0.0546875 0.16666666666666666
0 0.25703125 0.5516431924882629 0.0328125 0.09154929577464789
0 0.31875 0.5715962441314554 0.01875 0.107981220657277
0 0.37421875 0.5692488262910798 0.0421875 0.08685446009389672
0 0.2125 0.539906103286385 0.025 0.06338028169014084
0 0.278125 0.5537089201877934 0.0265625 0.13673708920187794
0 0.3578125 0.5129107981220657 0.0171875 0.035211267605633804
0 0.1921875 0.5328638497652582 0.0203125 0.05868544600938967
0 0.23203125 0.539906103286385 0.01875 0.0539906103286385
7 0.1609375 0.5152582159624414 0.0296875 0.03051643192488263
0 0.40703125 0.5792723004694836 0.028125 0.15368544600938966
0 0.38740625 0.5187089201877935 0.02521875 0.06035211267605634
