6 0.73203125 0.5372549019607843 0.0984375 0.396078431372549
6 0.071875 0.6352941176470588 0.0796875 0.43137254901960786
6 0.35234375 0.33725490196078434 0.08125 0.4823529411764706
6 0.91640625 0.5333333333333333 0.1046875 0.4823529411764706
6 0.2046875 0.5098039215686274 0.1125 0.3843137254901961
6 0.56640625 0.37254901960784315 0.1 0.4549019607843137
6 0.4578125 0.3196078431372549 0.06875 0.5294117647058824
2 0.033828125 0.3221176470588235 0.037046875 0.12015686274509804
2 0.2546875 0.3352941176470588 0.0296875 0.14901960784313725
6 0.2171875 0.3176470588235294 0.01875 0.09019607843137255
6 0.41015625 0.35490196078431374 0.0171875 0.12941176470588237
1 0.684375 0.28627450980392155 0.0546875 0.050980392156862744
1 0.6171875 0.28431372549019607 0.053125 0.06274509803921569
1 0.7623125 0.2867843137254902 0.050375 0.06054901960784313
6 0.087953125 0.3257647058823529 0.019671875 0.09698039215686274
2 0.49264062500000005 0.368 0.044125 0.10921568627450981