2 0.1078125 0.6373239436619719 0.2046875 0.30985915492957744
2 0.29765625 0.5657276995305164 0.15625 0.1267605633802817
2 0.77578125 0.6948356807511737 0.3640625 0.352112676056338
2 0.578125 0.5516431924882629 0.0734375 0.0892018779342723
2 0.55390625 0.5234741784037559 0.0390625 0.056338028169014086
2 0.40234375 0.5316901408450704 0.0375 0.06572769953051644
2 0.7453125 0.5082159624413145 0.1078125 0.035211267605633804
3 0.88125 0.5410798122065728 0.0625 0.03990610328638498
2 0.540625 0.5093896713615024 0.03125 0.051643192488262914
2 0.453125 0.5164319248826291 0.03125 0.056338028169014086
2 0.46796875 0.5117370892018779 0.015625 0.03755868544600939
3 0.90625 0.5316901408450704 0.03125 0.056338028169014086
0 0.084375 0.4706572769953052 0.021875 0.04460093896713615
1 0.51484375 0.5528169014084507 0.03125 0.14788732394366197
1 0.42824999999999996 0.5367840375586854 0.02890625 0.14549295774647886
1 0.487234375 0.5651643192488263 0.034375 0.17720657276995305
0 0.0619375 0.4615962441314554 0.01909375 0.044976525821596246
