6 0.08515625 0.5995316159250585 0.0390625 0.05152224824355972
2 0.9443906249999999 0.6428571428571429 0.0234375 0.10070257611241218
0 0.4484375 0.5046838407494145 0.559375 0.9297423887587822
1 0.0921875 0.7213114754098361 0.184375 0.1920374707259953
0 0.08125 0.5597189695550351 0.1609375 0.1873536299765808
0 0.7453125 0.5749414519906323 0.0828125 0.17330210772833723
1 0.728125 0.6416861826697893 0.0484375 0.0585480093676815
1 0.815625 0.6264637002341921 0.0609375 0.05152224824355972
1 0.89765625 0.6217798594847775 0.0484375 0.0468384074941452
1 0.85 0.6229508196721312 0.059375 0.04918032786885246
0 0.171875 0.5819672131147541 0.04375 0.18969555035128804
1 0.9780625000000001 0.6405152224824356 0.043671875 0.06088992974238876
2 0.9754375 0.6386651053864169 0.02096875 0.07334894613583139