0 0.765 0.6811111111111111 0.13166666666666665 0.6377777777777778
0 0.3908333333333333 0.4255555555555556 0.07833333333333334 0.24666666666666667
0 0.2866666666666667 0.4177777777777778 0.05333333333333334 0.18444444444444444
0 0.6483333333333333 0.38222222222222224 0.06 0.15333333333333332
0 0.0275 0.45666666666666667 0.055 0.43555555555555553
0 0.57 0.3888888888888889 0.06666666666666667 0.1111111111111111
0 0.44666666666666666 0.3877777777777778 0.045 0.13333333333333333
0 0.5225 0.37444444444444447 0.058333333333333334 0.09555555555555556
1 0.16916666666666666 0.4577777777777778 0.14333333333333334 0.32
7 0.5903833333333334 0.34586666666666666 0.19591666666666666 0.08726666666666667
8 0.4366333333333334 0.3275333333333333 0.09825 0.09062222222222223
8 0.241 0.28082222222222225 0.12458333333333334 0.14684444444444444
