6 0.37265625 0.5058548009367682 0.1875 0.639344262295082
6 0.503125 0.5362997658079626 0.246875 0.7822014051522248
6 0.109375 0.43911007025761123 0.1328125 0.43559718969555034
6 0.871875 0.38992974238875877 0.0375 0.15690866510538642
6 0.0171875 0.34660421545667447 0.034375 0.1686182669789227
6 0.9890625 0.4180327868852459 0.021875 0.2107728337236534
6 0.7734375 0.40046838407494145 0.0328125 0.17330210772833723
6 0.609375 0.373536299765808 0.0390625 0.1873536299765808
6 0.9703125 0.40398126463700235 0.0421875 0.19672131147540983
6 0.25078125 0.36416861826697894 0.046875 0.17330210772833723
6 0.1640625 0.373536299765808 0.034375 0.18032786885245902
6 0.66796875 0.3758782201405152 0.0359375 0.14988290398126464
6 0.2203125 0.3149882903981265 0.0265625 0.08196721311475409
6 0.82734375 0.36768149882903983 0.0296875 0.1405152224824356
6 0.7875 0.3946135831381733 0.01875 0.1592505854800937
6 0.1939375 0.39330210772833724 0.029406250000000002 0.2080093676814988
6 0.29228125 0.3836533957845433 0.029406250000000002 0.19974238875878222
6 0.3345625 0.3747072599531616 0.03125 0.19562060889929742
2 0.9586406249999999 0.40156908665105384 0.08271875 0.1418969555035129