0 0.48203125 0.5035294117647059 0.040625 0.24235294117647058
0 0.553125 0.48470588235294115 0.046875 0.16941176470588235
0 0.44375 0.48470588235294115 0.034375 0.11294117647058824
0 0.31015625 0.5458823529411765 0.06875 0.1811764705882353
0 0.4109375 0.6247058823529412 0.0609375 0.3905882352941176
0 0.1046875 0.7905882352941176 0.1078125 0.4188235294117647
0 0.1953125 0.4835294117647059 0.0453125 0.1223529411764706
0 0.540625 0.4223529411764706 0.0140625 0.02588235294117647
0 0.715625 0.37529411764705883 0.034375 0.09647058823529411
0 0.840625 0.46941176470588236 0.090625 0.3835294117647059
0 0.26015625 0.7505882352941177 0.16875 0.47294117647058825
0 0.78984375 0.37529411764705883 0.053125 0.13176470588235295
0 0.7609375 0.3776470588235294 0.0421875 0.11529411764705882
