3 0.52109375 0.6598639455782312 0.271875 0.3424036281179138
0 0.22421875 0.5056689342403629 0.159375 0.5011337868480725
0 0.35 0.5317460317460317 0.096875 0.5260770975056689
0 0.8046875 0.7346938775510204 0.2578125 0.3287981859410431
0 0.4625 0.4365079365079365 0.0703125 0.2494331065759637
0 0.721875 0.5385487528344671 0.1609375 0.5328798185941043
0 0.59921875 0.3469387755102041 0.0390625 0.11564625850340136
0 0.625 0.36394557823129253 0.075 0.10884353741496598
2 0.61953125 0.3072562358276644 0.0765625 0.08390022675736962
0 0.03125 0.45691609977324266 0.0625 0.35374149659863946
0 0.8171875 0.5736961451247166 0.153125 0.30385487528344673
0 0.30625 0.31179138321995464 0.0609375 0.09750566893424037
0 0.428125 0.41950113378684806 0.0515625 0.25396825396825395
0 0.4984375 0.3242630385487528 0.01875 0.06575963718820861
0 0.1023125 0.5020181405895692 0.12740625 0.5105215419501133
