7 0.29140625 0.5362149532710281 0.0765625 0.04205607476635514
0 0.21171875 0.7453271028037384 0.0328125 0.08878504672897196
0 0.29609375 0.735981308411215 0.0578125 0.08411214953271028
0 0.37421875 0.6857476635514018 0.0296875 0.05841121495327103
0 0.346875 0.7032710280373832 0.025 0.056074766355140186
0 0.3921875 0.6717289719626168 0.0296875 0.07009345794392523
0 0.3265625 0.705607476635514 0.025 0.06775700934579439
0 0.1078125 0.5922897196261683 0.015625 0.06542056074766354
2 0.94140625 0.5771028037383178 0.109375 0.08878504672897196
2 0.9796875 0.5992990654205608 0.0390625 0.09579439252336448
2 0.85625 0.5385514018691588 0.0421875 0.0514018691588785
7 0.84140625 0.5198598130841121 0.040625 0.053738317757009345
7 0.49453125 0.5058411214953271 0.0328125 0.030373831775700934
2 0.73046875 0.47079439252336447 0.021875 0.011682242990654205
2 0.64296875 0.4894859813084112 0.015625 0.016355140186915886
