6 0.9578125 0.44028103044496486 0.0203125 0.0936768149882904
6 0.87578125 0.43911007025761123 0.025 0.10070257611241218
2 0.81328125 0.4330913348946136 0.021875 0.09800936768149883
2 0.85546875 0.44379391100702575 0.0234375 0.09836065573770492
2 0.9109375 0.4361592505854801 0.025 0.1252224824355972
6 0.94296875 0.43208430913348944 0.0140625 0.06557377049180328
2 0.84140625 0.43911007025761123 0.0171875 0.09836065573770492
6 0.47109375 0.47892271662763464 0.0546875 0.22716627634660422
6 0.0359375 0.42505854800936765 0.0140625 0.06791569086651054
2 0.8328125 0.43676814988290397 0.01875 0.10070257611241218
2 0.21796875 0.5351288056206089 0.140625 0.32786885245901637
8 0.17109375 0.40398126463700235 0.0609375 0.03044496487119438
2 0.279640625 0.41714285714285715 0.021203125 0.05327868852459016