6 0.74296875 0.6323185011709602 0.0359375 0.12412177985948478
1 0.85234375 0.7072599531615925 0.29375 0.3231850117096019
0 0.47265625 0.572599531615925 0.38125 0.41451990632318503
1 0.30390625 0.7550585480093678 0.4109375 0.26229508196721313
2 0.81640625 0.6018735362997658 0.090625 0.1686182669789227
2 0.11328125 0.7142857142857143 0.0453125 0.12412177985948478
6 0.36484375 0.6955503512880562 0.071875 0.07494145199063232
6 0.3 0.7014051522248244 0.040625 0.07494145199063232
2 0.22996875 0.7716627634660421 0.169765625 0.4449648711943794
2 0.5515625 0.7388758782201406 0.1296875 0.3911007025761124
2 0.6671875 0.6932084309133489 0.084375 0.33489461358313816
1 0.03125 0.752927400468384 0.0609375 0.12177985948477751
1 0.01328125 0.7915690866510539 0.0265625 0.1288056206088993
1 0.7203125 0.6100702576112412 0.0453125 0.06088992974238876
1 0.896875 0.6135831381733021 0.1359375 0.1053864168618267
1 0.69375 0.6264637002341921 0.0359375 0.06791569086651054