1 0.19353125 0.6533406113537118 0.29118750000000004 0.4551310043668122
0 0.8421875 0.7445414847161572 0.1625 0.4978165938864629
0 0.33125 0.5862445414847162 0.08125 0.27074235807860264
0 0.57265625 0.5687772925764192 0.090625 0.3034934497816594
0 0.17421875 0.6943231441048034 0.1046875 0.462882096069869
0 0.43125 0.5240174672489083 0.0515625 0.2183406113537118
0 0.509375 0.5720524017467249 0.053125 0.22489082969432314
0 0.721875 0.5524017467248908 0.0515625 0.2445414847161572
0 0.02109375 0.6342794759825328 0.0421875 0.26200873362445415
0 0.23828125 0.5545851528384279 0.05 0.2183406113537118
0 0.6578125 0.5043668122270742 0.0390625 0.17685589519650655
0 0.98515625 0.5709606986899564 0.0296875 0.2554585152838428
0 0.69375 0.5240174672489083 0.04375 0.21615720524017468
0 0.95 0.537117903930131 0.0578125 0.26200873362445415
0 0.08842187500000001 0.5987991266375546 0.08878125 0.3198471615720524
0 0.76640625 0.5327510917030568 0.040625 0.1943231441048035
0 0.86328125 0.4923580786026201 0.0640625 0.1965065502183406
0 0.81015625 0.5229257641921398 0.0515625 0.15938864628820962
0 0.90703125 0.5338427947598253 0.046875 0.2183406113537118
0 0.4015625 0.5218340611353712 0.0296875 0.1812227074235808
0 0.04296875 0.6277292576419214 0.0390625 0.2576419213973799
0 0.609375 0.5327510917030568 0.0390625 0.21397379912663755
0 0.0234375 0.4912663755458515 0.0453125 0.0851528384279476
