6 0.1703125 0.5199063231850117 0.1203125 0.5807962529274004
6 0.92734375 0.5960187353629977 0.09375 0.5714285714285714
2 0.75453125 0.665807962529274 0.09896875000000001 0.28714285714285714
6 0.275 0.38992974238875877 0.1703125 0.3840749414519906
6 0.77265625 0.4566744730679157 0.0765625 0.3114754098360656
6 0.48515625 0.4601873536299766 0.0609375 0.2693208430913349
6 0.97109375 0.6112412177985949 0.05625 0.6744730679156908
6 0.8328125 0.5913348946135831 0.0609375 0.36768149882903983
6 0.0734375 0.45550351288056207 0.0734375 0.36533957845433257
6 0.440625 0.4203747072599532 0.0484375 0.22482435597189696
6 0.51484375 0.4332552693208431 0.040625 0.27634660421545665
6 0.39609375 0.39344262295081966 0.03125 0.17798594847775176
6 0.66640625 0.5046838407494145 0.075 0.36768149882903983
6 0.33359375 0.37822014051522246 0.0421875 0.13817330210772832
6 0.55859375 0.373536299765808 0.028125 0.13114754098360656
6 0.83671875 0.4133489461358314 0.075 0.18032786885245902
6 0.36015625 0.3957845433255269 0.034375 0.1686182669789227
6 0.9015625 0.382903981264637 0.0875 0.20608899297423888
6 0.01796875 0.45901639344262296 0.0359375 0.20608899297423888
6 0.59140625 0.41569086651053866 0.0296875 0.17096018735362997
6 0.03984375 0.373536299765808 0.03125 0.1405152224824356
6 0.618859375 0.41217798594847777 0.03559375 0.18320843091334896
6 0.636328125 0.33679156908665103 0.0270625 0.05814988290398126