2 0.342578125 0.5675943396226415 0.68515625 0.8490801886792453
6 0.58046875 0.38325471698113206 0.0359375 0.12264150943396226
1 0.7625 0.5 0.475 0.30424528301886794
1 0.61640625 0.38089622641509435 0.025 0.04009433962264151
1 0.653125 0.38089622641509435 0.03125 0.03773584905660377
1 0.63984375 0.38207547169811323 0.028125 0.03537735849056604
1 0.56796875 0.3738207547169811 0.0265625 0.06367924528301887
1 0.7125 0.38325471698113206 0.0484375 0.02830188679245283
1 0.6984375 0.38207547169811323 0.0203125 0.025943396226415096
7 0.52265625 0.3785377358490566 0.084375 0.07783018867924528
6 0.28359375 0.37264150943396224 0.015625 0.06132075471698113