0 0.496875 0.25 0.2484375 0.4953271028037383
0 0.3453125 0.286214953271028 0.0484375 0.22897196261682243
0 0.71953125 0.39369158878504673 0.075 0.2616822429906542
0 0.025 0.17523364485981308 0.046875 0.34579439252336447
0 0.86875 0.4602803738317757 0.0703125 0.24766355140186916
0 0.915625 0.5035046728971962 0.0078125 0.035046728971962614
0 0.79375 0.44509345794392524 0.0203125 0.07476635514018691
0 0.6328125 0.41705607476635514 0.0265625 0.04672897196261682
0 0.4125 0.25817757009345793 0.046875 0.07476635514018691
0 0.1765625 0.22313084112149534 0.0609375 0.2780373831775701
0 0.95546875 0.47313084112149534 0.0890625 0.352803738317757
0 0.65546875 0.4030373831775701 0.03125 0.12149532710280374
0 0.36015625 0.2897196261682243 0.0625 0.2733644859813084
1 0.340625 0.28738317757009346 0.1015625 0.23130841121495327
1 0.340625 0.2897196261682243 0.1015625 0.2733644859813084
