4 0.494281045751634 0.5473856209150327 0.7107843137254902 0.6127450980392157
0 0.6299019607843137 0.46078431372549017 0.11601307189542484 0.09477124183006536
0 0.08251633986928104 0.565359477124183 0.03104575163398693 0.08823529411764706
2 0.9705882352941176 0.5490196078431373 0.058823529411764705 0.0457516339869281
2 0.928921568627451 0.5449346405228758 0.04738562091503268 0.042483660130718956
2 0.8619281045751634 0.5400326797385621 0.06535947712418301 0.027777777777777776
2 0.9624183006535948 0.5310457516339869 0.0392156862745098 0.013071895424836602
0 0.4354575163398693 0.5310457516339869 0.05555555555555555 0.0718954248366013
0 0.8897058823529411 0.5473856209150327 0.029411764705882353 0.06862745098039216
0 0.40441176470588236 0.4714052287581699 0.011437908496732025 0.03758169934640523
1 0.1511437908496732 0.7687908496732027 0.3022875816993464 0.4624183006535948
