2 0.842921875 0.5910714285714286 0.03584375 0.2035357142857143
2 0.24493749999999997 0.6510357142857143 0.047609374999999995 0.2735
2 0.08409375 0.6429285714285715 0.033828125 0.22160714285714284
2 0.698109375 0.6353571428571428 0.06396874999999999 0.22789285714285715
2 0.17334375 0.6043928571428571 0.027937499999999997 0.12667857142857142
2 0.55390625 0.7428571428571429 0.1953125 0.4392857142857143
2 0.44907812500000005 0.6966785714285714 0.14346874999999998 0.32192857142857145
2 0.3140625 0.7375 0.1359375 0.4142857142857143
5 0.1310625 0.6970714285714286 0.059750000000000004 0.29764285714285715
6 0.34384375 0.5779285714285715 0.01121875 0.038250000000000006
6 0.353125 0.57375 0.008828125000000001 0.046642857142857146