2 0.50546875 0.6990632318501171 0.121875 0.10304449648711944
2 0.90546875 0.6627634660421545 0.05625 0.0585480093676815
2 0.709375 0.65807962529274 0.0765625 0.08196721311475409
0 0.36875 0.7681498829039812 0.0765625 0.2693208430913349
0 0.9828125 0.6627634660421545 0.015625 0.07494145199063232
0 0.54921875 0.6487119437939111 0.0140625 0.04918032786885246
2 0.77265625 0.6451990632318502 0.025 0.04215456674473068
2 0.7984375 0.6381733021077284 0.025 0.04449648711943794
2 0.82265625 0.6358313817330211 0.0265625 0.03044496487119438
2 0.85078125 0.6288056206088993 0.0359375 0.03044496487119438
2 0.9 0.6182669789227166 0.0265625 0.0234192037470726
2 0.78671875 0.6428571428571429 0.025 0.03981264637002342
2 0.75859375 0.6487119437939111 0.025 0.03981264637002342
1 0.22734375 0.7822014051522248 0.215625 0.33489461358313816
