2 0.61875 0.5159313725490197 0.03125 0.029411764705882353
2 0.92578125 0.5575980392156863 0.1484375 0.1323529411764706
0 0.32734375 0.5674019607843137 0.0671875 0.27450980392156865
0 0.2828125 0.5698529411764706 0.0375 0.25980392156862747
0 0.228125 0.5723039215686274 0.04375 0.13970588235294118
0 0.36171875 0.5049019607843137 0.025 0.12745098039215685
0 0.43046875 0.5343137254901961 0.053125 0.25980392156862747
0 0.48203125 0.5355392156862745 0.059375 0.23284313725490197
0 0.4953125 0.45465686274509803 0.0171875 0.022058823529411766
2 0.734375 0.5477941176470589 0.0265625 0.08088235294117647
0 0.203125 0.571078431372549 0.0328125 0.12745098039215685
0 0.34296875 0.5392156862745098 0.01875 0.10294117647058823
0 0.52890625 0.5600490196078431 0.0484375 0.21568627450980393
0 0.3890625 0.5514705882352942 0.0609375 0.20588235294117646
1 0.7125 0.5637254901960784 0.04375 0.1568627450980392
1 0.655984375 0.5730637254901961 0.095828125 0.1731127450980392
1 0.590359375 0.5598039215686275 0.058328124999999995 0.15066176470588236
1 0.68984375 0.5591911764705882 0.028125 0.14534313725490194
0 0.7676093749999999 0.5120588235294118 0.012656249999999999 0.06279411764705882
0 0.40112500000000006 0.45303921568627453 0.014453125 0.034362745098039216
0 0.44604687500000006 0.4580392156862745 0.01678125 0.04693627450980392
2 0.60059375 0.521985294117647 0.012140624999999999 0.025122549019607844
2 0.68115625 0.5032107843137255 0.02109375 0.03215686274509804
2 0.070921875 0.5311764705882352 0.13940625 0.1125
