0 0.94140625 0.6916666666666667 0.1078125 0.3875
1 0.5265625 0.6660208333333333 0.071875 0.352875
1 0.79765625 0.60625 0.040625 0.13958333333333334
1 0.59375 0.6708333333333333 0.05625 0.30416666666666664
4 0.31437499999999996 0.5320833333333334 0.43968749999999995 0.4891666666666667
2 0.12890625 0.6927083333333334 0.2578125 0.30416666666666664
2 0.66171875 0.6 0.075 0.09375
2 0.690625 0.5864583333333333 0.06875 0.08125
2 0.6203125 0.6104166666666667 0.0453125 0.11666666666666667
4 0.76015625 0.534375 0.0671875 0.09166666666666666
2 0.73828125 0.584375 0.06875 0.0875
