6 0.264 0.5840840840840841 0.126 0.4924924924924925
6 0.858 0.5705705705705706 0.148 0.5435435435435435
6 0.707 0.6621621621621622 0.176 0.26426426426426425
2 0.80986 0.44585585585585585 0.08028 0.191981981981982
6 0.116 0.4804804804804805 0.046 0.0990990990990991
6 0.432 0.46546546546546547 0.028 0.06906906906906907
6 0.399 0.45345345345345345 0.028 0.13513513513513514
6 0.604 0.4894894894894895 0.058 0.15315315315315314
6 0.518 0.48348348348348347 0.026 0.1111111111111111
6 0.549 0.4864864864864865 0.04 0.10510510510510511
6 0.075 0.45345345345345345 0.012 0.02702702702702703
6 0.38 0.46396396396396394 0.028 0.10510510510510511