2 0.584375 0.4328125 0.08125 0.0609375
2 0.059375 0.43828125 0.11875 0.0875
2 0.4921875 0.43515625 0.0921875 0.0484375
0 0.65703125 0.45703125 0.0609375 0.175
0 0.778125 0.41875 0.059375 0.1125
5 0.89375 0.44140625 0.2125 0.2890625
0 0.07421875 0.40234375 0.009375 0.0171875
0 0.1125 0.4015625 0.0203125 0.0140625
2 0.35703125 0.425 0.1296875 0.1046875
2 0.61953125 0.41015625 0.0421875 0.028125
2 0.1671875 0.44375 0.090625 0.071875
2 0.72421875 0.4265625 0.065625 0.05625
0 0.0875 0.40625 0.0125 0.0125
5 0.4296875 0.40703125 0.13125 0.115625
5 0.70234375 0.40234375 0.0484375 0.053125
1 0.2609375 0.66875 0.2015625 0.6140625
