3 0.37734375 0.6721698113207547 0.078125 0.16273584905660377
0 0.44609375 0.6615566037735849 0.025 0.1721698113207547
0 0.16640625 0.5648584905660378 0.0421875 0.2028301886792453
0 0.8328125 0.5908018867924528 0.0265625 0.07783018867924528
0 0.15078125 0.4811320754716981 0.0203125 0.08726415094339622
5 0.57890625 0.6191037735849056 0.2515625 0.4080188679245283
0 0.21484375 0.5707547169811321 0.0234375 0.04245283018867924
0 0.1921875 0.5436320754716981 0.025 0.09905660377358491
0 0.80078125 0.6096698113207547 0.046875 0.09905660377358491
0 0.37578125 0.660377358490566 0.084375 0.18867924528301888
0 0.096875 0.46226415094339623 0.0609375 0.24056603773584906
0 0.13359375 0.5035377358490566 0.046875 0.1721698113207547
0 0.04453125 0.37028301886792453 0.0609375 0.19339622641509435
0 0.98125 0.5813679245283019 0.0375 0.1391509433962264
1 0.303125 0.6556603773584906 0.0515625 0.23349056603773585
