1 0.10546875 0.5090702947845805 0.1421875 0.47165532879818595
0 0.7203125 0.5498866213151927 0.159375 0.5510204081632653
0 0.8046875 0.7369614512471655 0.2578125 0.3310657596371882
0 0.34609375 0.5351473922902494 0.1 0.528344671201814
0 0.034375 0.4580498866213152 0.06875 0.35600907029478457
0 0.46875 0.4421768707482993 0.075 0.25170068027210885
0 0.8125 0.5839002267573696 0.1515625 0.30158730158730157
0 0.428125 0.41950113378684806 0.0484375 0.2494331065759637
0 0.59921875 0.3469387755102041 0.040625 0.11791383219954649
0 0.55703125 0.4002267573696145 0.0765625 0.20408163265306123
0 0.3046875 0.31405895691609975 0.059375 0.09750566893424037
0 0.5109375 0.4376417233560091 0.071875 0.2585034013605442
0 0.62578125 0.3945578231292517 0.071875 0.16326530612244897
0 0.57734375 0.3435374149659864 0.0328125 0.10430839002267574
1 0.215625 0.518140589569161 0.1765625 0.5260770975056689
0 0.78278125 0.35054421768707483 0.03846875 0.07222222222222223
0 0.78078125 0.3143537414965986 0.01990625 0.04820861678004536
2 0.6244531249999999 0.3060997732426304 0.0843125 0.07702947845804989
