2 0.20471875 0.7198564593301435 0.0188125 0.0880622009569378
2 0.625046875 0.663086124401914 0.027953125000000002 0.07019138755980861
2 0.714453125 0.6036842105263158 0.0219375 0.06145933014354067
2 0.534859375 0.7965071770334928 0.0309375 0.06906698564593301
2 0.5747656250000001 0.6898086124401913 0.026687499999999996 0.08299043062200956
2 0.668984375 0.708468899521531 0.025578125 0.06528708133971292
2 0.32265625 0.6035406698564594 0.0140625 0.06834928229665072
2 0.6739531249999999 0.6487559808612441 0.022078125 0.053444976076555024
2 0.5018906249999999 0.8021052631578947 0.03096875 0.0755023923444976
2 0.3194375 0.6958373205741627 0.015437500000000002 0.07107655502392345
6 0.45859375 0.4126794258373206 0.0109375 0.04784688995215311
2 0.8534218750000001 0.42119617224880385 0.031046875 0.046220095693779904
2 0.349390625 0.5641387559808613 0.034875 0.05892344497607655
6 0.23515625 0.4354066985645933 0.015625 0.04784688995215311
6 0.4375 0.3923444976076555 0.0109375 0.03588516746411483
6 0.631296875 0.4167464114832536 0.020390625000000002 0.05119617224880382
6 0.878125 0.34688995215311 0.0140625 0.0430622009569378
2 0.7668125 0.549377990430622 0.020578125 0.06287081339712919
2 0.818984375 0.43940191387559807 0.03359375 0.0534688995215311
2 0.2296875 0.22248803827751196 0.0125 0.04784688995215311
6 0.42734375 0.326555023923445 0.009375 0.03588516746411483
6 0.471875 0.3923444976076555 0.0125 0.04066985645933014
2 0.246234375 0.3390430622009569 0.017359375 0.06564593301435406
6 0.58046875 0.3409090909090909 0.0125 0.04066985645933014
0 0.83515625 0.22607655502392343 0.121875 0.14354066985645933
0 0.3015625 0.34330143540669855 0.08125 0.20095693779904306
2 0.596125 0.749688995215311 0.034437499999999996 0.07236842105263158
2 0.764390625 0.4210287081339713 0.029390624999999997 0.05035885167464115
2 0.912671875 0.39964114832535885 0.029578125 0.04409090909090909
2 0.8139218749999999 0.5028708133971291 0.020734375 0.06456937799043062
2 0.750859375 0.517488038277512 0.025124999999999998 0.056937799043062204
2 0.57734375 0.38435406698564595 0.02303125 0.041937799043062204
2 0.62646875 0.4507655502392344 0.0296875 0.04098086124401914