0 0.33359375 0.578125 0.09375 0.25625
0 0.4671875 0.52734375 0.0390625 0.10625
0 0.44296875 0.52421875 0.028125 0.1109375
0 0.24140625 0.5171875 0.01875 0.06875
0 0.28515625 0.525 0.0328125 0.103125
0 0.96796875 0.5125 0.015625 0.0390625
0 0.26875 0.52109375 0.01875 0.0640625
0 0.2265625 0.51640625 0.0171875 0.04375
0 0.2078125 0.51015625 0.015625 0.0296875
0 0.94765625 0.51328125 0.01875 0.0390625
0 0.36953125 0.49609375 0.0375 0.0640625
0 0.196875 0.509375 0.009375 0.034375
2 0.9859375 0.5296875 0.0265625 0.0328125
4 0.734375 0.49609375 0.1890625 0.0921875
8 0.86953125 0.50703125 0.05 0.0640625
4 0.61640625 0.4984375 0.0546875 0.0625
