7 0.36354166666666665 0.82421875 0.10625 0.0890625
1 0.6197916666666666 0.75703125 0.21041666666666667 0.4
2 0.7520833333333333 0.83359375 0.10833333333333334 0.090625
2 0.93125 0.828125 0.13541666666666666 0.1671875
2 0.41458333333333336 0.82109375 0.03333333333333333 0.0546875
2 0.8635416666666667 0.82421875 0.07291666666666667 0.15
2 0.4583333333333333 0.80078125 0.029166666666666667 0.01875
2 0.8291666666666667 0.82421875 0.06458333333333334 0.1421875
8 0.7510416666666667 0.77109375 0.12291666666666666 0.0953125
2 0.7864583333333334 0.83984375 0.04375 0.0921875
2 0.409375 0.78515625 0.027083333333333334 0.01875
