0 0.34375 0.784375 0.115625 0.4270833333333333
0 0.17109375 0.7739583333333333 0.1171875 0.45208333333333334
0 0.6703125 0.6822916666666666 0.05 0.19791666666666666
0 0.50625 0.6177083333333333 0.0265625 0.07083333333333333
0 0.53359375 0.609375 0.021875 0.075
0 0.62109375 0.63125 0.0296875 0.09583333333333334
0 0.6203125 0.878125 0.109375 0.24375
0 0.5171875 0.8520833333333333 0.11875 0.25
0 0.9265625 0.6010416666666667 0.021875 0.035416666666666666
0 0.209375 0.609375 0.034375 0.07916666666666666
0 0.4078125 0.64375 0.09375 0.22291666666666668
0 0.0734375 0.603125 0.028125 0.07916666666666666
0 0.05 0.596875 0.0296875 0.052083333333333336
