7 0.8076923076923077 0.60625 0.3827392120075047 0.246875
6 0.150093808630394 0.8359375 0.1726078799249531 0.321875
2 0.48686679174484054 0.635 0.07879924953095685 0.191875
6 0.0525328330206379 0.83359375 0.10318949343339587 0.19375
1 0.5637898686679175 0.57890625 0.054409005628517824 0.0265625
7 0.39399624765478425 0.575 0.05628517823639775 0.040625
1 0.18574108818011256 0.5796875 0.03377110694183865 0.01875
1 0.43058161350844276 0.578125 0.02626641651031895 0.0234375
1 0.24390243902439024 0.57890625 0.0150093808630394 0.0265625
1 0.22420262664165103 0.57734375 0.02626641651031895 0.015625
1 0.21388367729831145 0.575 0.016885553470919325 0.0171875
1 0.44934333958724204 0.57734375 0.05065666041275797 0.0265625
1 0.5309568480300187 0.57109375 0.02626641651031895 0.01875
1 0.4427767354596623 0.578125 0.0225140712945591 0.025
0 0.3076923076923077 0.5602968749999999 0.11819887429643527 0.0984375
6 0.1351594746716698 0.579 0.015515947467166979 0.034140625
6 0.11410881801125704 0.5799218749999999 0.015515947467166979 0.032296875