6 0.9625 0.5573770491803278 0.04375 0.18266978922716628
6 0.3140625 0.38173302107728335 0.140625 0.3840749414519906
6 0.4625 0.5667447306791569 0.05625 0.24121779859484777
6 0.7484375 0.5362997658079626 0.0484375 0.1920374707259953
6 0.90859375 0.5644028103044496 0.0375 0.16159250585480095
6 0.53515625 0.5035128805620609 0.04375 0.11943793911007025
6 0.7796875 0.5550351288056206 0.04375 0.16393442622950818
6 0.8669218750000001 0.5152459016393443 0.029171875000000003 0.08903981264637004
6 0.72265625 0.4964871194379391 0.0171875 0.09133489461358314
6 0.98984375 0.5585480093676815 0.0203125 0.17096018735362997
6 0.846875 0.5163934426229508 0.028125 0.0936768149882904
6 0.93359375 0.5620608899297423 0.028125 0.1405152224824356
6 0.815625 0.5058782201405152 0.028125 0.06798594847775176
6 0.8 0.5105386416861827 0.0234375 0.06791569086651054
5 0.617453125 0.5897892271662764 0.342703125 0.403559718969555
0 0.51796875 0.45081967213114754 0.1703125 0.1920374707259953
6 0.43046875 0.5058548009367682 0.0359375 0.08665105386416862