2 0.384375 0.7052083333333333 0.2234375 0.32708333333333334
2 0.20859375 0.60625 0.040625 0.0625
2 0.8890625 0.6135416666666667 0.1921875 0.1
4 0.45078125 0.5010416666666667 0.446875 0.39166666666666666
4 0.09921875 0.6104166666666667 0.196875 0.26875
0 0.58515625 0.7802083333333333 0.403125 0.41041666666666665
0 0.72578125 0.609375 0.0171875 0.0875
0 0.74375 0.6041666666666666 0.025 0.09791666666666667
0 0.77265625 0.6010416666666667 0.028125 0.08541666666666667
0 0.2234375 0.7822916666666667 0.315625 0.4125
0 0.4421875 0.6239583333333333 0.053125 0.06041666666666667
0 0.9625 0.575 0.0234375 0.05625
0 0.57734375 0.525 0.046875 0.10833333333333334
0 0.13515625 0.5760416666666667 0.028125 0.035416666666666666
0 0.98515625 0.6114583333333333 0.0296875 0.11875
0 0.8828125 0.5572916666666666 0.025 0.022916666666666665
0 0.69296875 0.5770833333333333 0.0265625 0.052083333333333336
1 0.88046875 0.6125 0.0890625 0.11458333333333333
