4 0.13324538258575197 0.573 0.23218997361477572 0.242
0 0.8773087071240105 0.632 0.04221635883905013 0.078
0 0.9736147757255936 0.631 0.0158311345646438 0.086
0 0.8034300791556728 0.636 0.05013192612137203 0.084
0 0.09366754617414248 0.555 0.044854881266490766 0.036
0 0.7730870712401056 0.628 0.0395778364116095 0.094
0 0.7348284960422163 0.636 0.0316622691292876 0.072
3 0.6147757255936676 0.638 0.14775725593667546 0.07
3 0.5395778364116095 0.646 0.05013192612137203 0.052
3 0.47229551451187335 0.647 0.09762532981530343 0.054
3 0.39577836411609496 0.65 0.07387862796833773 0.05
0 0.9379947229551451 0.636 0.06596306068601583 0.08
1 0.2994722955145119 0.682 0.1424802110817942 0.254
