2 0.47578125 0.6229508196721312 0.1640625 0.3583138173302108
5 0.874375 0.6144730679156909 0.20125 0.3448009367681499
6 0.3015625 0.49882903981264637 0.025 0.06088992974238876
6 0.2390625 0.49765807962529274 0.0328125 0.0585480093676815
6 0.2796875 0.5023419203747073 0.0421875 0.06088992974238876
5 0.96171875 0.5430913348946136 0.0296875 0.09323185011709602
6 0.13984375 0.4918032786885246 0.03125 0.04449648711943794
6 0.35703125 0.5 0.0265625 0.05620608899297424
6 0.1890625 0.49063231850117095 0.0234375 0.04215456674473068
6 0.03975 0.6095316159250586 0.077953125 0.24932084309133487
5 0.98809375 0.5350819672131147 0.022234375 0.07953161592505854
5 0.930453125 0.540327868852459 0.04009375 0.12046838407494144
6 0.4984375 0.4964871194379391 0.01875 0.04215456674473068
6 0.6125 0.49882903981264637 0.025 0.06557377049180328
6 0.00859375 0.5714285714285714 0.0171875 0.17096018735362997
6 0.63828125 0.49957845433255266 0.03125 0.07110070257611241
2 0.953125 0.7693208430913349 0.0921875 0.45433255269320844
1 0.56015625 0.5281030444964872 0.1234375 0.09133489461358314
5 0.7765625 0.5334660421545667 0.034375 0.10405152224824356