2 0.7953125 0.6316041666666667 0.05 0.1756875
2 0.7265625 0.6232708333333333 0.0328125 0.1194375
6 0.18984375 0.6010416666666667 0.0125 0.041666666666666664
6 0.62734375 0.621875 0.04375 0.07708333333333334
6 0.1828125 0.6 0.009375 0.041666666666666664
6 0.971875 0.5895833333333333 0.021875 0.06041666666666667
6 0.4671875 0.6270833333333333 0.0359375 0.06666666666666667
6 0.9875 0.5885416666666666 0.0171875 0.0625
6 0.15546875 0.6114583333333333 0.0125 0.029166666666666667
6 0.25703125 0.5885416666666666 0.015625 0.03958333333333333
1 0.865625 0.5729166666666666 0.0328125 0.029166666666666667
1 0.93515625 0.58125 0.0515625 0.04583333333333333
1 0.8421875 0.5697916666666667 0.04375 0.03333333333333333