4 0.101 0.5196969696969697 0.198 0.23030303030303031
4 0.329 0.5409090909090909 0.138 0.09090909090909091
4 0.495 0.5287878787878788 0.204 0.13636363636363635
0 0.421 0.6484848484848484 0.028 0.16363636363636364
0 0.696 0.5727272727272728 0.06 0.14242424242424243
0 0.459 0.6590909090909091 0.048 0.1606060606060606
0 0.655 0.6090909090909091 0.032 0.07272727272727272
0 0.564 0.5681818181818182 0.044 0.1303030303030303
0 0.211 0.6272727272727273 0.042 0.1393939393939394
0 0.398 0.6060606060606061 0.024 0.06060606060606061
0 0.299 0.5954545454545455 0.044 0.048484848484848485
0 0.374 0.6090909090909091 0.028 0.10303030303030303
0 0.491 0.5984848484848485 0.022 0.06363636363636363
0 0.237 0.593939393939394 0.028 0.07878787878787878
1 0.335 0.65 0.086 0.20606060606060606
