0 0.646875 0.36609336609336607 0.196875 0.5085995085995086
0 0.24296875 0.4398034398034398 0.3046875 0.714987714987715
0 0.74375 0.11056511056511056 0.0171875 0.04176904176904177
0 0.1859375 0.0945945945945946 0.0140625 0.07371007371007371
0 0.32578125 0.10319410319410319 0.0265625 0.09582309582309582
0 0.39296875 0.24324324324324326 0.090625 0.15724815724815724
0 0.7796875 0.10933660933660934 0.021875 0.056511056511056514
0 0.7390625 0.4275184275184275 0.3328125 0.5896805896805897
0 0.62734375 0.11425061425061425 0.0171875 0.06142506142506143
0 0.845703125 0.15154714373464373 0.0185394287109375 0.052835150491400494
0 0.04046630859375 0.06972704238329239 0.01312255859375 0.04609279023341523
0 0.44970703125 0.2766047297297297 0.103759765625 0.07769310503685503
0 0.28515625 0.0648322328009828 0.0121002197265625 0.05456273034398034
0 0.689453125 0.10893350737100738 0.01473236083984375 0.04371736793611793
