3 0.05078125 0.6108786610878661 0.1015625 0.10251046025104603
5 0.24921875 0.6140167364016736 0.3671875 0.3117154811715481
2 0.72734375 0.5407949790794979 0.09375 0.1108786610878661
2 0.88515625 0.3127615062761506 0.025 0.029288702928870293
3 0.70234375 0.3901673640167364 0.0171875 0.04184100418410042
3 0.7734375 0.34205020920502094 0.0125 0.02092050209205021
0 0.39921875 0.7060669456066946 0.05 0.09832635983263599
0 0.45546875 0.7123430962343096 0.046875 0.13179916317991633
0 0.47734375 0.6914225941422594 0.040625 0.1506276150627615
0 0.45 0.6244769874476988 0.028125 0.0899581589958159
0 0.471875 0.5847280334728033 0.0234375 0.056485355648535567
0 0.19140625 0.7489539748953975 0.0640625 0.14853556485355648
0 0.43125 0.49476987447698745 0.028125 0.10669456066945607
0 0.4515625 0.5 0.0296875 0.100418410041841
0 0.80546875 0.33158995815899583 0.0078125 0.012552301255230125
0 0.57109375 0.553347280334728 0.0484375 0.12133891213389121
2 0.8046875 0.29811715481171547 0.0375 0.03765690376569038
2 0.76875 0.30962343096234307 0.025 0.04184100418410042
2 0.84296875 0.27719665271966526 0.0140625 0.012552301255230125
2 0.88984375 0.29602510460251047 0.021875 0.010460251046025104
2 0.9015625 0.2897489539748954 0.0171875 0.01882845188284519
3 0.44453125 0.7698744769874477 0.0390625 0.13598326359832635
5 0.5953125 0.34518828451882844 0.0359375 0.056485355648535567
2 0.56796875 0.3817991631799163 0.046875 0.060669456066945605
5 0.65625 0.4089958158995816 0.0859375 0.08368200836820083
0 0.4546875 0.45188284518828453 0.0265625 0.05230125523012552
1 0.0921875 0.856694560669456 0.103125 0.2803347280334728
1 0.525 0.4801255230125523 0.05 0.100418410041841
