2 0.486984375 0.5633802816901409 0.036453124999999996 0.17603286384976524
2 0.51484375 0.5516431924882629 0.0328125 0.14316901408450705
6 0.065625 0.465962441314554 0.01875 0.04225352112676056
2 0.43020312499999996 0.5387323943661971 0.030734375 0.13615023474178403
6 0.08515625 0.46830985915492956 0.0234375 0.04460093896713615
1 0.77578125 0.681924882629108 0.3640625 0.3403755868544601
1 0.103125 0.6314553990610329 0.20625 0.2934272300469484
1 0.29921875 0.5657276995305164 0.1546875 0.13380281690140844
1 0.578125 0.5492957746478874 0.071875 0.08450704225352113
1 0.55390625 0.5234741784037559 0.0390625 0.05868544600938967
1 0.45625 0.5152582159624414 0.0296875 0.0539906103286385
1 0.7328125 0.5023474178403756 0.0734375 0.023474178403755867
1 0.40390625 0.5316901408450704 0.034375 0.06572769953051644
3 0.54375 0.5046948356807511 0.040625 0.06103286384976526