2 0.365625 0.5128504672897196 0.065625 0.0630841121495327
2 0.1453125 0.4672897196261682 0.01875 0.028037383177570093
2 0.1234375 0.4649532710280374 0.009375 0.016355140186915886
4 0.703125 0.4661214953271028 0.59375 0.5584112149532711
0 0.01875 0.5315420560747663 0.01875 0.07242990654205607
0 0.6421875 0.4077102803738318 0.0375 0.07242990654205607
0 0.0359375 0.5163551401869159 0.0140625 0.0630841121495327
2 0.11796875 0.4614485981308411 0.00625 0.014018691588785047
2 0.17890625 0.45794392523364486 0.0234375 0.014018691588785047
1 0.615625 0.6261682242990654 0.1046875 0.3901869158878505
1 0.31953125 0.5829439252336449 0.059375 0.205607476635514
1 0.2625 0.5607476635514018 0.0390625 0.14953271028037382
1 0.21484375 0.5338785046728972 0.0265625 0.09345794392523364
1 0.16953125 0.5186915887850467 0.0203125 0.08411214953271028
1 0.19140625 0.5245327102803738 0.01875 0.09345794392523364
1 0.1890625 0.5245327102803738 0.034375 0.09345794392523364
1 0.23671875 0.5397196261682243 0.028125 0.1261682242990654
1 0.15234375 0.5 0.01875 0.053738317757009345
1 0.09140625 0.4929906542056075 0.009375 0.037383177570093455
