0 0.39765625 0.571875 0.0515625 0.18333333333333332
0 0.0703125 0.5614583333333333 0.04375 0.16666666666666666
0 0.31171875 0.5291666666666667 0.053125 0.12708333333333333
0 0.2515625 0.534375 0.05 0.11875
0 0.28515625 0.4979166666666667 0.0296875 0.06458333333333334
1 0.14015625 0.5520833333333334 0.06937499999999999 0.17497916666666666
0 0.36015625 0.5822916666666667 0.0671875 0.11666666666666667
0 0.10390625 0.5625 0.025 0.15208333333333332
0 0.278125 0.5875 0.0484375 0.125
1 0.011875 0.5987083333333333 0.02375 0.15160416666666665
