4 0.12596875000000002 0.42521126760563377 0.25 0.13145539906103287
0 0.71953125 0.5117370892018779 0.146875 0.5516431924882629
0 0.2828125 0.4788732394366197 0.0953125 0.29577464788732394
0 0.4421875 0.465962441314554 0.021875 0.08685446009389672
0 0.459375 0.46830985915492956 0.0171875 0.07276995305164319
0 0.40703125 0.465962441314554 0.0171875 0.07276995305164319
1 0.16468750000000001 0.4719718309859155 0.039328125000000005 0.13173708920187793
0 0.3390625 0.4671361502347418 0.0171875 0.12206572769953052
2 0.05703125 0.4671361502347418 0.1125 0.107981220657277
2 0.89375 0.6032863849765259 0.2125 0.31220657276995306
