2 0.843125 0.7210416666666667 0.094375 0.19416666666666668
2 0.75890625 0.7447916666666666 0.104375 0.19375
6 0.5453125 0.08854166666666667 0.021875 0.05416666666666667
6 0.565625 0.253125 0.0265625 0.1
6 0.5375 0.24895833333333334 0.025 0.0875
6 0.515625 0.19791666666666666 0.021875 0.075
6 0.83046875 0.3885416666666667 0.0546875 0.10625
6 0.49453125 0.04479166666666667 0.0125 0.03333333333333333
1 0.6046875 0.18958333333333333 0.1359375 0.06458333333333334
1 0.66875 0.10833333333333334 0.0640625 0.06458333333333334
1 0.63671875 0.096875 0.065625 0.05
3 0.7150000000000001 0.11416666666666667 0.11125 0.08208333333333333
1 0.6 0.07708333333333334 0.05625 0.06875
1 0.5828125 0.06979166666666667 0.040625 0.05
1 0.86265625 0.0811875 0.09718750000000001 0.080125