0 0.284375 0.28169014084507044 0.084375 0.41901408450704225
0 0.03984375 0.3644366197183099 0.0765625 0.5387323943661971
3 0.91934375 0.4730281690140845 0.141 0.7770422535211268
0 0.5046875 0.23591549295774647 0.0765625 0.4014084507042254
0 0.2265625 0.2323943661971831 0.046875 0.2711267605633803
0 0.26171875 0.13204225352112675 0.0390625 0.14084507042253522
0 0.8625 0.19190140845070422 0.053125 0.2147887323943662
3 0.6388281250000001 0.2687676056338028 0.062046875 0.3791197183098592
0 0.98671875 0.14964788732394366 0.0265625 0.11267605633802817
0 0.54609375 0.25704225352112675 0.0328125 0.3591549295774648
1 0.1328125 0.24471830985915494 0.1703125 0.4894366197183099
3 0.371921875 0.5170774647887324 0.32665625 0.8989788732394366
3 0.7857031250000001 0.37577464788732395 0.088609375 0.6146126760563381
3 0.703171875 0.33725352112676055 0.08134375 0.5086267605633802
