7 0.228125 0.31919642857142855 0.1328125 0.10491071428571429
6 0.83046875 0.42299107142857145 0.1046875 0.3080357142857143
6 0.65 0.41183035714285715 0.078125 0.29910714285714285
6 0.05703125 0.3638392857142857 0.075 0.23214285714285715
6 0.28984375 0.3828125 0.078125 0.25892857142857145
6 0.346875 0.3872767857142857 0.0703125 0.27901785714285715
6 0.7078125 0.4252232142857143 0.05625 0.26785714285714285
6 0.953125 0.34375 0.0234375 0.125
6 0.128125 0.38504464285714285 0.0578125 0.22991071428571427
2 0.098953125 0.3540625 0.16184375 0.21479910714285716
6 0.0359375 0.29129464285714285 0.0203125 0.08705357142857142
6 0.371875 0.2689732142857143 0.0328125 0.08928571428571429
2 0.48828125 0.6082589285714286 0.5140625 0.7700892857142857
0 0.64453125 0.26674107142857145 0.2546875 0.25892857142857145
1 0.26875 0.32924107142857145 0.0515625 0.08705357142857142
1 0.01171875 0.31808035714285715 0.0234375 0.13839285714285715
1 0.93125 0.3203125 0.0375 0.05357142857142857
1 0.50234375 0.31808035714285715 0.034375 0.06696428571428571
1 0.47890625 0.3247767857142857 0.040625 0.078125
1 0.990625 0.3236607142857143 0.0171875 0.029017857142857144