0 0.709375 0.6275626423690205 0.2421875 0.6583143507972665
0 0.19453125 0.438496583143508 0.0515625 0.21867881548974943
0 0.775 0.4043280182232346 0.0328125 0.09339407744874716
0 0.78515625 0.3815489749430524 0.01875 0.06605922551252848
0 0.809375 0.39977220956719817 0.021875 0.09339407744874716
0 0.109375 0.4783599088838269 0.078125 0.30296127562642367
0 0.1640625 0.7562642369020501 0.071875 0.3940774487471526
0 0.709375 0.38610478359908884 0.015625 0.07972665148063782
0 0.74296875 0.3940774487471526 0.034375 0.0888382687927107
0 0.784375 0.3542141230068337 0.0203125 0.02733485193621868
0 0.84453125 0.4396355353075171 0.0609375 0.2255125284738041
0 0.890625 0.39749430523917995 0.01875 0.09567198177676538
0 0.94140625 0.5876993166287016 0.0671875 0.40774487471526194
