0 0.4515625 0.40928725701943847 0.11875 0.19870410367170627
0 0.1765625 0.42764578833693306 0.0421875 0.17926565874730022
0 0.06171875 0.4287257019438445 0.053125 0.2159827213822894
1 0.3078125 0.40928725701943847 0.046875 0.11879049676025918
0 0.90625 0.5442764578833693 0.0859375 0.326133909287257
0 0.96015625 0.5399568034557235 0.0484375 0.34557235421166305
0 0.496875 0.4146868250539957 0.053125 0.1771058315334773
0 0.4 0.38120950323974084 0.0171875 0.0734341252699784
0 0.41328125 0.3801295896328294 0.0140625 0.06263498920086392
0 0.21015625 0.3693304535637149 0.0234375 0.056155507559395246
0 0.32421875 0.3963282937365011 0.0265625 0.10151187904967603
3 0.042749999999999996 0.5447300215982721 0.08395312499999999 0.48287257019438445
3 0.366125 0.4158963282937365 0.0494375 0.15311015118790497
3 0.12625 0.437170626349892 0.072484375 0.14941684665226784
