0 0.678 0.48714285714285716 0.206 0.9742857142857143
0 0.254 0.39571428571428574 0.124 0.3142857142857143
0 0.915 0.5028571428571429 0.076 0.34
0 0.084 0.53 0.164 0.6314285714285715
0 0.527 0.5014285714285714 0.158 0.6857142857142857
0 0.022 0.56 0.044 0.40285714285714286
0 0.982 0.6114285714285714 0.036 0.38285714285714284
0 0.831 0.46714285714285714 0.038 0.08
0 0.775 0.5757142857142857 0.076 0.2571428571428571
0 0.831 0.5285714285714286 0.042 0.20285714285714285
0 0.959 0.5257142857142857 0.04 0.16857142857142857
3 0.427 0.4891428571428571 0.578 0.8588285714285714
