0 0.5199063231850117 0.44140625 0.28805620608899296 0.6421875
0 0.14402810304449648 0.33984375 0.07728337236533958 0.25
0 0.9543325526932084 0.334375 0.09133489461358314 0.20625
0 0.7213114754098361 0.40078125 0.09836065573770492 0.103125
0 0.8782201405152225 0.3671875 0.04449648711943794 0.0796875
2 0.446135831381733 0.18203125 0.02810304449648712 0.01875
2 0.33138173302107726 0.38125 0.0702576112412178 0.040625
2 0.42505854800936765 0.05703125 0.01873536299765808 0.0109375
2 0.3711943793911007 0.34609375 0.0117096018735363 0.025
2 0.46955503512880564 0.125 0.0234192037470726 0.0125
