0 0.71953125 0.5070093457943925 0.0625 0.21962616822429906
0 0.67109375 0.5397196261682243 0.0578125 0.18457943925233644
0 0.7765625 0.5023364485981309 0.0515625 0.17757009345794392
0 0.23359375 0.7114485981308412 0.0625 0.15186915887850466
0 0.88671875 0.4649532710280374 0.0515625 0.1822429906542056
0 0.4859375 0.5093457943925234 0.040625 0.205607476635514
0 0.9125 0.4532710280373832 0.0453125 0.15654205607476634
0 0.803125 0.4567757009345794 0.0328125 0.14018691588785046
0 0.5109375 0.5035046728971962 0.0375 0.205607476635514
0 0.7890625 0.45794392523364486 0.0296875 0.13317757009345793
