6 0.19976635514018692 0.86484375 0.07710280373831775 0.13125
6 0.8200934579439252 0.825 0.07710280373831775 0.090625
6 0.6273364485981309 0.85625 0.06074766355140187 0.115625
6 0.7242990654205608 0.834375 0.053738317757009345 0.1015625
6 0.10046728971962617 0.8296875 0.05841121495327103 0.090625
6 0.1378504672897196 0.9234375 0.10747663551401869 0.1515625
6 0.7593457943925234 0.8046875 0.03271028037383177 0.0703125
6 0.6670560747663551 0.83515625 0.04672897196261682 0.0984375
6 0.038551401869158876 0.82265625 0.04672897196261682 0.0953125
6 0.9789719626168224 0.84921875 0.0397196261682243 0.1390625
6 0.14719626168224298 0.80234375 0.02570093457943925 0.059375
6 0.23598130841121495 0.8015625 0.02336448598130841 0.046875
6 0.2628504672897196 0.79921875 0.02570093457943925 0.046875
2 0.5350467289719626 0.89765625 0.24766355140186916 0.1984375
6 0.5458644859813084 0.798390625 0.03859813084112149 0.046156249999999996
6 0.6764018691588785 0.81578125 0.01939252336448598 0.066640625