0 0.85859375 0.33489461358313816 0.184375 0.5971896955503513
0 0.71328125 0.22014051522248243 0.0796875 0.1756440281030445
0 0.18828125 0.3805620608899297 0.1328125 0.5128805620608899
0 0.95859375 0.23653395784543327 0.0453125 0.10070257611241218
0 0.66875 0.22716627634660422 0.034375 0.12412177985948478
0 0.6078125 0.22716627634660422 0.05625 0.14285714285714285
0 0.08828125 0.3149882903981265 0.0515625 0.14285714285714285
0 0.9203125 0.24004683840749413 0.034375 0.09836065573770492
0 0.9734375 0.4016393442622951 0.0515625 0.3700234192037471
0 0.3078125 0.382903981264637 0.1359375 0.6814988290398126
0 0.63046875 0.20725995316159251 0.03125 0.04918032786885246
0 0.49765625 0.3044496487119438 0.03125 0.06088992974238876
0 0.00625 0.3548009367681499 0.0125 0.05620608899297424
0 0.01796875 0.39344262295081966 0.0359375 0.07494145199063232
0 0.146875 0.3395784543325527 0.0609375 0.43559718969555034
0 0.6390625 0.234192037470726 0.05 0.10772833723653395
