0 0.5171875 0.6104166666666667 0.125 0.33958333333333335
0 0.828125 0.6177083333333333 0.0546875 0.14583333333333334
0 0.5296875 0.590625 0.0171875 0.0625
0 0.63515625 0.6020833333333333 0.0609375 0.21666666666666667
0 0.96796875 0.5864583333333333 0.0234375 0.058333333333333334
0 0.8875 0.6 0.009375 0.01875
0 0.3578125 0.5458333333333333 0.0359375 0.052083333333333336
0 0.4046875 0.5270833333333333 0.009375 0.014583333333333334
2 0.12109375 0.5979166666666667 0.0359375 0.022916666666666665
2 0.29453125 0.5927083333333333 0.028125 0.025
0 0.140625 0.6052083333333333 0.071875 0.16875
1 0.8296875 0.61875 0.0796875 0.14791666666666667
