2 0.959375 0.959375 0.08125 0.058333333333333334
2 0.90546875 0.9583333333333334 0.0328125 0.04791666666666667
0 0.74609375 0.946875 0.009375 0.0375
0 0.76171875 0.9447916666666667 0.0125 0.0375
0 0.79140625 0.9322916666666666 0.0078125 0.022916666666666665
0 0.14453125 0.8697916666666666 0.0140625 0.03958333333333333
0 0.46328125 0.8989583333333333 0.00625 0.014583333333333334
0 0.73359375 0.9322916666666666 0.00625 0.025
0 0.715625 0.9260416666666667 0.00625 0.016666666666666666
0 0.40859375 0.8927083333333333 0.0078125 0.027083333333333334
0 0.48828125 0.903125 0.00625 0.014583333333333334
0 0.82109375 0.9385416666666667 0.0078125 0.03125
0 0.3890625 0.8947916666666667 0.0046875 0.020833333333333332
0 0.12421875 0.8666666666666667 0.0109375 0.035416666666666666
0 0.79296875 0.9427083333333334 0.0453125 0.04375
1 0.96796875 0.9645833333333333 0.04375 0.06458333333333334
