8 0.2578125 0.3235981308411215 0.4328125 0.647196261682243
0 0.70234375 0.5292056074766355 0.1796875 0.6682242990654206
0 0.4828125 0.5163551401869159 0.1640625 0.6191588785046729
1 0.939625 0.3166822429906542 0.024578125 0.11700934579439252
2 0.58125 0.40186915887850466 0.08125 0.2570093457943925
2 0.8484375 0.3247663551401869 0.09375 0.1378504672897196
2 0.79609375 0.33294392523364486 0.040625 0.15654205607476634
2 0.671875 0.27920560747663553 0.0421875 0.07242990654205607
2 0.50703125 0.35630841121495327 0.109375 0.3107476635514019
2 0.69609375 0.26401869158878505 0.059375 0.05841121495327103
2 0.89140625 0.31542056074766356 0.0421875 0.14485981308411214
2 0.64609375 0.3633177570093458 0.0640625 0.2546728971962617
2 0.86328125 0.27453271028037385 0.09375 0.0630841121495327
2 0.58671875 0.30490654205607476 0.09375 0.10514018691588785
