2 0.27453125 0.634375 0.5490625 0.73125
2 0.8196875 0.5734375 0.36062500000000003 0.853125
6 0.103125 0.434375 0.0921875 0.19375
6 0.51953125 0.44166666666666665 0.071875 0.22708333333333333
6 0.8046875 0.403125 0.065625 0.14166666666666666
6 0.0359375 0.9208333333333333 0.0703125 0.15625
6 0.69140625 0.36770833333333336 0.0359375 0.0625
6 0.8453125 0.3770833333333333 0.04375 0.09583333333333334
6 0.66328125 0.3625 0.0234375 0.07916666666666666
6 0.7421875 0.409375 0.0421875 0.125
6 0.07265625 0.3770833333333333 0.0375 0.07291666666666667
6 0.6453125 0.3729166666666667 0.0171875 0.05416666666666667
6 0.92421875 0.36354166666666665 0.0375 0.052083333333333336
2 0.4265625 0.45625 0.1421875 0.27291666666666664
6 0.05 0.4998333333333333 0.1 0.28450000000000003
2 0.398953125 0.3858958333333333 0.045453125 0.07416666666666667
6 0.329578125 0.35233333333333333 0.01965625 0.035791666666666666