6 0.96640625 0.6838407494145199 0.0671875 0.6135831381733021
2 0.791921875 0.4929742388758782 0.041671875000000004 0.20606557377049178
2 0.665109375 0.4859250585480094 0.046359375 0.22714285714285712
2 0.74765625 0.446112412177986 0.0296875 0.12407494145199062
2 0.61484375 0.47032786885245903 0.04375 0.18421545667447306
2 0.153125 0.6405152224824356 0.2578125 0.594847775175644
7 0.13203125 0.6018735362997658 0.2640625 0.34192037470725994
1 0.69375 0.43911007025761123 0.034375 0.09601873536299765
1 0.58671875 0.44379391100702575 0.0265625 0.08196721311475409
1 0.71328125 0.4133489461358314 0.0265625 0.04449648711943794
1 0.62890625 0.44028103044496486 0.1109375 0.09601873536299765
1 0.809375 0.405152224824356 0.01875 0.0234192037470726
1 0.2359375 0.5608899297423887 0.05625 0.20374707259953162
7 0.5046875 0.4613583138173302 0.146875 0.14285714285714285