0 0.6890625 0.6457399103139013 0.3625 0.6860986547085202
0 0.09921875 0.6233183856502242 0.1109375 0.21748878923766815
0 0.2984375 0.6311659192825112 0.14375 0.4977578475336323
0 0.48046875 0.5302690582959642 0.1265625 0.26681614349775784
0 0.3171875 0.5437219730941704 0.209375 0.34080717488789236
0 0.18671875 0.5829596412556054 0.0890625 0.3430493273542601
0 0.94375 0.649103139013453 0.1125 0.4798206278026906
0 0.6046875 0.5964125560538116 0.0890625 0.3923766816143498
0 0.8359375 0.5930493273542601 0.090625 0.3273542600896861
0 0.0828125 0.5168161434977578 0.034375 0.14349775784753363
