6 0.78828125 0.7997658079625293 0.175 0.38875878220140514
6 0.7171875 0.6007025761124122 0.1015625 0.23185011709601874
6 0.565625 0.5644028103044496 0.0375 0.1592505854800937
6 0.85 0.65807962529274 0.0515625 0.11943793911007025
6 0.94921875 0.5468384074941453 0.0359375 0.1053864168618267
6 0.98046875 0.563231850117096 0.03125 0.10772833723653395
6 0.64375 0.5667447306791569 0.0296875 0.1288056206088993
6 0.2703125 0.563231850117096 0.0390625 0.10304449648711944
6 0.2125 0.5878220140515222 0.04375 0.13817330210772832
6 0.428125 0.5058548009367682 0.0203125 0.053864168618266976
6 0.209375 0.5011709601873536 0.034375 0.053864168618266976