0 0.29375 0.3114754098360656 0.04375 0.18501170960187355
0 0.24375 0.3079625292740047 0.053125 0.19672131147540983
0 0.1984375 0.30327868852459017 0.0421875 0.1990632318501171
0 0.1453125 0.29156908665105385 0.034375 0.1592505854800937
0 0.52734375 0.20140515222482436 0.0359375 0.08430913348946135
0 0.58359375 0.22950819672131148 0.040625 0.053864168618266976
0 0.68984375 0.20374707259953162 0.0390625 0.12646370023419204
0 0.7078125 0.17447306791569087 0.021875 0.03747072599531616
0 0.87734375 0.16042154566744732 0.034375 0.06557377049180328
0 0.40390625 0.22014051522248243 0.03125 0.06791569086651054
0 0.1015625 0.3079625292740047 0.0265625 0.13114754098360656
0 0.9875 0.148711943793911 0.025 0.08665105386416862
1 0.803125 0.5644028103044496 0.3015625 0.7611241217798594
