6 0.6171875 0.2741176470588235 0.0796875 0.31058823529411766
6 0.34609375 0.25176470588235295 0.075 0.2447058823529412
6 0.15390625 0.25176470588235295 0.0828125 0.21411764705882352
6 0.76875 0.31176470588235294 0.0875 0.3952941176470588
6 0.54609375 0.29294117647058826 0.078125 0.23058823529411765
6 0.4890625 0.22588235294117648 0.0734375 0.15058823529411763
6 0.178125 0.19411764705882353 0.040625 0.12941176470588237
2 0.45234375 0.5835294117647059 0.1984375 0.8141176470588235
2 0.83359375 0.49176470588235294 0.140625 0.6470588235294118
2 0.684375 0.40588235294117647 0.1 0.42823529411764705
2 0.234375 0.3235294117647059 0.09375 0.3905882352941176
2 0.1375 0.45294117647058824 0.2734375 0.6588235294117647
1 0.00703125 0.21411764705882352 0.0140625 0.1011764705882353