2 0.322 0.43466666666666665 0.07 0.042666666666666665
2 0.397 0.432 0.054 0.056
4 0.106 0.396 0.212 0.768
0 0.138 0.6093333333333333 0.15 0.6693333333333333
0 0.394 0.43466666666666665 0.022 0.06933333333333333
0 0.361 0.428 0.014 0.034666666666666665
0 0.233 0.4266666666666667 0.012 0.050666666666666665
2 0.579 0.44133333333333336 0.062 0.048
0 0.528 0.41333333333333333 0.014 0.037333333333333336
0 0.474 0.43866666666666665 0.018 0.06933333333333333
1 0.921 0.5573333333333333 0.146 0.36
1 0.447 0.46 0.054 0.192
1 0.254 0.43866666666666665 0.036 0.09066666666666667
1 0.805 0.5773333333333334 0.172 0.448
