2 0.10859375 0.6423948220064725 0.0296875 0.06796116504854369
2 0.090625 0.7103559870550162 0.18125 0.21035598705501618
0 0.21796875 0.627831715210356 0.0078125 0.02912621359223301
0 0.521875 0.6537216828478964 0.0203125 0.10679611650485436
1 0.428125 0.6893203883495146 0.0359375 0.16181229773462782
1 0.48125 0.6925566343042071 0.0375 0.1650485436893204
1 0.55078125 0.7055016181229773 0.065625 0.19741100323624594
1 0.71328125 0.7087378640776699 0.0875 0.2750809061488673
1 0.95546875 0.7750809061488673 0.0890625 0.255663430420712
1 0.6125 0.6974110032362459 0.0640625 0.20388349514563106
1 0.832609375 0.7308090614886731 0.13125 0.302168284789644
1 0.36974999999999997 0.6795145631067961 0.0689375 0.14585760517799354
1 0.31728125 0.682621359223301 0.039265625 0.12831715210355987
1 0.269921875 0.6753398058252428 0.03828125 0.1105177993527508
0 0.509296875 0.6563754045307443 0.016890625 0.09527508090614888
1 0.450171875 0.6973786407766991 0.019578125 0.13728155339805825
1 0.235984375 0.6624919093851133 0.026796874999999998 0.10851132686084143
1 0.20065624999999998 0.6610032362459547 0.040999999999999995 0.10216828478964401
