6 0.43671875 0.5083333333333333 0.0734375 0.29583333333333334
6 0.1203125 0.5416666666666666 0.0453125 0.15208333333333332
6 0.0859375 0.5395833333333333 0.0453125 0.15208333333333332
2 0.34609375 0.4822916666666667 0.0671875 0.18541666666666667
6 0.68046875 0.559375 0.053125 0.14166666666666666
6 0.71953125 0.5635416666666667 0.03125 0.17708333333333334
6 0.5015625 0.5041666666666667 0.0375 0.052083333333333336
6 0.29296875 0.53125 0.0359375 0.10208333333333333
6 0.54140625 0.4395833333333333 0.0390625 0.0625
6 0.47734375 0.5041666666666667 0.025 0.052083333333333336
6 0.0140625 0.6854166666666667 0.028125 0.08958333333333333
6 0.1859375 0.5229166666666667 0.03125 0.1
6 0.58125 0.4510416666666667 0.0421875 0.04375