1 0.27609374999999997 0.6325625 0.5521874999999999 0.7338958333333333
0 0.05546875 0.5083333333333333 0.1046875 0.29583333333333334
0 0.1046875 0.45729166666666665 0.090625 0.23958333333333334
0 0.42578125 0.45208333333333334 0.1359375 0.26458333333333334
0 0.5140625 0.440625 0.0640625 0.22708333333333333
0 0.81015625 0.38333333333333336 0.053125 0.10833333333333334
0 0.6609375 0.35625 0.021875 0.0625
0 0.07265625 0.390625 0.0375 0.09583333333333334
0 0.85 0.3770833333333333 0.0390625 0.09791666666666667
0 0.8953125 0.6739583333333333 0.20625 0.6479166666666667
0 0.69375 0.3875 0.0375 0.10208333333333333
