7 0.22641509433962265 0.53671875 0.4481132075471698 0.2921875
6 0.6155660377358491 0.66484375 0.24764150943396226 0.38125
6 0.16981132075471697 0.634375 0.2665094339622642 0.34375
6 0.47287735849056606 0.6515625 0.16981132075471697 0.303125
6 0.847877358490566 0.61171875 0.1650943396226415 0.2421875
6 0.6332547169811321 0.44296875 0.06367924528301887 0.06875
6 0.8891509433962265 0.42109375 0.05188679245283019 0.0828125
6 0.04009433962264151 0.553125 0.07783018867924528 0.075
6 0.5176886792452831 0.490625 0.09198113207547169 0.06875
6 0.07900943396226415 0.56796875 0.05660377358490566 0.1078125
6 0.5695754716981132 0.43203125 0.049528301886792456 0.0671875
7 0.7122641509433962 0.44921875 0.14858490566037735 0.096875
0 0.9705188679245284 0.5015625 0.0589622641509434 0.6015625
7 0.7912735849056604 0.43125 0.15330188679245282 0.1171875
6 0.5084433962264151 0.427359375 0.054033018867924526 0.06615625
2 0.7686556603773586 0.5549375000000001 0.10877358490566037 0.20600000000000002