7 0.08671875 0.8318777292576419 0.1734375 0.07860262008733625
2 0.515125 0.8122270742358079 0.22087500000000002 0.37554585152838427
6 0.35703125 0.8679039301310044 0.0609375 0.12445414847161572
6 0.78125 0.8460698689956332 0.021875 0.08733624454148471
6 0.8890625 0.8318777292576419 0.03125 0.07641921397379912
6 0.42109375 0.8591703056768559 0.05 0.11572052401746726
6 0.6765625 0.8668122270742358 0.028125 0.08078602620087336
6 0.3125 0.8231441048034934 0.01875 0.056768558951965066
6 0.70703125 0.8646288209606987 0.040625 0.07860262008733625
6 0.5796875 0.8482532751091703 0.0234375 0.05458515283842795
6 0.7234375 0.8624454148471615 0.028125 0.07860262008733625
6 0.16484375 0.8111353711790393 0.015625 0.048034934497816595
6 0.34453125 0.8133187772925764 0.01875 0.04585152838427948
6 0.3703125 0.8373362445414847 0.034375 0.05021834061135371