0 0.684375 0.5234192037470726 0.14375 0.3185011709601874
0 0.9171875 0.5117096018735363 0.1375 0.35362997658079626
0 0.17890625 0.4765807962529274 0.1328125 0.36533957845433257
0 0.35859375 0.49063231850117095 0.14375 0.3231850117096019
0 0.53828125 0.43676814988290397 0.1390625 0.29508196721311475
0 0.88515625 0.3079625292740047 0.0375 0.09601873536299765
0 0.428125 0.2822014051522248 0.0203125 0.07728337236533958
0 0.9421875 0.3231850117096019 0.021875 0.08196721311475409
0 0.4015625 0.27049180327868855 0.0171875 0.08430913348946135
1 0.774734375 0.33644028103044493 0.0765625 0.11786885245901639
1 0.628125 0.32824355971896957 0.053640625 0.1108430913348946
0 0.44609375 0.29156908665105385 0.0109375 0.0468384074941452
0 0.79921875 0.2786885245901639 0.0171875 0.06791569086651054
0 0.46171875 0.24941451990632318 0.0140625 0.06088992974238876
1 0.9856718750000001 0.3571896955503513 0.028640624999999996 0.07873536299765807
1 0.0701875 0.23995316159250585 0.04453125 0.059531615925058554
0 0.24401562499999999 0.23096018735363 0.0171875 0.054074941451990634
0 0.21784374999999997 0.23252927400468384 0.01484375 0.050936768149882905
0 0.62734375 0.22861826697892274 0.0109375 0.04313817330210773
0 0.70234375 0.23681498829039813 0.0171875 0.05016393442622951
