0 0.2328125 0.2082670906200318 0.1640625 0.2289348171701113
0 0.475 0.26391096979332274 0.1375 0.18124006359300476
0 0.56171875 0.27503974562798095 0.1375 0.25119236883942764
0 0.3484375 0.24403815580286167 0.178125 0.2543720190779014
0 0.6984375 0.6319554848966613 0.353125 0.4785373608903021
0 0.075 0.18044515103338632 0.15 0.246422893481717
0 0.94140625 0.3863275039745628 0.1171875 0.21462639109697934
0 0.6703125 0.12082670906200318 0.04375 0.10810810810810811
0 0.3484375 0.11605723370429252 0.09375 0.23211446740858505
0 0.43828125 0.11764705882352941 0.0921875 0.20349761526232116
0 0.8453125 0.21939586645468998 0.13125 0.29411764705882354
1 0.190578125 0.10599364069952305 0.14746874999999998 0.21197138314785374
1 0.037 0.056311605723370434 0.06696875 0.11260731319554848
