2 0.83359375 0.752927400468384 0.034375 0.02576112412177986
2 0.68828125 0.7669789227166276 0.0796875 0.03747072599531616
2 0.35625 0.7576112412177985 0.0421875 0.02810304449648712
2 0.246875 0.7576112412177985 0.046875 0.02576112412177986
2 0.5546875 0.7669789227166276 0.071875 0.04215456674473068
2 0.08828125 0.7646370023419203 0.0515625 0.02576112412177986
2 0.9765625 0.7482435597189696 0.0421875 0.0234192037470726
2 0.6234375 0.7669789227166276 0.03125 0.03747072599531616
0 0.14609375 0.8442622950819673 0.0546875 0.2646370023419204
0 0.4078125 0.7634660421545667 0.015625 0.053864168618266976
0 0.80546875 0.7517564402810304 0.0046875 0.0234192037470726
0 0.6765625 0.7704918032786885 0.0109375 0.03044496487119438
0 0.6328125 0.7716627634660421 0.009375 0.02810304449648712
5 0.9140625 0.7412177985948478 0.0671875 0.04449648711943794
0 0.81484375 0.7540983606557377 0.0109375 0.02810304449648712
0 0.39375 0.7611241217798594 0.00625 0.02810304449648712
0 0.2125 0.7587822014051522 0.009375 0.0234192037470726
0 0.990625 0.7740046838407494 0.0140625 0.03278688524590164
0 0.12109375 0.7622950819672131 0.00625 0.03044496487119438
2 0.1125 0.7634660421545667 0.0296875 0.0234192037470726
2 0.978125 0.7576112412177985 0.0109375 0.00702576112412178
5 0.5765625 0.747072599531616 0.0296875 0.03278688524590164
0 0.3828125 0.7599531615925058 0.0125 0.03278688524590164
0 0.82265625 0.752927400468384 0.00625 0.0117096018735363
0 0.7046875 0.765807962529274 0.0125 0.0234192037470726
