0 0.43671875 0.6708333333333333 0.1 0.13958333333333334
0 0.65078125 0.6 0.0140625 0.027083333333333334
0 0.62578125 0.6197916666666666 0.0421875 0.075
0 0.40625 0.5708333333333333 0.0046875 0.01875
0 0.98515625 0.590625 0.0296875 0.06666666666666667
0 0.18828125 0.6010416666666667 0.015625 0.03958333333333333
0 0.18046875 0.6010416666666667 0.009375 0.04583333333333333
0 0.153125 0.6135416666666667 0.0125 0.03333333333333333
0 0.1421875 0.6125 0.0109375 0.0375
2 0.9265625 0.5833333333333334 0.0625 0.04583333333333333
0 0.97421875 0.590625 0.0265625 0.06041666666666667
2 0.9578125 0.5697916666666667 0.025 0.027083333333333334
2 0.8546875 0.571875 0.0546875 0.03125
0 0.28125 0.5895833333333333 0.0109375 0.03333333333333333
2 0.89921875 0.56875 0.0390625 0.0375
2 0.7984375 0.56875 0.0578125 0.027083333333333334
2 0.7609375 0.56875 0.0203125 0.010416666666666666
1 0.98515625 0.590625 0.0296875 0.06666666666666667
1 0.79921875 0.6322708333333333 0.0609375 0.16960416666666667
1 0.7253125 0.6203958333333334 0.031875 0.12254166666666667
