5 0.575 0.6364583333333333 0.5828125 0.20208333333333334
0 0.04296875 0.7104166666666667 0.025 0.0875
0 0.14140625 0.71875 0.0234375 0.07083333333333333
0 0.890625 0.7020833333333333 0.021875 0.06875
7 0.54296875 0.7770833333333333 0.2328125 0.1375
7 0.35625 0.7770833333333333 0.165625 0.13125
2 0.07578125 0.6770833333333334 0.053125 0.03125
5 0.2421875 0.6541666666666667 0.0875 0.07291666666666667
2 0.1640625 0.6770833333333334 0.0625 0.027083333333333334
2 0.01171875 0.6833333333333333 0.0234375 0.029166666666666667
3 0.436046875 0.5155 0.07834375 0.19974999999999998
0 0.8234375 0.7010416666666667 0.034375 0.0625
