4 0.4901129943502825 0.45282926829268294 0.5903954802259888 0.9031951219512195
6 0.8870056497175142 0.35853658536585364 0.13559322033898305 0.34146341463414637
1 0.3432203389830508 0.2865853658536585 0.1016949152542373 0.07317073170731707
1 0.03954802259887006 0.2780487804878049 0.07909604519774012 0.08292682926829269
1 0.78954802259887 0.28536585365853656 0.08192090395480225 0.06097560975609756
1 0.15677966101694915 0.2731707317073171 0.09322033898305085 0.06585365853658537
1 0.6581920903954802 0.2975609756097561 0.07062146892655367 0.07560975609756097
1 0.980225988700565 0.3280487804878049 0.03672316384180791 0.14634146341463414
1 0.8389830508474576 0.2951219512195122 0.07344632768361582 0.09024390243902439
7 0.963276836158192 0.30365853658536585 0.07062146892655367 0.16585365853658537
1 0.6850282485875706 0.2707317073170732 0.03389830508474576 0.03170731707317073