4 0.483739837398374 0.4612676056338028 0.5745257452574526 0.8779342723004695
1 0.8197831978319783 0.318075117370892 0.11653116531165311 0.07276995305164319
7 0.7030623306233063 0.30985915492957744 0.10569105691056911 0.07981220657276995
1 0.23035230352303523 0.3004694835680751 0.11382113821138211 0.07981220657276995
1 0.044715447154471545 0.3075117370892019 0.08943089430894309 0.08450704225352113
7 0.360189701897019 0.2957276995305164 0.08943089430894309 0.06338028169014084
1 0.962059620596206 0.3075117370892019 0.07046070460704607 0.056338028169014086
7 0.09620596205962059 0.3028169014084507 0.10569105691056911 0.09154929577464789
1 0.989159891598916 0.323943661971831 0.018970189701897018 0.07042253521126761
1 0.6517615176151762 0.3039906103286385 0.032520325203252036 0.046948356807511735
1 0.8658536585365854 0.29460093896713613 0.032520325203252036 0.03051643192488263
1 0.7628726287262872 0.29694835680751175 0.051490514905149054 0.051643192488262914
1 0.8726287262872628 0.2852112676056338 0.037940379403794036 0.025821596244131457
1 0.9280487804878048 0.2906807511737089 0.027425474254742545 0.028661971830985917