4 0.49145299145299143 0.45009732360097326 0.603048433048433 0.8920924574209245
6 0.8945868945868946 0.36009732360097324 0.13675213675213677 0.3381995133819951
1 0.34472934472934474 0.28832116788321166 0.10256410256410256 0.072992700729927
1 0.039886039886039885 0.2798053527980535 0.07977207977207977 0.08029197080291971
1 0.7977207977207977 0.28832116788321166 0.08547008547008547 0.06082725060827251
1 0.15669515669515668 0.2749391727493917 0.09116809116809117 0.06569343065693431
1 0.6638176638176638 0.29927007299270075 0.07407407407407407 0.07542579075425791
1 0.8447293447293447 0.2956204379562044 0.07122507122507123 0.09002433090024331
7 0.9672364672364673 0.30900243309002434 0.05982905982905983 0.170316301703163
1 0.9843304843304843 0.33698296836982966 0.02849002849002849 0.12652068126520682
1 0.6937321937321937 0.2688564476885645 0.045584045584045586 0.038929440389294405
1 0.7250712250712251 0.24939172749391728 0.039886039886039885 0.04866180048661801