4 0.5413461538461538 0.41427450980392155 0.354508547008547 0.775607843137255
6 0.057692307692307696 0.15490196078431373 0.11538461538461539 0.20784313725490197
6 0.13995726495726496 0.17254901960784313 0.10683760683760683 0.16666666666666666
6 0.6773504273504274 0.17058823529411765 0.07905982905982906 0.0784313725490196
6 0.30448717948717946 0.1392156862745098 0.1282051282051282 0.2196078431372549
6 0.9722222222222222 0.257843137254902 0.053418803418803416 0.13529411764705881
6 0.8696581196581197 0.17745098039215687 0.08547008547008547 0.16470588235294117
6 0.9166666666666666 0.22647058823529412 0.06623931623931624 0.058823529411764705
6 0.6068376068376068 0.16470588235294117 0.06837606837606838 0.08235294117647059
6 0.2094017094017094 0.1980392156862745 0.0876068376068376 0.12352941176470589
6 0.7350427350427351 0.17058823529411765 0.0641025641025641 0.0784313725490196
6 0.38995726495726496 0.15196078431372548 0.053418803418803416 0.0784313725490196
6 0.7873931623931624 0.20392156862745098 0.023504273504273504 0.07058823529411765