6 0.18315359477124182 0.13915857605177995 0.04084967320261438 0.1715210355987055
6 0.22794117647058823 0.11165048543689321 0.08660130718954248 0.13268608414239483
6 0.8251633986928104 0.1610032362459547 0.11274509803921569 0.1407766990291262
6 0.9714052287581699 0.23381877022653721 0.05718954248366013 0.24110032362459546
6 0.8651960784313726 0.14724919093851133 0.05718954248366013 0.156957928802589
6 0.14950980392156862 0.12864077669902912 0.06699346405228758 0.18608414239482202
6 0.10866013071895425 0.10922330097087378 0.09477124183006536 0.17313915857605178
6 0.2908496732026144 0.11650485436893204 0.07352941176470588 0.11812297734627832
6 0.3611111111111111 0.12459546925566344 0.06862745098039216 0.18932038834951456
6 0.8954248366013072 0.16585760517799353 0.0392156862745098 0.15372168284789645
6 0.44689542483660133 0.12378640776699029 0.0457516339869281 0.07928802588996764
4 0.4809967320261438 0.44318770226537213 0.35455882352941176 0.8540129449838187