4 0.4376876876876877 0.46802030456852795 0.443948948948949 0.8615989847715737
6 0.3460960960960961 0.20114213197969544 0.05855855855855856 0.12944162436548223
6 0.41516516516516516 0.15355329949238578 0.052552552552552555 0.06472081218274112
6 0.7680180180180181 0.15736040609137056 0.025525525525525526 0.0266497461928934
1 0.9429429429429429 0.24492385786802032 0.11261261261261261 0.1434010152284264
1 0.17567567567567569 0.18718274111675126 0.1966966966966967 0.06598984771573604
1 0.6996996996996997 0.1947969543147208 0.12462462462462462 0.06345177664974619
1 0.28153153153153154 0.1713197969543147 0.10510510510510511 0.06472081218274112
1 0.04354354354354354 0.19796954314720813 0.08408408408408409 0.08375634517766498
1 0.14864864864864866 0.14086294416243655 0.07357357357357357 0.02918781725888325
7 0.8678678678678678 0.1947969543147208 0.25375375375375375 0.1116751269035533