4 0.4714634146341463 0.4327472527472528 0.3708780487804878 0.814945054945055
6 0.7560975609756098 0.1945054945054945 0.1040650406504065 0.27692307692307694
6 0.8626016260162601 0.1835164835164835 0.0975609756097561 0.26593406593406593
6 0.36666666666666664 0.15824175824175823 0.08130081300813008 0.23516483516483516
6 0.9040650406504065 0.189010989010989 0.0910569105691057 0.25274725274725274
6 0.9504065040650407 0.17912087912087912 0.0975609756097561 0.2549450549450549
6 0.3 0.06923076923076923 0.04552845528455285 0.06153846153846154
6 0.2780487804878049 0.06813186813186813 0.032520325203252036 0.05714285714285714
6 0.5357723577235772 0.10329670329670329 0.061788617886178863 0.07692307692307693
7 0.17235772357723578 0.15494505494505495 0.34471544715447155 0.29010989010989013
1 0.046341463414634146 0.3021978021978022 0.0910569105691057 0.23956043956043957