6 0.47413793103448276 0.4305685618729097 0.3635057471264368 0.8026086956521739
0 0.8275862068965517 0.20735785953177258 0.07471264367816093 0.17558528428093645
0 0.9798850574712644 0.2265886287625418 0.03879310344827586 0.17725752508361203
0 0.7320402298850575 0.1956521739130435 0.06465517241379311 0.1488294314381271
0 0.9597701149425287 0.23411371237458195 0.05459770114942529 0.14715719063545152
0 0.7614942528735632 0.1931438127090301 0.04885057471264368 0.1505016722408027
0 0.16594827586206898 0.13043478260869565 0.031609195402298854 0.07023411371237458
0 0.19540229885057472 0.11956521739130435 0.03017241379310345 0.04013377926421405
0 0.13505747126436782 0.14130434782608695 0.031609195402298854 0.07023411371237458
0 0.11350574712643678 0.11622073578595318 0.028735632183908046 0.046822742474916385
0 0.028735632183908046 0.10535117056856187 0.01867816091954023 0.02508361204013378
2 0.06896551724137931 0.16471571906354515 0.13793103448275862 0.09866220735785954
2 0.3204022988505747 0.25501672240802675 0.3706896551724138 0.2725752508361204
7 0.31344827586206897 0.129247491638796 0.27969827586206897 0.0845819397993311
