4 0.49386831275720167 0.4463731170336037 0.40382716049382716 0.8904403244495945
6 0.10185185185185185 0.23348783314020857 0.11728395061728394 0.36152954808806487
6 0.8106995884773662 0.15063731170336037 0.0360082304526749 0.12630359212050984
6 0.7669753086419753 0.14020857473928158 0.0411522633744856 0.07531865585168018
6 0.3436213991769547 0.15063731170336037 0.05452674897119342 0.22363847045191193
6 0.035493827160493825 0.22363847045191193 0.06995884773662552 0.33719582850521435
6 0.2536008230452675 0.12630359212050984 0.047325102880658436 0.12862108922363846
6 0.9398148148148148 0.13557358053302435 0.018518518518518517 0.056778679026651215
1 0.9696502057613169 0.1593279258400927 0.059670781893004114 0.06952491309385864
1 0.713477366255144 0.12746234067207415 0.05864197530864197 0.05214368482039398
1 0.6491769547325102 0.14310544611819234 0.10596707818930041 0.05793742757821553
1 0.8698559670781894 0.14600231749710313 0.09773662551440329 0.05330243337195829