4 0.3171341463414634 0.44746846846846844 0.35583333333333333 0.816954954954955
6 0.385840108401084 0.2355855855855856 0.07859078590785908 0.26126126126126126
6 0.44715447154471544 0.17927927927927928 0.029132791327913278 0.13513513513513514
6 0.7886178861788617 0.17432432432432432 0.02032520325203252 0.09279279279279279
6 0.7625338753387534 0.1662162162162162 0.024390243902439025 0.05315315315315315
6 0.5057588075880759 0.1671171171171171 0.03184281842818428 0.14774774774774774
6 0.584349593495935 0.17072072072072073 0.015582655826558265 0.07117117117117117
6 0.866869918699187 0.17318918918918919 0.015589430894308944 0.060792792792792795
6 0.34122628726287263 0.22722522522522523 0.06233062330623306 0.2824864864864865
1 0.8241869918699187 0.17342342342342343 0.054878048780487805 0.04234234234234234
1 0.6812330623306233 0.18198198198198198 0.0975609756097561 0.06936936936936937
1 0.7117208672086721 0.15855855855855855 0.03861788617886179 0.03963963963963964
7 0.9376693766937669 0.17297297297297298 0.11178861788617886 0.07207207207207207
1 0.6124661246612466 0.18018018018018017 0.048102981029810296 0.05855855855855856
1 0.5277777777777778 0.1662162162162162 0.02168021680216802 0.032432432432432434
1 0.6090785907859079 0.1445945945945946 0.03116531165311653 0.02072072072072072
6 0.8807113821138212 0.1527837837837838 0.010264227642276424 0.014594594594594595