6 0.47928362573099415 0.4314915254237288 0.3630555555555556 0.7833389830508475
0 0.9261695906432749 0.22966101694915253 0.07602339181286549 0.17796610169491525
0 0.7536549707602339 0.20677966101694914 0.07602339181286549 0.17966101694915254
0 0.8947368421052632 0.22372881355932203 0.07309941520467836 0.17457627118644067
0 0.6864035087719298 0.19152542372881357 0.04824561403508772 0.15593220338983052
0 0.08406432748538012 0.12542372881355932 0.03070175438596491 0.06779661016949153
0 0.05263157894736842 0.13898305084745763 0.03216374269005848 0.0711864406779661
0 0.03289473684210526 0.1152542372881356 0.027777777777777776 0.04576271186440678
0 0.10526315789473684 0.13220338983050847 0.027777777777777776 0.03728813559322034
2 0.25219298245614036 0.25677966101694916 0.4269005847953216 0.2847457627118644
2 0.02631578947368421 0.16779661016949152 0.05263157894736842 0.09152542372881356
7 0.3641520467836257 0.1614406779661017 0.3350438596491228 0.15
