6 0.9683698296836983 0.20603674540682415 0.06326034063260341 0.3333333333333333
6 0.610705596107056 0.20866141732283464 0.11435523114355231 0.27296587926509186
6 0.7566909975669099 0.19553805774278216 0.145985401459854 0.2782152230971129
6 0.43309002433090027 0.1010498687664042 0.08759124087591241 0.16010498687664043
6 0.8077858880778589 0.1784776902887139 0.0827250608272506 0.24934383202099739
6 0.4586374695863747 0.2047244094488189 0.15815085158150852 0.1968503937007874
6 0.656934306569343 0.09317585301837271 0.038929440389294405 0.11023622047244094
4 0.33454987834549876 0.40813648293963256 0.3844282238442822 0.8110236220472441
7 0.10948905109489052 0.1167979002624672 0.21654501216545013 0.14173228346456693
1 0.5827250608272506 0.09711286089238845 0.12652068126520682 0.09448818897637795
6 0.6909975669099757 0.09448818897637795 0.05596107055961071 0.09711286089238845