6 0.7964376590330788 0.1773809523809524 0.1475826972010178 0.3261904761904762
4 0.531145038167939 0.4284047619047619 0.34409669211195926 0.8282380952380952
6 0.6972010178117048 0.1595238095238095 0.11704834605597965 0.2619047619047619
6 0.24173027989821882 0.17857142857142858 0.15012722646310434 0.24047619047619048
6 0.6437659033078881 0.1630952380952381 0.09414758269720101 0.2785714285714286
6 0.38549618320610685 0.12142857142857143 0.11704834605597965 0.16428571428571428
6 0.07888040712468193 0.1630952380952381 0.14249363867684478 0.1738095238095238
6 0.28498727735368956 0.08214285714285714 0.04834605597964377 0.09047619047619047
6 0.32951653944020354 0.17261904761904762 0.06361323155216285 0.17142857142857143
6 0.3320610687022901 0.06428571428571428 0.04580152671755725 0.06904761904761905
1 0.21501272264631044 0.08571428571428572 0.10687022900763359 0.10476190476190476