4 0.450041928721174 0.4197974683544304 0.32354297693920336 0.8294936708860758
6 0.9570230607966457 0.1962025316455696 0.0859538784067086 0.34430379746835443
6 0.6446540880503144 0.1848101265822785 0.12159329140461216 0.2683544303797468
6 0.8427672955974843 0.20126582278481012 0.07756813417190776 0.3265822784810127
6 0.889937106918239 0.18734177215189873 0.10482180293501048 0.2936708860759494
6 0.21069182389937108 0.13670886075949368 0.07337526205450734 0.23037974683544304
6 0.27148846960167716 0.1240506329113924 0.07337526205450734 0.17468354430379746
6 0.5911949685534591 0.08607594936708861 0.05450733752620545 0.08607594936708861
6 0.5272536687631028 0.20632911392405062 0.09433962264150944 0.2607594936708861
6 0.6876310272536688 0.16835443037974684 0.07547169811320754 0.2481012658227848
6 0.31236897274633124 0.11265822784810127 0.03773584905660377 0.11645569620253164
6 0.5828092243186582 0.14556962025316456 0.05241090146750524 0.08607594936708861
7 0.09643605870020965 0.11012658227848102 0.18867924528301888 0.13924050632911392
1 0.5083857442348009 0.09367088607594937 0.11320754716981132 0.09113924050632911