3 0.620536 0.629386 0.342543 0.327588 0.802413
1 0.826044 0.600820 0.115162 0.128486 0.668522
1 0.410731 0.594702 0.044239 0.101314 0.654854
0 0.610570 0.559861 0.116197 0.334925 0.529754
0 0.959538 0.559081 0.037595 0.173262 0.515838
1 0.779434 0.555168 0.044019 0.161756 0.512264
0 0.301699 0.375006 0.118252 0.371922 0.498301
1 0.932103 0.566907 0.029093 0.147727 0.378491
1 0.429719 0.505585 0.037278 0.089052 0.349713
0 0.533412 0.501507 0.042001 0.114873 0.339003
0 0.741587 0.536732 0.038369 0.180797 0.321932
