1 0.105902 0.732431 0.026122 0.066255 0.953154
1 0.152830 0.728925 0.025255 0.080474 0.678535
0 0.587527 0.686862 0.012284 0.047397 0.610257
1 0.098181 0.718767 0.018562 0.082531 0.589088
1 0.842785 0.677949 0.020138 0.057879 0.577128
1 0.454652 0.672813 0.014631 0.039844 0.500013
1 0.980997 0.661363 0.020715 0.059245 0.499705
1 0.918577 0.648440 0.010671 0.036548 0.486180
1 0.156693 0.752116 0.045043 0.048265 0.472272
1 0.985666 0.674760 0.026563 0.035825 0.389571
1 0.131630 0.705488 0.018511 0.079979 0.380523
1 0.969320 0.646435 0.013112 0.044526 0.379102
1 0.229743 0.707598 0.018861 0.070436 0.353685
1 0.277426 0.710785 0.023141 0.045258 0.353443
1 0.196705 0.695443 0.017473 0.063375 0.324806
1 0.909218 0.647559 0.013255 0.036090 0.320220
1 0.279814 0.706579 0.014298 0.034688 0.313719
1 0.446603 0.674321 0.023518 0.042130 0.302245
