1 0.205284 0.723585 0.024094 0.067125 0.954461
1 0.127695 0.809944 0.038411 0.056667 0.932654
1 0.625536 0.501089 0.022292 0.060502 0.872091
1 0.394577 0.800507 0.017861 0.064006 0.871742
2 0.298628 0.836773 0.201350 0.114047 0.849982
2 0.088876 0.865734 0.177751 0.117976 0.824785
1 0.185046 0.733594 0.021364 0.054289 0.816817
2 0.511476 0.464492 0.126102 0.085945 0.815293
1 0.268552 0.926714 0.037949 0.060684 0.807042
1 0.867085 0.795189 0.032417 0.068592 0.799575
1 0.989507 0.287170 0.016759 0.054923 0.789446
2 0.344075 0.616797 0.159386 0.090998 0.771604
2 0.372618 0.514620 0.139091 0.086501 0.758619
1 0.857502 0.962779 0.036306 0.074442 0.718733
1 0.692449 0.323057 0.013828 0.042181 0.650741
1 0.770332 0.195973 0.011602 0.039773 0.628082
1 0.422889 0.802108 0.028227 0.064101 0.621599
1 0.411511 0.802627 0.052938 0.075216 0.618283
1 0.783227 0.545751 0.025615 0.071952 0.611179
1 0.276246 0.943901 0.064284 0.055740 0.568880
2 0.769254 0.358968 0.114234 0.070955 0.562811
2 0.624546 0.405209 0.070329 0.066426 0.549431
2 0.840659 0.521429 0.078174 0.116997 0.513849
8 0.900482 0.625481 0.097590 0.163239 0.453471
1 0.887902 0.750669 0.021033 0.066170 0.444893
1 0.648800 0.551663 0.019419 0.066354 0.440636
1 0.700005 0.278995 0.018790 0.031310 0.432855
1 0.052622 0.624290 0.025288 0.054224 0.420776
1 0.390739 0.812283 0.027178 0.089481 0.411859
1 0.669846 0.427026 0.014795 0.048395 0.382536
0 0.786182 0.731370 0.020424 0.066945 0.375113
1 0.680255 0.196451 0.012875 0.026414 0.366815
1 0.631918 0.507312 0.019534 0.042726 0.365868
1 0.196338 0.737335 0.042547 0.048085 0.358797
0 0.920867 0.729921 0.019616 0.081734 0.356164
1 0.732958 0.417464 0.018221 0.050494 0.314922
1 0.688687 0.367418 0.023241 0.043644 0.313468
0 0.120150 0.598489 0.021239 0.070820 0.313138
