1 0.980704 0.494538 0.038155 0.077096 0.960391
0 0.371932 0.759126 0.134119 0.477183 0.901745
0 0.593895 0.786845 0.162392 0.425453 0.895158
0 0.740678 0.711344 0.206930 0.577313 0.881166
0 0.061409 0.630062 0.110901 0.413186 0.845975
7 0.178333 0.492811 0.197512 0.201513 0.820114
0 0.481865 0.550601 0.066263 0.224230 0.717790
0 0.785412 0.465512 0.056499 0.147028 0.685512
0 0.288898 0.599660 0.095571 0.365199 0.634338
1 0.682738 0.492603 0.042152 0.063381 0.613092
2 0.054880 0.455622 0.109598 0.133734 0.595911
2 0.540576 0.437782 0.117577 0.066623 0.405584
1 0.685220 0.455385 0.048766 0.130305 0.401943
1 0.371653 0.515738 0.091429 0.176563 0.326910
