0 0.147699 0.387015 0.113681 0.303247 0.866291
0 0.844613 0.436852 0.047072 0.238711 0.701983
0 0.561753 0.553586 0.273742 0.468884 0.687656
1 0.877654 0.464062 0.049415 0.182795 0.648094
0 0.672818 0.438326 0.063602 0.239441 0.598501
0 0.915137 0.445450 0.056193 0.217764 0.586662
1 0.664629 0.487737 0.060451 0.145330 0.544876
1 0.136925 0.469491 0.248735 0.257078 0.461718
1 0.763543 0.493160 0.075537 0.134172 0.407846
1 0.740712 0.438604 0.055163 0.197016 0.339128
0 0.749576 0.470317 0.033244 0.163997 0.301377
