1 0.045853 0.526662 0.036369 0.071827 0.957942
1 0.222090 0.515219 0.017805 0.030552 0.942175
1 0.648185 0.549559 0.015052 0.090485 0.917830
2 0.127732 0.529877 0.106184 0.080903 0.873734
1 0.192939 0.517661 0.016097 0.049632 0.870342
1 0.503767 0.526615 0.039282 0.067286 0.867766
2 0.063571 0.600696 0.126977 0.108300 0.825869
0 0.601961 0.532832 0.026192 0.093711 0.802450
1 0.307483 0.483384 0.011121 0.029716 0.797083
2 0.461444 0.577189 0.163258 0.133571 0.759796
1 0.184801 0.512052 0.018674 0.056402 0.743923
0 0.568183 0.544451 0.028933 0.108383 0.743060
2 0.749496 0.546998 0.140667 0.094915 0.713449
1 0.280283 0.551769 0.014527 0.101568 0.692665
0 0.663256 0.541947 0.030867 0.110433 0.684867
0 0.867825 0.520664 0.021872 0.079568 0.680555
1 0.966602 0.588990 0.064738 0.165699 0.635038
0 0.829297 0.550233 0.037792 0.123842 0.628903
1 0.090298 0.496774 0.026068 0.033044 0.600849
1 0.848584 0.537609 0.022963 0.101373 0.574982
1 0.050044 0.506922 0.023092 0.054557 0.539326
0 0.629841 0.538203 0.028770 0.122672 0.503164
1 0.984413 0.540237 0.030217 0.078311 0.494340
1 0.345397 0.494557 0.014537 0.024603 0.478676
1 0.814299 0.513589 0.017432 0.044662 0.412557
0 0.540358 0.520368 0.025847 0.081098 0.408998
1 0.215627 0.502846 0.034485 0.038585 0.375224
1 0.192612 0.489683 0.015830 0.046582 0.319190
1 0.173004 0.509019 0.018238 0.037066 0.307488
0 0.788601 0.504666 0.027384 0.049990 0.300330
