4 0.542127 0.510786 0.649689 0.551278 0.927186
1 0.897043 0.599908 0.027007 0.074831 0.864345
1 0.873434 0.584846 0.016217 0.077945 0.809686
1 0.893961 0.633984 0.027865 0.076303 0.736571
1 0.008395 0.580493 0.016790 0.166613 0.719129
1 0.873674 0.605463 0.018169 0.045552 0.635561
1 0.996033 0.612186 0.007934 0.051879 0.505818
1 0.856545 0.632740 0.010339 0.038322 0.399455
1 0.026039 0.515335 0.029060 0.057114 0.392718
1 0.020585 0.572568 0.041170 0.175311 0.376255
1 0.011791 0.625056 0.023568 0.157911 0.355118
