2 0.070125 0.714163 0.128816 0.212739 0.892496
0 0.721815 0.682458 0.051581 0.221382 0.766490
0 0.845419 0.732023 0.062349 0.239567 0.744480
0 0.802526 0.700015 0.056658 0.241320 0.686461
0 0.978724 0.765127 0.041938 0.235984 0.587818
0 0.482356 0.688678 0.028401 0.150751 0.528944
0 0.548988 0.693176 0.053544 0.178628 0.512365
0 0.354169 0.672689 0.022730 0.117641 0.499905
2 0.158629 0.668145 0.047423 0.076847 0.486673
0 0.430501 0.684622 0.029041 0.146099 0.347671
0 0.620142 0.678344 0.033043 0.158096 0.324388
