4 0.258171 0.535957 0.267998 0.189288 0.914918
1 0.929958 0.444851 0.012484 0.030105 0.910413
4 0.810844 0.408104 0.196475 0.102299 0.879233
2 0.675046 0.630490 0.162004 0.076142 0.821585
1 0.650699 0.700089 0.061647 0.052104 0.675001
0 0.482807 0.730179 0.031395 0.089074 0.667445
1 0.486226 0.428043 0.024891 0.039024 0.591169
0 0.439839 0.713602 0.026175 0.079655 0.585472
0 0.444750 0.836854 0.028833 0.102063 0.565846
0 0.480263 0.815514 0.033297 0.082695 0.483290
1 0.580446 0.455069 0.017018 0.033817 0.465259
0 0.348618 0.861015 0.034651 0.115091 0.461645
1 0.655892 0.687226 0.042456 0.067461 0.437245
1 0.678652 0.551282 0.017682 0.035909 0.425599
1 0.803432 0.345140 0.014732 0.020671 0.402064
0 0.498385 0.575090 0.019079 0.051901 0.395588
7 0.174259 0.388682 0.037393 0.031563 0.391418
0 0.458735 0.725897 0.023476 0.063054 0.372409
1 0.695026 0.549193 0.017087 0.033202 0.370688
1 0.950459 0.442332 0.023632 0.044530 0.357006
1 0.754414 0.338538 0.011832 0.021088 0.305763
