0 0.636688 0.775388 0.059583 0.230561 0.838632
0 0.542397 0.783353 0.075467 0.276817 0.830962
0 0.725343 0.774269 0.054894 0.220080 0.826492
0 0.392566 0.758847 0.078503 0.225190 0.818905
1 0.702619 0.800682 0.024505 0.117207 0.757445
2 0.126535 0.774537 0.112492 0.159527 0.721785
0 0.679540 0.806054 0.046466 0.163001 0.708565
0 0.827076 0.777938 0.045588 0.230018 0.665074
2 0.039590 0.757072 0.062172 0.072661 0.550894
1 0.698744 0.779013 0.036485 0.175618 0.493945
0 0.508299 0.761179 0.052068 0.268145 0.484384
