0 0.246875 0.571875 0.0453125 0.11666666666666667
0 0.621875 0.5854166666666667 0.0375 0.11666666666666667
0 0.778125 0.565625 0.028125 0.10208333333333333
0 0.18125 0.5739583333333333 0.0375 0.14166666666666666
0 0.0375 0.5395833333333333 0.015625 0.0375
0 0.01796875 0.5572916666666666 0.0328125 0.07708333333333334
0 0.675 0.61875 0.0859375 0.24166666666666667
5 0.4296875 0.5229166666666667 0.340625 0.26875
0 0.68515625 0.5458333333333333 0.015625 0.05416666666666667
0 0.04375 0.5239583333333333 0.0046875 0.014583333333333334
2 0.16796875 0.559375 0.10625 0.10833333333333334
0 0.73984375 0.5739583333333333 0.034375 0.13333333333333333
0 0.08359375 0.5416666666666666 0.0140625 0.03958333333333333
1 0.24765625 0.5822916666666667 0.046875 0.1375
1 0.1 0.5708333333333333 0.0390625 0.1125
1 0.05703125 0.5927083333333333 0.0578125 0.17083333333333334
