2 0.9043062200956937 0.64609375 0.18341307814992025 0.096875
2 0.7910685805422647 0.64375 0.0685805422647528 0.0609375
2 0.5175438596491229 0.653125 0.05741626794258373 0.0421875
2 0.48883572567783096 0.6578125 0.009569377990430622 0.0203125
0 0.17703349282296652 0.4953125 0.34609250398724084 0.984375
0 0.3054226475279107 0.3140625 0.07814992025518341 0.1234375
0 0.46810207336523124 0.6546875 0.07177033492822966 0.13125
2 0.48165869218500795 0.65 0.02073365231259968 0.0328125
0 0.886762360446571 0.61875 0.02711323763955343 0.0203125
2 0.726475279106858 0.64921875 0.10526315789473684 0.084375
2 0.5709728867623605 0.65390625 0.05582137161084529 0.053125
1 0.6379585326953748 0.6625 0.13556618819776714 0.2984375
