0 0.52578125 0.47214484679665736 0.11875 0.4373259052924791
0 0.90234375 0.5027855153203342 0.0265625 0.10027855153203342
0 0.41171875 0.5264623955431755 0.0234375 0.15041782729805014
0 0.5953125 0.5055710306406686 0.0484375 0.181058495821727
0 0.453125 0.4373259052924791 0.05625 0.1309192200557103
0 0.20859375 0.479108635097493 0.0203125 0.033426183844011144
0 0.18828125 0.479108635097493 0.0109375 0.033426183844011144
0 0.38203125 0.45403899721448465 0.00625 0.03064066852367688
0 0.1609375 0.4610027855153203 0.0140625 0.019498607242339833
0 0.23125 0.5041782729805014 0.01875 0.052924791086350974
1 0.228125 0.5919220055710307 0.3484375 0.520891364902507
1 0.3359375 0.4582172701949861 0.2046875 0.5013927576601671
1 0.803125 0.5069637883008357 0.21875 0.3816155988857939
