0 0.2203125 0.6577102803738317 0.1140625 0.1378504672897196
0 0.8640625 0.5210280373831776 0.0140625 0.0794392523364486
0 0.8359375 0.5116822429906542 0.021875 0.08411214953271028
0 0.890625 0.5186915887850467 0.0203125 0.0794392523364486
0 0.94921875 0.49182242990654207 0.009375 0.028037383177570093
2 0.24453125 0.5992990654205608 0.46875 0.3247663551401869
2 0.4328125 0.572429906542056 0.253125 0.1822429906542056
2 0.50859375 0.522196261682243 0.196875 0.13551401869158877
2 0.71171875 0.5 0.1265625 0.07710280373831775
2 0.64140625 0.5315420560747663 0.11875 0.12149532710280374
2 0.7 0.5315420560747663 0.1015625 0.08644859813084112
2 0.69140625 0.5502336448598131 0.0875 0.07710280373831775
0 0.9015625 0.48130841121495327 0.0109375 0.02570093457943925
2 0.76328125 0.5116822429906542 0.071875 0.06074766355140187
2 0.76484375 0.5046728971962616 0.0828125 0.056074766355140186
2 0.8046875 0.4871495327102804 0.025 0.02570093457943925
2 0.778125 0.4848130841121495 0.075 0.035046728971962614
2 0.70390625 0.5105140186915887 0.1 0.08177570093457943
0 0.825 0.5 0.01875 0.07009345794392523
1 0.91015625 0.5397196261682243 0.0296875 0.12149532710280374
1 0.93515625 0.5116822429906542 0.021875 0.09345794392523364
1 0.61775 0.6423130841121496 0.24460937500000002 0.3729439252336449
1 0.9667656250000001 0.4991588785046729 0.01534375 0.05605140186915888
