3 0.11875 0.45784543325526933 0.0203125 0.04918032786885246
0 0.084375 0.4449648711943794 0.015625 0.10070257611241218
0 0.11875 0.42857142857142855 0.0265625 0.06791569086651054
0 0.59921875 0.3911007025761124 0.05625 0.1873536299765808
0 0.6578125 0.3793911007025761 0.065625 0.1405152224824356
5 0.28359375 0.3747072599531616 0.1625 0.28805620608899296
2 0.20859375 0.44028103044496486 0.021875 0.08899297423887588
0 0.059375 0.4098360655737705 0.00625 0.02107728337236534
0 0.09140625 0.42271662763466045 0.015625 0.06088992974238876
5 0.6296875 0.4707259953161593 0.3140625 0.41217798594847777
1 0.06953125 0.4484777517564403 0.0234375 0.117096018735363
