2 0.171875 0.509375 0.1546875 0.08541666666666667
2 0.06953125 0.509375 0.121875 0.075
2 0.025 0.5052083333333334 0.0453125 0.05416666666666667
0 0.27734375 0.5 0.0296875 0.1
2 0.3375 0.48854166666666665 0.0703125 0.029166666666666667
2 0.3953125 0.5166666666666667 0.0421875 0.09166666666666666
2 0.24609375 0.5020833333333333 0.04375 0.04583333333333333
2 0.2921875 0.490625 0.0203125 0.025
2 0.49921875 0.48854166666666665 0.0484375 0.041666666666666664
1 0.55234375 0.5229166666666667 0.4984375 0.8125
