0 0.171 0.6373333333333333 0.246 0.7253333333333334
0 0.363 0.5506666666666666 0.048 0.2
1 0.54446 0.5290133333333333 0.04692000000000007 0.12471999999999996
1 0.45262 0.5285066666666667 0.033240000000000006 0.11834666666666666
1 0.48424 0.52368 0.030460000000000036 0.09269333333333331
1 0.645 0.5330133333333333 0.026 0.10338666666666661
1 0.674 0.5321066666666666 0.028 0.10423999999999993
1 0.7498400000000001 0.5344533333333333 0.03970000000000005 0.17557333333333328
1 0.96084 0.5748533333333333 0.05261999999999989 0.2003733333333333
0 0.858 0.5373333333333333 0.024 0.08533333333333333
0 0.874 0.5373333333333333 0.02 0.08266666666666667
0 0.422 0.5093333333333333 0.028 0.056
0 0.814 0.5253333333333333 0.016 0.06133333333333333
2 0.619 0.5226666666666666 0.032 0.048
2 0.513 0.5106666666666667 0.024 0.02666666666666667
6 0.169 0.49866666666666665 0.338 0.9973333333333333
6 0.36025999999999997 0.46424 0.04301999999999998 0.24496000000000004
