2 0.3203125 0.5947916666666667 0.5953125 0.51875
0 0.1734375 0.6260416666666667 0.34375 0.7229166666666667
0 0.7359375 0.43020833333333336 0.1046875 0.17916666666666667
0 0.96875 0.6229166666666667 0.0609375 0.49375
0 0.42890625 0.4552083333333333 0.1 0.15
3 0.3796875 0.7729166666666667 0.3171875 0.43125
3 0.69609375 0.771875 0.1125 0.3145833333333333
0 0.3 0.44166666666666665 0.0234375 0.09583333333333334
2 0.90234375 0.34791666666666665 0.01875 0.0125
1 0.8150000000000001 0.6649999999999999 0.27999999999999997 0.67
