2 0.9208333333333333 0.828125 0.10208333333333333 0.165625
2 0.8677083333333333 0.82421875 0.0625 0.15
2 0.3645833333333333 0.825 0.10416666666666667 0.0890625
2 0.46145833333333336 0.79921875 0.025 0.0171875
2 0.4166666666666667 0.82109375 0.03333333333333333 0.0546875
2 0.753125 0.83203125 0.10625 0.0875
2 0.834375 0.8234375 0.07083333333333333 0.140625
0 0.621875 0.75546875 0.22708333333333333 0.40625
5 0.74375 0.79609375 0.13125 0.14375
2 0.475 0.7921875 0.020833333333333332 0.0171875
2 0.5395833333333333 0.7984375 0.022916666666666665 0.0171875
2 0.409375 0.79375 0.03125 0.0171875
2 0.44479166666666664 0.77890625 0.022916666666666665 0.0125
2 0.7895833333333333 0.83359375 0.05416666666666667 0.1078125
