4 0.5453125 0.4495515695067265 0.165625 0.18834080717488788
0 0.7328125 0.45403587443946186 0.2203125 0.2399103139013453
0 0.225 0.6031390134529148 0.1625 0.6591928251121076
0 0.1453125 0.49327354260089684 0.025 0.1210762331838565
0 0.67578125 0.4876681614349776 0.0265625 0.05829596412556054
0 0.40703125 0.4798206278026906 0.025 0.06053811659192825
0 0.57109375 0.4248878923766816 0.0140625 0.02242152466367713
0 0.06015625 0.46524663677130046 0.0078125 0.03139013452914798
0 0.4953125 0.4080717488789238 0.03125 0.020179372197309416
0 0.86796875 0.5134529147982063 0.0265625 0.06053811659192825
1 0.4609375 0.48318385650224216 0.053125 0.10538116591928251
1 0.46015625 0.4820627802690583 0.053125 0.10762331838565023
1 0.44765625 0.4820627802690583 0.0375 0.10538116591928251
