0 0.20539906103286384 0.42734375 0.2699530516431925 0.5359375
0 0.7946009389671361 0.3546875 0.1619718309859155 0.29375
0 0.392018779342723 0.26953125 0.07276995305164319 0.1421875
0 0.9025821596244131 0.32578125 0.08685446009389672 0.2234375
0 0.9671361502347418 0.32890625 0.06572769953051644 0.2421875
0 0.09976525821596244 0.38046875 0.1056338028169014 0.3359375
0 0.05046948356807512 0.259375 0.07511737089201878 0.11875
0 0.6725352112676056 0.26328125 0.07276995305164319 0.0875
0 0.025821596244131457 0.375 0.051643192488262914 0.29375
0 0.3544600938967136 0.2609375 0.046948356807511735 0.1375
0 0.7746478873239436 0.2484375 0.14788732394366197 0.13125
1 0.5809859154929577 0.50234375 0.3826291079812207 0.6828125
