2 0.98046875 0.6879370629370629 0.0359375 0.12762237762237763
0 0.421875 0.5384615384615384 0.2046875 0.4178321678321678
0 0.584375 0.4187062937062937 0.05625 0.12937062937062938
0 0.646875 0.4178321678321678 0.165625 0.3129370629370629
0 0.85390625 0.5367132867132867 0.0875 0.2517482517482518
0 0.87265625 0.4825174825174825 0.0234375 0.08391608391608392
0 0.37421875 0.4353146853146853 0.0578125 0.12412587412587413
0 0.90703125 0.5323426573426573 0.059375 0.22202797202797203
0 0.06015625 0.6232517482517482 0.034375 0.1590909090909091
0 0.0953125 0.625 0.04375 0.1486013986013986
2 0.3078125 0.6564685314685315 0.0421875 0.12412587412587413
0 0.52265625 0.4527972027972028 0.059375 0.13986013986013987
0 0.75078125 0.576048951048951 0.1109375 0.22202797202797203
0 0.1984375 0.5384615384615384 0.175 0.3986013986013986
1 0.068765625 0.6233916083916083 0.101546875 0.14713286713286713
0 0.0089375 0.5868006993006992 0.017859375 0.046660839160839164
