0 0.4776470588235294 0.3609375 0.7105882352941176 0.6671875
0 0.31058823529411766 0.30390625 0.08941176470588236 0.184375
0 0.4117647058823529 0.303125 0.1011764705882353 0.178125
0 0.4588235294117647 0.2078125 0.03764705882352941 0.0421875
0 0.2011764705882353 0.23125 0.06823529411764706 0.0875
0 0.23647058823529413 0.2453125 0.09647058823529411 0.09375
0 0.3517647058823529 0.234375 0.03058823529411765 0.0625
0 0.9 0.2375 0.08 0.06875
0 0.2223529411764706 0.32421875 0.05411764705882353 0.1484375
0 0.4541176470588235 0.23359375 0.05411764705882353 0.0578125
0 0.8294117647058824 0.26015625 0.07764705882352942 0.1046875
1 0.05411764705882353 0.2578125 0.10823529411764705 0.1359375
