2 0.1234375 0.2793427230046948 0.1328125 0.08450704225352113
2 0.3234375 0.32981220657276994 0.071875 0.09859154929577464
2 0.24140625 0.28169014084507044 0.0828125 0.07042253521126761
2 0.61796875 0.43661971830985913 0.2359375 0.26291079812206575
2 0.29765625 0.3192488262910798 0.0546875 0.09154929577464789
1 0.4046875 0.4502112676056338 0.11770312499999999 0.5479107981220657
0 0.61875 0.5762910798122066 0.234375 0.6009389671361502
4 0.01015625 0.2347417840375587 0.015625 0.1572769953051643
0 0.50546875 0.3908450704225352 0.05625 0.13849765258215962
0 0.8890625 0.3884976525821596 0.0375 0.08450704225352113
0 0.7625 0.37910798122065725 0.0296875 0.06103286384976526
0 0.95546875 0.3755868544600939 0.0203125 0.028169014084507043
0 0.50703125 0.31690140845070425 0.0046875 0.014084507042253521
0 0.0078125 0.26291079812206575 0.015625 0.11032863849765258
0 0.33671875 0.2687793427230047 0.015625 0.023474178403755867
1 0.23515625 0.3004694835680751 0.028125 0.11502347417840375
