0 0.35703125 0.810304449648712 0.153125 0.31381733021077285
0 0.571875 0.6850117096018735 0.0671875 0.2693208430913349
0 0.2375 0.7822014051522248 0.0890625 0.21779859484777517
0 0.1625 0.7353629976580797 0.0859375 0.19437939110070257
0 0.53671875 0.6428571428571429 0.0625 0.20140515222482436
0 0.484375 0.6756440281030445 0.0515625 0.21779859484777517
0 0.4453125 0.6112412177985949 0.0375 0.10304449648711944
0 0.384375 0.6100702576112412 0.06875 0.13114754098360656
0 0.396875 0.7412177985948478 0.0671875 0.14285714285714285
0 0.04296875 0.734192037470726 0.08125 0.14988290398126464
0 0.471875 0.5913348946135831 0.025 0.0585480093676815
0 0.76015625 0.6475409836065574 0.0640625 0.1451990632318501
0 0.82421875 0.6381733021077284 0.053125 0.1358313817330211
