2 0.486 0.1531791907514451 0.462 0.2630057803468208
2 0.249 0.16184971098265896 0.282 0.17052023121387283
2 0.944 0.18063583815028902 0.108 0.18208092485549132
2 0.752 0.1199421965317919 0.134 0.1069364161849711
2 0.923 0.10115606936416185 0.096 0.07803468208092486
0 0.084 0.12572254335260116 0.042 0.17052023121387283
0 0.034 0.12427745664739884 0.058 0.17052023121387283
0 0.384 0.057803468208092484 0.01 0.028901734104046242
0 0.274 0.11705202312138728 0.036 0.046242774566473986
0 0.487 0.08526011560693642 0.07 0.057803468208092484
0 0.395 0.05346820809248555 0.008 0.017341040462427744
2 0.765 0.06213872832369942 0.076 0.017341040462427744
0 0.455 0.04335260115606936 0.012 0.017341040462427744
0 0.316 0.05635838150289017 0.028 0.03468208092485549
2 0.955 0.07803468208092486 0.076 0.06358381502890173
2 0.862 0.07658959537572255 0.154 0.05491329479768786
2 0.384 0.08526011560693642 0.036 0.023121387283236993
1 0.433 0.5982658959537572 0.718 0.8034682080924855
1 0.748 0.5187861271676301 0.412 0.8410404624277457
