2 0.7046875 0.47708333333333336 0.128125 0.14791666666666667
2 0.78125 0.44895833333333335 0.0515625 0.05416666666666667
2 0.446875 0.4708333333333333 0.046875 0.10208333333333333
2 0.09140625 0.796875 0.175 0.375
2 0.48046875 0.415625 0.053125 0.035416666666666666
0 0.0109375 0.475 0.01875 0.15
0 0.31484375 0.45 0.0234375 0.08333333333333333
0 0.6078125 0.47708333333333336 0.0296875 0.15208333333333332
2 0.64453125 0.43020833333333336 0.028125 0.04791666666666667
5 0.93515625 0.4041666666666667 0.1296875 0.225
0 0.378125 0.459375 0.0453125 0.16458333333333333
0 0.2921875 0.5135416666666667 0.05625 0.23333333333333334
0 0.33359375 0.4427083333333333 0.015625 0.08125
0 0.26171875 0.40520833333333334 0.025 0.06041666666666667
2 0.4875 0.48333333333333334 0.034375 0.13958333333333334
2 0.909375 0.6197916666666666 0.18125 0.2791666666666667
2 0.83828125 0.453125 0.06875 0.075
2 0.4421875 0.396875 0.040625 0.03125
2 0.440625 0.365625 0.01875 0.020833333333333332
2 0.671875 0.40625 0.034375 0.020833333333333332
1 0.25 0.5645833333333333 0.1 0.32083333333333336
1 0.53125 0.496875 0.071875 0.275
1 0.39296875 0.5479166666666667 0.0671875 0.26875
1 0.5828125 0.5083333333333333 0.0640625 0.27708333333333335
1 0.6296875 0.47708333333333336 0.0265625 0.14583333333333334
