0 0.7671875 0.6955503512880562 0.1484375 0.5152224824355972
0 0.89765625 0.6065573770491803 0.0859375 0.3185011709601874
0 0.6703125 0.5468384074941453 0.040625 0.21311475409836064
0 0.69765625 0.5257611241217799 0.0265625 0.1405152224824356
0 0.7390625 0.5081967213114754 0.0359375 0.12646370023419204
0 0.87265625 0.41217798594847777 0.0375 0.10772833723653395
0 0.91953125 0.4519906323185012 0.0390625 0.10304449648711944
0 0.8734375 0.49882903981264637 0.025 0.11007025761124122
0 0.71796875 0.5105386416861827 0.0109375 0.08899297423887588
0 0.7078125 0.509367681498829 0.015625 0.09601873536299765
0 0.9421875 0.6779859484777517 0.115625 0.6276346604215457
0 0.76484375 0.4812646370023419 0.021875 0.0585480093676815
