0 0.725 0.47423887587822017 0.2265625 0.9110070257611241
0 0.38046875 0.7049180327868853 0.153125 0.2693208430913349
0 0.09453125 0.6978922716627635 0.0578125 0.32786885245901637
0 0.60546875 0.65807962529274 0.1125 0.38875878220140514
0 0.86484375 0.6932084309133489 0.0671875 0.38875878220140514
0 0.05546875 0.6978922716627635 0.05 0.3255269320843091
0 0.825 0.6463700234192038 0.08125 0.36533957845433257
0 0.99453125 0.7037470725995316 0.0109375 0.2576112412177986
0 0.55234375 0.5210772833723654 0.0953125 0.2576112412177986
0 0.940625 0.6405152224824356 0.115625 0.5058548009367682
1 0.159375 0.7107728337236534 0.09375 0.3700234192037471
