2 0.14140625 0.6270833333333333 0.0671875 0.05416666666666667
4 0.4578125 0.5510416666666667 0.490625 0.5104166666666666
4 0.0515625 0.5875 0.1 0.16458333333333333
0 0.0328125 0.7375 0.065625 0.24375
0 0.9515625 0.709375 0.0921875 0.25
0 0.8140625 0.6875 0.0765625 0.19375
0 0.7296875 0.6666666666666666 0.040625 0.13125
0 0.8453125 0.6729166666666667 0.0515625 0.175
0 0.13203125 0.634375 0.0109375 0.058333333333333334
0 0.14296875 0.6291666666666667 0.0078125 0.05625
0 0.153125 0.63125 0.0171875 0.06041666666666667
0 0.53671875 0.6145833333333334 0.0671875 0.06666666666666667
0 0.27265625 0.628125 0.021875 0.04791666666666667
0 0.46796875 0.6260416666666667 0.028125 0.07916666666666666
1 0.1078125 0.678125 0.0390625 0.13541666666666666
