2 0.63984375 0.9244306418219461 0.2234375 0.11594202898550725
2 0.546875 0.8664596273291926 0.134375 0.16149068322981366
2 0.3296875 0.6894409937888198 0.040625 0.033126293995859216
4 0.4984375 0.7484472049689441 0.1953125 0.20496894409937888
0 0.81875 0.8343685300207039 0.040625 0.14906832298136646
0 0.77578125 0.8302277432712215 0.0390625 0.13871635610766045
0 0.74296875 0.8291925465838509 0.04375 0.14699792960662525
0 0.22578125 0.7474120082815735 0.021875 0.08281573498964803
0 0.24375 0.7505175983436853 0.015625 0.08074534161490683
0 0.26015625 0.7246376811594203 0.0171875 0.06625258799171843
0 0.28984375 0.7267080745341615 0.0171875 0.06418219461697723
0 0.23828125 0.7049689440993789 0.01875 0.045548654244306416
0 0.221875 0.6987577639751553 0.0171875 0.035196687370600416
0 0.1078125 0.8819875776397516 0.053125 0.17598343685300208
2 0.27890625 0.6894409937888198 0.046875 0.049689440993788817
2 0.30390625 0.6759834368530021 0.03125 0.041407867494824016
0 0.6578125 0.7463768115942029 0.025 0.08488612836438923
0 0.27578125 0.7039337474120083 0.0140625 0.055900621118012424
1 0.28984375 0.7298136645962733 0.0171875 0.07039337474120083
