0 0.3234375 0.5269953051643192 0.18125 0.5563380281690141
0 0.0453125 0.45422535211267606 0.0828125 0.3544600938967136
0 0.42890625 0.568075117370892 0.0875 0.17370892018779344
0 0.11796875 0.4025821596244131 0.01875 0.09154929577464789
0 0.2046875 0.38380281690140844 0.009375 0.018779342723004695
0 0.134375 0.37910798122065725 0.015625 0.028169014084507043
0 0.19453125 0.3884976525821596 0.0140625 0.03051643192488263
0 0.17890625 0.3955399061032864 0.0109375 0.04460093896713615
0 0.1015625 0.38615023474178406 0.009375 0.01643192488262911
1 0.71328125 0.5938967136150235 0.5734375 0.812206572769953
