2 0.223 0.7710843373493976 0.094 0.04819277108433735
0 0.686 0.7379518072289156 0.132 0.35542168674698793
0 0.614 0.7545180722891566 0.05 0.1746987951807229
2 0.81 0.7394578313253012 0.066 0.04216867469879518
0 0.137 0.7650602409638554 0.02 0.08734939759036145
0 0.865 0.7259036144578314 0.016 0.045180722891566265
0 0.99 0.7304216867469879 0.018 0.06927710843373494
0 0.38 0.7545180722891566 0.01 0.02710843373493976
0 0.013 0.8448795180722891 0.026 0.08132530120481928
2 0.488 0.7560240963855421 0.044 0.02108433734939759
2 0.151 0.7725903614457831 0.068 0.04216867469879518
2 0.39 0.7635542168674698 0.012 0.02108433734939759
1 0.851 0.7409638554216867 0.052 0.08132530120481928
1 0.95 0.7364457831325302 0.048 0.07228915662650602
2 0.39233999999999997 0.764789156626506 0.01924 0.017680722891566265
2 0.40748 0.7611144578313253 0.01954 0.019246987951807227
2 0.42994 0.7588855421686747 0.01196 0.011957831325301205
2 0.56104 0.7537349397590362 0.01434 0.018012048192771087
2 0.44654000000000005 0.757409638554217 0.01844 0.012921686746987952
2 0.53564 0.7530120481927711 0.02718 0.016234939759036143
2 0.5752 0.7537349397590362 0.023960000000000002 0.02141566265060241
