2 0.1625 0.5387323943661971 0.321875 0.19014084507042253
2 0.53046875 0.5152582159624414 0.1421875 0.13615023474178403
2 0.72265625 0.5211267605633803 0.1265625 0.09389671361502347
2 0.95 0.5070422535211268 0.015625 0.02112676056338028
2 0.96953125 0.5093896713615024 0.01875 0.025821596244131457
2 0.98359375 0.5082159624413145 0.009375 0.023474178403755867
2 0.6171875 0.49413145539906106 0.05625 0.056338028169014086
2 0.915625 0.5117370892018779 0.03125 0.028169014084507043
0 0.9640625 0.8169014084507042 0.071875 0.05868544600938967
0 0.18125 0.4847417840375587 0.028125 0.046948356807511735
2 0.96015625 0.5093896713615024 0.0140625 0.023474178403755867
2 0.9359375 0.5117370892018779 0.0203125 0.023474178403755867
1 0.40546875 0.5938967136150235 0.1734375 0.42488262910798125
