2 0.55859375 0.5269320843091335 0.1296875 0.08665105386416862
3 0.8734375 0.689695550351288 0.20625 0.1756440281030445
3 0.775 0.5257611241217799 0.0328125 0.0936768149882904
3 0.3578125 0.5118279893924783 0.03281250000000004 0.08454590852734542
0 0.27734375 0.5035128805620609 0.05 0.06088992974238876
0 0.628125 0.5 0.053125 0.07962529274004684
0 0.9640625 0.5339578454332553 0.0234375 0.07728337236533958
0 0.390625 0.5046838407494145 0.0140625 0.03981264637002342
0 0.9296875 0.5117096018735363 0.034375 0.06557377049180328
0 0.5 0.4953161592505855 0.0171875 0.03747072599531616
0 0.13671875 0.49414519906323184 0.0265625 0.03981264637002342
0 0.2375 0.4953161592505855 0.0375 0.05620608899297424
1 0.4765625 0.6206088992974239 0.1578125 0.3583138173302108
1 0.9583281250000001 0.7603278688524591 0.083328125 0.4668384074941452
3 0.18993781594669118 0.502312861620058 0.02509622012867645 0.059591972034715675
3 0.03704833984375 0.6081674473067916 0.06463623046875 0.28853190866510536
0 0.9638671875 0.5148565573770492 0.0189361572265625 0.03476288056206089
2 0.37841796875 0.49363290398126464 0.02947998046875 0.03233862704918033
