0 0.49921875 0.5401069518716578 0.090625 0.46524064171123
0 0.27265625 0.7259358288770054 0.1078125 0.34759358288770054
0 0.63984375 0.446524064171123 0.1109375 0.37433155080213903
0 0.3125 0.5548128342245989 0.0734375 0.43315508021390375
0 0.61640625 0.1657754010695187 0.03125 0.17379679144385027
0 0.66328125 0.13636363636363635 0.028125 0.12032085561497326
0 0.74921875 0.058823529411764705 0.015625 0.0748663101604278
0 0.84296875 0.6002673796791443 0.1109375 0.5401069518716578
0 0.35390625 0.6778074866310161 0.109375 0.35561497326203206
0 0.7015625 0.11497326203208556 0.025 0.13101604278074866
2 0.359375 0.2339572192513369 0.0984375 0.2647058823529412
0 0.7484375 0.6577540106951871 0.1484375 0.3877005347593583
1 0.75703125 0.7889839572192513 0.363703125 0.42203208556149735
1 0.4734375 0.30213903743315507 0.0625 0.3342245989304813
