2 0.66953125 0.6276346604215457 0.184375 0.2224824355971897
4 0.36484375 0.43559718969555034 0.3703125 0.8618266978922716
4 0.1453125 0.5105386416861827 0.0328125 0.15690866510538642
4 0.17421875 0.46955503512880564 0.0265625 0.3231850117096019
0 0.0765625 0.5386416861826698 0.0265625 0.07494145199063232
0 0.77109375 0.6053864168618267 0.0203125 0.09601873536299765
0 0.55546875 0.5843091334894613 0.0140625 0.07494145199063232
0 0.05390625 0.5351288056206089 0.01875 0.09133489461358314
5 0.92734375 0.6065573770491803 0.1453125 0.32786885245901637
0 0.73671875 0.5690866510538641 0.015625 0.06088992974238876
0 0.5828125 0.5807962529274004 0.0171875 0.06088992974238876
0 0.16484375 0.5 0.025 0.03044496487119438
1 0.1171875 0.5655737704918032 0.0203125 0.0936768149882904
1 0.9703125 0.7412177985948478 0.059375 0.5175644028103045
