2 0.93203125 0.40625 0.1359375 0.232421875
2 0.85390625 0.3232421875 0.1828125 0.107421875
3 0.8515625 0.4609375 0.1890625 0.349609375
0 0.67421875 0.5576171875 0.1859375 0.642578125
0 0.625 0.326171875 0.0921875 0.21484375
0 0.54765625 0.2802734375 0.0421875 0.109375
0 0.56953125 0.24609375 0.0171875 0.033203125
0 0.56328125 0.3798828125 0.0703125 0.234375
0 0.53359375 0.2568359375 0.01875 0.0546875
2 0.8671875 0.2529296875 0.0265625 0.03125
2 0.95390625 0.2646484375 0.053125 0.0546875
2 0.9734375 0.2529296875 0.053125 0.078125
2 0.734375 0.3115234375 0.0234375 0.083984375
2 0.9546875 0.25 0.065625 0.046875
2 0.7234375 0.26953125 0.040625 0.083984375
1 0.67421875 0.591796875 0.1859375 0.708984375
