2 0.10625 0.24224343675417662 0.034375 0.06921241050119331
0 0.4515625 0.5035799522673031 0.2 0.8997613365155132
0 0.5921875 0.29236276849642007 0.121875 0.3747016706443914
0 0.70703125 0.29594272076372313 0.0640625 0.28162291169451076
0 0.771875 0.2863961813842482 0.0578125 0.19809069212410502
0 0.0828125 0.2863961813842482 0.0703125 0.1431980906921241
0 0.17890625 0.22315035799522673 0.028125 0.11933174224343675
0 0.01953125 0.2732696897374702 0.0375 0.16467780429594273
0 0.7078125 0.24343675417661098 0.0765625 0.16706443914081145
0 0.97265625 0.24224343675417662 0.03125 0.1766109785202864
2 0.0546875 0.24105011933174225 0.0375 0.045346062052505964
1 0.028125 0.28042959427207637 0.05625 0.17899761336515513
2 0.12040625 0.2606443914081145 0.07834375 0.10174224343675418
