2 0.6748366013071896 0.6299019607843137 0.16339869281045752 0.07516339869281045
2 0.2916666666666667 0.37336601307189543 0.04738562091503268 0.029411764705882353
2 0.45098039215686275 0.3929738562091503 0.06535947712418301 0.03104575163398693
2 0.1772875816993464 0.3480392156862745 0.03594771241830065 0.02287581699346405
2 0.4493464052287582 0.3488562091503268 0.04084967320261438 0.0196078431372549
2 0.6388888888888888 0.41748366013071897 0.08823529411764706 0.03104575163398693
4 0.25245098039215685 0.5359477124183006 0.27941176470588236 0.19117647058823528
4 0.809640522875817 0.4084967320261438 0.184640522875817 0.08660130718954248
0 0.44689542483660133 0.8439542483660131 0.029411764705882353 0.08986928104575163
0 0.4803921568627451 0.8145424836601307 0.024509803921568627 0.08823529411764706
0 0.5833333333333334 0.35375816993464054 0.00980392156862745 0.0196078431372549
0 0.46078431372549017 0.7246732026143791 0.021241830065359478 0.07026143790849673
0 0.4918300653594771 0.7303921568627451 0.042483660130718956 0.08169934640522876
0 0.44362745098039214 0.7785947712418301 0.024509803921568627 0.06535947712418301
0 0.4395424836601307 0.7124183006535948 0.024509803921568627 0.0784313725490196
0 0.352124183006536 0.8553921568627451 0.029411764705882353 0.10620915032679738
0 0.49673202614379086 0.5776143790849673 0.0196078431372549 0.05392156862745098
2 0.48447712418300654 0.3880718954248366 0.058823529411764705 0.032679738562091505
2 0.2173202614379085 0.3619281045751634 0.05065359477124183 0.027777777777777776
2 0.07026143790849673 0.3709150326797386 0.0457516339869281 0.021241830065359478
5 0.15359477124183007 0.4117647058823529 0.049019607843137254 0.06045751633986928
2 0.3161764705882353 0.369281045751634 0.0392156862745098 0.029411764705882353
2 0.3741830065359477 0.3831699346405229 0.06209150326797386 0.03104575163398693
0 0.8994117647058825 0.9338725490196078 0.025947712418300656 0.04857843137254902
0 0.9428104575163399 0.9052287581699346 0.02287581699346405 0.0457516339869281
0 0.5196078431372549 0.579248366013072 0.021241830065359478 0.049019607843137254
2 0.951797385620915 0.4444444444444444 0.02287581699346405 0.05228758169934641
1 0.6511437908496732 0.6887254901960784 0.06045751633986928 0.07026143790849673
1 0.5958006535947712 0.5652450980392157 0.04779411764705882 0.06926470588235294
1 0.633578431372549 0.5659640522875817 0.04411764705882353 0.05761437908496732
0 0.8629901960784313 0.9427287581699347 0.03207516339869281 0.036323529411764706
0 0.5698202614379085 0.5214869281045751 0.01553921568627451 0.023872549019607843
0 0.8828104575163398 0.9326143790849674 0.023643790849673205 0.03725490196078431
0 0.6176797385620915 0.47949346405228754 0.01218954248366013 0.03333333333333333
0 0.942875816993464 0.9208986928104576 0.029869281045751636 0.07751633986928104
0 0.924313725490196 0.9296895424836602 0.022794117647058822 0.060637254901960785
