4 0.086 0.6261261261261262 0.172 0.39039039039039036
4 0.224 0.4024024024024024 0.132 0.21921921921921922
0 0.162 0.23123123123123124 0.012 0.05405405405405406
4 0.368 0.30930930930930933 0.102 0.18018018018018017
4 0.541 0.3303303303303303 0.09 0.18018018018018017
4 0.387 0.0945945945945946 0.034 0.06306306306306306
4 0.275 0.3123123123123123 0.112 0.17717717717717718
0 0.202 0.16366366366366367 0.012 0.04504504504504504
0 0.151 0.22072072072072071 0.014 0.03903903903903904
0 0.062 0.2972972972972973 0.018 0.07507507507507508
0 0.197 0.22372372372372373 0.016 0.09009009009009009
0 0.033 0.29429429429429427 0.018 0.07507507507507508
0 0.37 0.7312312312312312 0.036 0.03303303303303303
2 0.39 0.6126126126126126 0.106 0.2042042042042042
2 0.419 0.4774774774774775 0.072 0.1021021021021021
0 0.12 0.21921921921921922 0.008 0.042042042042042045
0 0.12 0.28678678678678676 0.012 0.024024024024024024
2 0.452 0.3063063063063063 0.054 0.03003003003003003
2 0.187 0.512012012012012 0.064 0.15915915915915915
2 0.353 0.7627627627627628 0.124 0.17717717717717718
2 0.441 0.4174174174174174 0.068 0.12312312312312312
2 0.448 0.27627627627627627 0.038 0.06006006006006006
2 0.457 0.21621621621621623 0.04 0.03303303303303303
2 0.516 0.21771771771771772 0.02 0.042042042042042045
2 0.462 0.16366366366366367 0.026 0.015015015015015015
2 0.463 0.13213213213213212 0.026 0.024024024024024024
2 0.464 0.2012012012012012 0.03 0.03303303303303303
2 0.456 0.27927927927927926 0.038 0.024024024024024024
0 0.516 0.33633633633633636 0.02 0.03003003003003003
0 0.629 0.08258258258258258 0.012 0.02702702702702703
4 0.358 0.1816816816816817 0.064 0.0990990990990991
2 0.348 0.2087087087087087 0.436 0.34534534534534533
1 0.57 0.8378378378378378 0.106 0.18018018018018017
