2 0.35625 0.48009367681498827 0.1015625 0.13348946135831383
0 0.3703125 0.4484777517564403 0.0265625 0.08430913348946135
0 0.2875 0.47306791569086654 0.0171875 0.08665105386416862
0 0.31953125 0.43676814988290397 0.009375 0.01873536299765808
2 0.0734375 0.46604215456674475 0.0171875 0.0234192037470726
2 0.10703125 0.46604215456674475 0.0203125 0.01873536299765808
0 0.40234375 0.43911007025761123 0.0171875 0.03981264637002342
1 0.76953125 0.5187353629976581 0.4390625 0.7096018735362998
1 0.2359375 0.531615925058548 0.3703125 0.5409836065573771
1 0.5125 0.5175644028103045 0.0796875 0.3161592505854801
