2 0.34765625 0.4410377358490566 0.2109375 0.18867924528301888
2 0.68203125 0.39740566037735847 0.2359375 0.1792452830188679
0 0.50703125 0.5283018867924528 0.1390625 0.6132075471698113
0 0.67578125 0.5955188679245284 0.228125 0.7900943396226415
0 0.2265625 0.6025943396226415 0.115625 0.4481132075471698
0 0.1046875 0.527122641509434 0.15625 0.6014150943396226
0 0.84609375 0.5931603773584906 0.134375 0.6768867924528302
0 0.91484375 0.6037735849056604 0.1703125 0.7688679245283019
0 0.98046875 0.31721698113207547 0.0390625 0.20754716981132076
0 0.80546875 0.39504716981132076 0.0625 0.21462264150943397
0 0.71015625 0.5742924528301887 0.1171875 0.5259433962264151
2 0.04296875 0.5554245283018868 0.0859375 0.24056603773584906
1 0.028125 0.36910377358490565 0.05625 0.12971698113207547
