0 0.44921875 0.9458333333333333 0.109375 0.10625
0 0.24453125 0.9333333333333333 0.0296875 0.10833333333333334
0 0.18046875 0.9447916666666667 0.0984375 0.11041666666666666
0 0.03125 0.9666666666666667 0.0546875 0.06666666666666667
0 0.97421875 0.9239583333333333 0.0171875 0.0875
0 0.21171875 0.9125 0.0203125 0.06666666666666667
0 0.4671875 0.9385416666666667 0.0578125 0.12291666666666666
0 0.28046875 0.8895833333333333 0.0171875 0.041666666666666664
0 0.5359375 0.9395833333333333 0.0625 0.12083333333333333
0 0.059375 0.940625 0.0546875 0.11666666666666667
0 0.49296875 0.903125 0.01875 0.04791666666666667
0 0.146875 0.8885416666666667 0.0109375 0.01875
1 0.27265625 0.9114583333333334 0.04375 0.06875
