2 0.932 0.6522727272727272 0.136 0.36818181818181817
2 0.193 0.34204545454545454 0.382 0.27954545454545454
2 0.671 0.2897727272727273 0.168 0.10909090909090909
2 0.985 0.2909090909090909 0.03 0.05227272727272727
2 0.93 0.2545454545454545 0.14 0.11136363636363636
5 0.93 0.2545454545454545 0.14 0.12272727272727273
5 0.758 0.18863636363636363 0.292 0.11818181818181818
5 0.165 0.12386363636363637 0.266 0.21818181818181817
1 0.823 0.4 0.266 0.6204545454545455
1 0.4591 0.5307045454545455 0.2709 0.8526363636363637
