2 0.584375 0.46770833333333334 0.2125 0.16666666666666666
0 0.69609375 0.4979166666666667 0.0921875 0.2791666666666667
0 0.0578125 0.4510416666666667 0.0265625 0.16666666666666666
2 0.859375 0.48020833333333335 0.1421875 0.17708333333333334
2 0.72734375 0.45729166666666665 0.140625 0.10833333333333334
2 0.31640625 0.4166666666666667 0.05 0.06458333333333334
0 0.79453125 0.409375 0.021875 0.06666666666666667
0 0.925 0.48541666666666666 0.0390625 0.2125
0 0.03828125 0.44895833333333335 0.0234375 0.14583333333333334
0 0.18125 0.4 0.015625 0.05
0 0.01484375 0.4395833333333333 0.0296875 0.16041666666666668
0 0.23515625 0.39895833333333336 0.0078125 0.0375
0 0.2703125 0.3927083333333333 0.00625 0.03958333333333333
0 0.246875 0.39375 0.0078125 0.035416666666666666
2 0.45546875 0.43854166666666666 0.1125 0.12916666666666668
2 0.27890625 0.39375 0.0328125 0.035416666666666666
2 0.25390625 0.3875 0.0125 0.027083333333333334
0 0.22421875 0.39895833333333336 0.009375 0.041666666666666664
0 0.8921875 0.3875 0.01875 0.022916666666666665
2 0.33046875 0.37604166666666666 0.03125 0.016666666666666666
2 0.22421875 0.3885416666666667 0.0203125 0.0375
2 0.1703125 0.3927083333333333 0.0359375 0.03958333333333333
2 0.15390625 0.38125 0.0203125 0.027083333333333334
1 0.35546875 0.6552083333333333 0.6234375 0.6895833333333333
