2 0.25546875 0.5895833333333333 0.2515625 0.20208333333333334
2 0.45078125 0.590625 0.0828125 0.1125
2 0.07265625 0.6947916666666667 0.1453125 0.2520833333333333
2 0.040625 0.5885416666666666 0.0796875 0.08125
2 0.0859375 0.5760416666666667 0.103125 0.07708333333333334
2 0.60390625 0.5625 0.0515625 0.06875
4 0.41875 0.5083333333333333 0.146875 0.0875
0 0.70859375 0.5979166666666667 0.096875 0.15
0 0.77890625 0.6239583333333333 0.1546875 0.26666666666666666
0 0.81484375 0.5302083333333333 0.034375 0.041666666666666664
2 0.6703125 0.5458333333333333 0.053125 0.029166666666666667
0 0.01015625 0.5447916666666667 0.0203125 0.06458333333333334
0 0.72265625 0.5260416666666666 0.0078125 0.029166666666666667
2 0.49453125 0.5458333333333333 0.0359375 0.035416666666666666
2 0.63671875 0.5625 0.0359375 0.052083333333333336
2 0.575 0.5739583333333333 0.0578125 0.06666666666666667
2 0.50703125 0.575 0.1125 0.11875
2 0.55 0.5354166666666667 0.0203125 0.027083333333333334
0 0.07109375 0.5302083333333333 0.0140625 0.01875
1 0.275 0.6958333333333333 0.178125 0.37916666666666665
