0 0.7868852459016393 0.41640625 0.0936768149882904 0.15625
0 0.3231850117096019 0.39140625 0.09133489461358314 0.121875
0 0.3864168618266979 0.35078125 0.05152224824355972 0.0625
0 0.9613583138173302 0.4 0.0468384074941452 0.0796875
0 0.16627634660421545 0.32578125 0.06088992974238876 0.0484375
0 0.24707259953161592 0.34296875 0.053864168618266976 0.05
5 0.1323185011709602 0.36953125 0.25995316159250587 0.1765625
0 0.7634660421545667 0.365625 0.0468384074941452 0.05625
0 0.5960187353629977 0.55234375 0.4613583138173302 0.703125
1 0.892271662763466 0.4328125 0.10304449648711944 0.1734375
