0 0.8631346578366446 0.90234375 0.1434878587196468 0.09375
0 0.9205298013245033 0.8390625 0.02869757174392936 0.0671875
0 0.9646799116997793 0.8375 0.01545253863134658 0.0328125
0 0.6059602649006622 0.87421875 0.052980132450331126 0.05
0 0.48123620309050774 0.86640625 0.07505518763796909 0.11875
0 0.18763796909492272 0.90078125 0.08830022075055188 0.0828125
0 0.2141280353200883 0.84609375 0.024282560706401765 0.0296875
0 0.0706401766004415 0.86796875 0.11258278145695365 0.1046875
2 0.2836644591611479 0.85703125 0.11037527593818984 0.028125
2 0.33995584988962474 0.8546875 0.02207505518763797 0.0140625
0 0.2726269315673289 0.94140625 0.13245033112582782 0.1171875
0 0.011037527593818985 0.859375 0.01545253863134658 0.0359375
0 0.9834437086092715 0.8390625 0.019867549668874173 0.0390625
1 0.7814569536423841 0.84765625 0.04856512141280353 0.078125
1 0.9276379690949228 0.8520468749999999 0.09152317880794703 0.07373437499999999
1 0.10818984547461369 0.8592187499999999 0.05514348785871965 0.052890625000000004
0 0.19125827814569538 0.852546875 0.0256953642384106 0.026359375
0 0.4139072847682119 0.8539999999999999 0.013774834437086093 0.025468750000000002
0 0.633289183222958 0.8481406249999999 0.014878587196467992 0.02790625
1 0.3786975717439294 0.8568125 0.02732891832229581 0.0248125
1 0.35582781456953644 0.8559374999999999 0.02002207505518764 0.0265625
0 0.7759381898454746 0.84765625 0.03532008830022075 0.078125
