3 0.73046875 0.6971830985915493 0.06875 0.1431924882629108
4 0.55546875 0.5938967136150235 0.103125 0.16901408450704225
0 0.7296875 0.6596244131455399 0.05625 0.13380281690140844
0 0.78046875 0.6725352112676056 0.0375 0.215962441314554
0 0.40234375 0.6255868544600939 0.0140625 0.05868544600938967
0 0.4171875 0.6220657276995305 0.015625 0.06572769953051644
0 0.4359375 0.636150234741784 0.0171875 0.06807511737089202
0 0.43203125 0.6326291079812206 0.0078125 0.05868544600938967
0 0.42734375 0.6115023474178404 0.00625 0.01643192488262911
1 0.3015625 0.681924882629108 0.1171875 0.20422535211267606
