2 0.1703125 0.6850899742930592 0.1125 0.11311053984575835
3 0.0875 0.6670951156812339 0.0265625 0.061696658097686374
3 0.81484375 0.6915167095115681 0.05 0.056555269922879174
2 0.24765625 0.6606683804627249 0.08125 0.10282776349614396
5 0.55 0.6722365038560412 0.5578125 0.4781491002570694
2 0.1359375 0.6529562982005142 0.05625 0.06940874035989718
0 0.8140625 0.6658097686375322 0.021875 0.06683804627249357
0 0.01484375 0.6233933161953727 0.021875 0.038560411311053984
0 0.5953125 0.512853470437018 0.0359375 0.07197943444730077
0 0.5484375 0.5475578406169666 0.0359375 0.07969151670951156
0 0.68125 0.5115681233933161 0.03125 0.07197943444730077
2 0.353125 0.583547557840617 0.1140625 0.07455012853470437
1 0.03203125 0.7493573264781491 0.0640625 0.2930591259640103
