0 0.3515625 0.44273743016759776 0.2421875 0.5167597765363129
0 0.26484375 0.34497206703910616 0.0484375 0.29329608938547486
0 0.9140625 0.5125698324022346 0.1484375 0.48044692737430167
0 0.6390625 0.30027932960893855 0.021875 0.12849162011173185
0 0.68828125 0.3393854748603352 0.05 0.22905027932960895
0 0.75625 0.3170391061452514 0.046875 0.2430167597765363
0 0.49140625 0.33100558659217877 0.0734375 0.22625698324022347
0 0.8375 0.3324022346368715 0.0375 0.2122905027932961
0 0.89609375 0.2709497206703911 0.0359375 0.11173184357541899
0 0.61171875 0.2541899441340782 0.0109375 0.036312849162011177
0 0.0109375 0.4399441340782123 0.021875 0.2681564245810056
0 0.7875 0.2988826815642458 0.028125 0.1424581005586592
0 0.50390625 0.30726256983240224 0.9890625 0.1787709497206704
1 0.94609375 0.36312849162011174 0.065625 0.3240223463687151
