0 0.51015625 0.44895833333333335 0.1078125 0.35208333333333336
0 0.59296875 0.30625 0.0546875 0.08333333333333333
0 0.31328125 0.5760416666666667 0.0953125 0.49375
0 0.7046875 0.38958333333333334 0.0546875 0.14166666666666666
0 0.80546875 0.396875 0.0546875 0.15625
0 0.24921875 0.39166666666666666 0.053125 0.19166666666666668
0 0.32734375 0.3541666666666667 0.0625 0.11458333333333333
0 0.76171875 0.38958333333333334 0.0375 0.12916666666666668
0 0.628125 0.3385416666666667 0.03125 0.05625
0 0.05078125 0.4822916666666667 0.1015625 0.5208333333333334
0 0.653125 0.346875 0.0375 0.06875
0 0.5578125 0.334375 0.040625 0.08541666666666667
1 0.20390625 0.6073541666666666 0.2865625 0.7597083333333334
