2 0.5797101449275363 0.121875 0.09937888198757763 0.053125
2 0.8074534161490683 0.14296875 0.20082815734989648 0.1125
2 0.6770186335403726 0.10390625 0.033126293995859216 0.0125
0 0.9554865424430642 0.13828125 0.07246376811594203 0.08125
0 0.040372670807453416 0.13671875 0.041407867494824016 0.0734375
0 0.9730848861283644 0.12890625 0.024844720496894408 0.0625
2 0.7153209109730849 0.10703125 0.018633540372670808 0.009375
2 0.6542443064182195 0.1046875 0.024844720496894408 0.0125
2 0.4523809523809524 0.1203125 0.14285714285714285 0.0796875
0 0.9886128364389234 0.134375 0.018633540372670808 0.0875
0 0.8881987577639752 0.11015625 0.018633540372670808 0.021875
0 0.505175983436853 0.1046875 0.018633540372670808 0.0203125
0 0.7349896480331263 0.0984375 0.010351966873706004 0.015625
1 0.17391304347826086 0.31328125 0.2401656314699793 0.5765625
