0 0.7511682242990654 0.5734375 0.21495327102803738 0.215625
0 0.602803738317757 0.57265625 0.23130841121495327 0.2109375
0 0.42757009345794394 0.50546875 0.24065420560747663 0.1359375
0 0.9299065420560748 0.34921875 0.14018691588785046 0.290625
0 0.5771028037383178 0.3390625 0.09813084112149532 0.2328125
0 0.6717289719626168 0.37734375 0.1261682242990654 0.0921875
0 0.04439252336448598 0.24609375 0.08878504672897196 0.0859375
0 0.34579439252336447 0.27734375 0.6425233644859814 0.5546875
0 0.6588785046728972 0.31328125 0.102803738317757 0.178125
0 0.4848130841121495 0.2625 0.07242990654205607 0.0859375
0 0.7757009345794392 0.26953125 0.09345794392523364 0.190625
0 0.4953271028037383 0.3359375 0.09579439252336448 0.1703125
0 0.012850467289719626 0.22578125 0.02570093457943925 0.0296875
0 0.03271028037383177 0.41328125 0.06542056074766354 0.1515625
1 0.04789719626168224 0.39453125 0.09579439252336448 0.1890625
