4 0.459375 0.48183760683760685 0.54375 0.7799145299145299
0 0.53671875 0.6826923076923077 0.1796875 0.3333333333333333
0 0.96484375 0.6079059829059829 0.0484375 0.16880341880341881
0 0.84609375 0.5769230769230769 0.01875 0.07692307692307693
0 0.178125 0.5993589743589743 0.040625 0.12606837606837606
1 0.1389375 0.594017094017094 0.072828125 0.10897435897435898
0 0.06171875 0.6100427350427351 0.0234375 0.09615384615384616
0 0.0421875 0.6057692307692307 0.028125 0.10897435897435898
0 0.9171875 0.5737179487179487 0.0296875 0.09188034188034189
0 0.0140625 0.6036324786324786 0.028125 0.09615384615384616
0 0.9328125 0.5758547008547008 0.015625 0.07905982905982906
0 0.76171875 0.5801282051282052 0.015625 0.07264957264957266
0 0.990625 0.592948717948718 0.01875 0.13034188034188035
2 0.08203125 0.6132478632478633 0.03125 0.049145299145299144
1 0.135859375 0.5943162393162393 0.068609375 0.10955128205128206
1 0.7427343750000001 0.5814102564102565 0.014546875 0.07841880341880343
1 0.78796875 0.5881837606837607 0.011484375 0.052264957264957265
