2 0.121875 0.5302083333333333 0.2078125 0.09375
0 0.6140625 0.540625 0.025 0.0875
0 0.55234375 0.53125 0.0171875 0.05625
5 0.3328125 0.5114583333333333 0.040625 0.035416666666666666
5 0.38046875 0.5145833333333333 0.059375 0.08958333333333333
0 0.01328125 0.74375 0.0265625 0.06458333333333334
0 0.259375 0.5145833333333333 0.0078125 0.027083333333333334
0 0.2796875 0.51875 0.009375 0.025
0 0.2390625 0.5197916666666667 0.0078125 0.025
0 0.3359375 0.51875 0.00625 0.020833333333333332
1 0.5046875 0.6375 0.10625 0.3416666666666667
