0 0.721875 0.42410714285714285 0.071875 0.3080357142857143
0 0.8296875 0.42410714285714285 0.103125 0.30580357142857145
0 0.9546875 0.34151785714285715 0.0296875 0.12946428571428573
0 0.21796875 0.2622767857142857 0.0109375 0.013392857142857142
0 0.29140625 0.3861607142857143 0.0765625 0.25669642857142855
0 0.346875 0.3828125 0.0671875 0.28794642857142855
0 0.13046875 0.38392857142857145 0.053125 0.234375
0 0.05859375 0.36049107142857145 0.0625 0.23660714285714285
2 0.26640625 0.32924107142857145 0.0515625 0.09151785714285714
2 0.228125 0.31919642857142855 0.1265625 0.10267857142857142
2 0.01015625 0.28794642857142855 0.0203125 0.08482142857142858
0 0.3359375 0.38392857142857145 0.0421875 0.23214285714285715
0 0.37265625 0.27455357142857145 0.0359375 0.09821428571428571
0 0.65 0.4095982142857143 0.08125 0.30580357142857145
2 0.88203125 0.31919642857142855 0.015625 0.04241071428571429
2 0.00859375 0.4375 0.0171875 0.17633928571428573
2 0.50390625 0.3169642857142857 0.0328125 0.06473214285714286
0 0.03515625 0.29464285714285715 0.0171875 0.08482142857142858
2 0.48125 0.3236607142857143 0.03125 0.08035714285714286
2 0.93671875 0.31808035714285715 0.1234375 0.03794642857142857
1 0.48828125 0.6049107142857143 0.4953125 0.7433035714285714
1 0.0984375 0.36049107142857145 0.1546875 0.23660714285714285
