2 0.7775175644028103 0.39921875 0.1592505854800937 0.0484375
4 0.202576112412178 0.38828125 0.4028103044496487 0.1796875
0 0.9227166276346604 0.44765625 0.15456674473067916 0.284375
0 0.3337236533957845 0.44296875 0.1053864168618267 0.2078125
0 0.4016393442622951 0.43828125 0.07962529274004684 0.1859375
0 0.20725995316159251 0.43203125 0.07728337236533958 0.178125
0 0.16159250585480095 0.45234375 0.08665105386416862 0.178125
0 0.7845433255269321 0.46640625 0.14285714285714285 0.265625
0 0.689695550351288 0.41640625 0.06088992974238876 0.1078125
0 0.8840749414519906 0.4390625 0.07259953161592506 0.2578125
0 0.03044496487119438 0.42890625 0.06088992974238876 0.1734375
0 0.5644028103044496 0.5765625 0.34192037470725994 0.678125
0 0.07611241217798595 0.40859375 0.03278688524590164 0.0390625
3 0.09133489461358314 0.45546875 0.0936768149882904 0.115625
