2 0.169 0.928 0.332 0.144
2 0.858 0.6053333333333333 0.11 0.058666666666666666
4 0.407 0.5146666666666667 0.398 0.24266666666666667
0 0.353 0.7026666666666667 0.058 0.16533333333333333
0 0.402 0.7133333333333334 0.044 0.112
0 0.433 0.6933333333333334 0.04 0.14133333333333334
0 0.633 0.7146666666666667 0.054 0.16
0 0.563 0.732 0.066 0.208
0 0.59 0.6413333333333333 0.028 0.136
0 0.604 0.6733333333333333 0.032 0.13866666666666666
0 0.701 0.6813333333333333 0.024 0.09066666666666667
0 0.834 0.744 0.058 0.17066666666666666
0 0.388 0.6613333333333333 0.034 0.136
0 0.733 0.6106666666666667 0.012 0.021333333333333333
0 0.758 0.6026666666666667 0.03 0.09866666666666667
1 0.473 0.7746666666666666 0.052 0.22133333333333333
0 0.0169 0.6924533333333334 0.0298 0.16888
0 0.0512 0.5938133333333333 0.0264 0.08629333333333333
0 0.7295 0.7461066666666667 0.06756000000000001 0.17693333333333333
0 0.10668000000000001 0.60384 0.03418 0.11986666666666668
0 0.96192 0.66536 0.02958 0.14029333333333333
0 0.8901399999999999 0.6686133333333333 0.03928 0.12426666666666666
0 0.78614 0.6679733333333333 0.0494 0.13144
0 0.80322 0.7116 0.03964 0.15485333333333334
0 0.98068 0.73112 0.03864 0.16912
0 0.93164 0.67904 0.038979999999999994 0.14861333333333332
0 0.15014 0.5611999999999999 0.0201 0.09650666666666666
0 0.8627999999999999 0.7096266666666667 0.04272 0.15544
0 0.97754 0.60384 0.02666 0.08845333333333334
0 0.18408000000000002 0.5960266666666666 0.023719999999999998 0.07144
0 0.84424 0.5647733333333333 0.0145 0.02565333333333333
0 0.8979400000000001 0.5777866666666667 0.02014 0.03594666666666667
0 0.08466 0.5107466666666667 0.01704 0.057280000000000005
0 0.3125 0.43978666666666666 0.019760000000000003 0.032319999999999995
0 0.28808 0.43944 0.0232 0.0308
2 0.65626 0.9884266666666668 0.21203999999999998 0.023146666666666666
0 0.11164 0.5481866666666666 0.02784 0.045893333333333335
0 0.3435 0.43781333333333333 0.02014 0.03338666666666667
0 0.07978 0.47786666666666666 0.00948 0.028106666666666665
0 0.032600000000000004 0.5068266666666666 0.01024 0.04208
0 0.24206 0.43848000000000004 0.019420000000000003 0.029546666666666666
0 0.04868 0.51008 0.011640000000000001 0.03712
0 0.04596 0.4886133333333333 0.01192 0.03434666666666667
0 0.427 0.44010666666666665 0.02038 0.029093333333333332
0 0.04178 0.5113866666666667 0.0103 0.0372
0 0.37207999999999997 0.44042666666666663 0.01834 0.028826666666666667
0 0.55762 0.4423733333333333 0.016980000000000002 0.022986666666666666
2 0.8242200000000001 0.6093866666666667 0.038979999999999994 0.05936
0 0.48413999999999996 0.44042666666666663 0.01616 0.030453333333333332
0 0.20324 0.5455733333333334 0.0145 0.06538666666666666
0 0.12036 0.5130133333333333 0.0149 0.04122666666666667
0 0.8247000000000001 0.6494133333333333 0.02514 0.05416
