0 0.603125 0.3035294117647059 0.3484375 0.6047058823529412
0 0.1296875 0.37529411764705883 0.259375 0.7176470588235294
0 0.92578125 0.6247058823529412 0.1484375 0.38588235294117645
0 0.3765625 0.15411764705882353 0.046875 0.10352941176470588
0 0.9125 0.19294117647058823 0.175 0.3058823529411765
0 0.78828125 0.13176470588235295 0.0453125 0.05411764705882353
0 0.5109375 0.0976470588235294 0.03125 0.09411764705882353
0 0.33515625 0.18470588235294116 0.0390625 0.15764705882352942
0 0.39921875 0.12705882352941175 0.0296875 0.06823529411764706
0 0.33515625 0.13647058823529412 0.0375 0.06352941176470588
0 0.53984375 0.12705882352941175 0.03125 0.0611764705882353
1 0.28125 0.18823529411764706 0.1984375 0.37411764705882355
