0 0.5890625 0.3490566037735849 0.1390625 0.47924528301886793
0 0.23046875 0.39339622641509436 0.128125 0.39245283018867927
0 0.7453125 0.2018867924528302 0.0203125 0.0830188679245283
0 0.3171875 0.3424528301886792 0.125 0.37735849056603776
0 0.04765625 0.39905660377358493 0.0953125 0.5037735849056604
0 0.7125 0.2490566037735849 0.0484375 0.1792452830188679
0 0.8609375 0.2330188679245283 0.0171875 0.10566037735849057
0 0.46171875 0.19528301886792454 0.1609375 0.2018867924528302
0 0.36796875 0.3330188679245283 0.0828125 0.35660377358490564
0 0.146875 0.20471698113207548 0.0234375 0.05849056603773585
0 0.10546875 0.2 0.025 0.05849056603773585
0 0.27890625 0.19433962264150945 0.0421875 0.08113207547169811
