2 0.15456674473067916 0.5 0.1990632318501171 0.115625
2 0.9391100702576113 0.4203125 0.05152224824355972 0.1
3 0.32201405152224827 0.6140625 0.5058548009367682 0.39375
4 0.2611241217798595 0.134375 0.3840749414519906 0.0984375
0 0.7962529274004684 0.46640625 0.17330210772833723 0.1359375
0 0.563231850117096 0.3703125 0.10304449648711944 0.121875
0 0.21194379391100704 0.41640625 0.1358313817330211 0.1859375
0 0.35011709601873536 0.3546875 0.16393442622950818 0.121875
0 0.25644028103044497 0.33671875 0.07728337236533958 0.0875
0 0.3009367681498829 0.315625 0.05620608899297424 0.0671875
0 0.4449648711943794 0.31171875 0.05152224824355972 0.08125
0 0.3430913348946136 0.80078125 0.30210772833723654 0.3703125
0 0.6358313817330211 0.7 0.2505854800936768 0.4734375
0 0.7810304449648712 0.36484375 0.1053864168618267 0.1859375
0 0.8735362997658079 0.378125 0.10070257611241218 0.2
3 0.5234192037470726 0.47734375 0.4309133489461358 0.121875
3 0.32669789227166274 0.45390625 0.1522248243559719 0.1015625
2 0.6053864168618267 0.19453125 0.11007025761124122 0.059375
3 0.11943793911007025 0.37421875 0.12646370023419204 0.128125
3 0.35362997658079626 0.45703125 0.07728337236533958 0.05
0 0.5058548009367682 0.275 0.8430913348946136 0.271875
1 0.5011709601873536 0.45078125 0.24121779859484777 0.2765625
0 0.6569086651053864 0.40234375 0.13114754098360656 0.1921875
