3 0.16171875 0.8981264637002342 0.1640625 0.17798594847775176
0 0.79375 0.7927400468384075 0.178125 0.37236533957845436
0 0.56484375 0.563231850117096 0.0359375 0.1522248243559719
0 0.71875 0.6018735362997658 0.1 0.22950819672131148
0 0.271875 0.5620608899297423 0.0328125 0.07962529274004684
0 0.85 0.6604215456674473 0.053125 0.11943793911007025
0 0.98125 0.5667447306791569 0.03125 0.11943793911007025
0 0.43125 0.5081967213114754 0.0265625 0.04215456674473068
0 0.41015625 0.49765807962529274 0.0171875 0.04449648711943794
0 0.64375 0.5667447306791569 0.0375 0.12646370023419204
0 0.21328125 0.5327868852459017 0.04375 0.11475409836065574
0 0.95 0.5491803278688525 0.034375 0.11943793911007025
0 0.22109375 0.5878220140515222 0.0578125 0.1288056206088993
0 0.2953125 0.5304449648711944 0.01875 0.07962529274004684
