0 0.722 0.6621621621621622 0.148 0.26426426426426425
0 0.82 0.4444444444444444 0.058 0.1921921921921922
0 0.335 0.4294294294294294 0.008 0.03903903903903904
0 0.116 0.481981981981982 0.046 0.09309309309309309
0 0.402 0.4594594594594595 0.024 0.12312312312312312
0 0.614 0.45495495495495497 0.038 0.08408408408408409
0 0.267 0.5870870870870871 0.126 0.4984984984984985
0 0.861 0.5780780780780781 0.158 0.5555555555555556
0 0.368 0.43543543543543545 0.012 0.08408408408408409
0 0.547 0.4894894894894895 0.042 0.0960960960960961
0 0.529 0.5075075075075075 0.03 0.07507507507507508
0 0.38 0.4219219219219219 0.012 0.018018018018018018
0 0.432 0.466966966966967 0.026 0.06906906906906907
0 0.43 0.46396396396396394 0.228 0.13513513513513514
