0 0.68671875 0.8739583333333333 0.159375 0.22916666666666666
0 0.39765625 0.865625 0.0203125 0.0625
5 0.2890625 0.840625 0.1359375 0.06666666666666667
5 0.1359375 0.8239583333333333 0.1296875 0.06041666666666667
0 0.9765625 0.8447916666666667 0.015625 0.025
0 0.99375 0.8479166666666667 0.0109375 0.025
0 0.45078125 0.8260416666666667 0.0171875 0.020833333333333332
0 0.31171875 0.853125 0.0171875 0.06458333333333334
0 0.29921875 0.8552083333333333 0.0125 0.05
0 0.128125 0.8458333333333333 0.0203125 0.05625
0 0.1140625 0.84375 0.0203125 0.05625
0 0.54609375 0.9114583333333334 0.0765625 0.15625
0 0.0859375 0.8416666666666667 0.0109375 0.0375
1 0.7171875 0.8333333333333334 0.028125 0.04583333333333333
