2 0.8447916666666667 0.76484375 0.1125 0.046875
2 0.7145833333333333 0.7671875 0.07083333333333333 0.0484375
2 0.575 0.74921875 0.04375 0.025
0 0.5625 0.7546875 0.014583333333333334 0.0328125
0 0.384375 0.86484375 0.075 0.2640625
0 0.24791666666666667 0.8734375 0.12083333333333333 0.25
0 0.178125 0.765625 0.04791666666666667 0.0765625
2 0.55 0.7390625 0.04375 0.0234375
2 0.49270833333333336 0.7421875 0.014583333333333334 0.021875
5 0.740625 0.72890625 0.17291666666666666 0.1015625
5 0.6291666666666667 0.72265625 0.052083333333333336 0.04375
0 0.07916666666666666 0.87265625 0.12708333333333333 0.2546875
0 0.28854166666666664 0.76171875 0.04375 0.05
0 0.026041666666666668 0.83515625 0.052083333333333336 0.203125
0 0.37604166666666666 0.76171875 0.03333333333333333 0.0453125
0 0.13645833333333332 0.734375 0.025 0.021875
1 0.675 0.80546875 0.1 0.1828125
1 0.5416666666666666 0.76953125 0.03125 0.0765625
1 0.6135416666666667 0.7890625 0.058333333333333334 0.1265625
1 0.9645833333333333 0.81875 0.07083333333333333 0.2078125
