0 0.647239263803681 0.340625 0.623721881390593 0.646875
1 0.17791411042944785 0.2359375 0.12678936605316973 0.134375
0 0.5122699386503068 0.240625 0.0408997955010225 0.059375
0 0.9703476482617587 0.2140625 0.0408997955010225 0.034375
0 0.5685071574642127 0.21328125 0.034764826175869123 0.0390625
0 0.43149284253578735 0.215625 0.026584867075664622 0.046875
0 0.5460122699386503 0.2140625 0.026584867075664622 0.034375
0 0.6656441717791411 0.2875 0.05930470347648262 0.0984375
0 0.6094069529652352 0.2359375 0.049079754601226995 0.0734375
0 0.6175869120654397 0.21640625 0.03067484662576687 0.0359375
0 0.4110429447852761 0.23359375 0.03885480572597137 0.0578125
