0 0.771875 0.8555555555555555 0.071875 0.28888888888888886
0 0.471875 0.6597222222222222 0.0609375 0.25833333333333336
0 0.51875 0.9166666666666666 0.0671875 0.1638888888888889
0 0.53125 0.7680555555555556 0.071875 0.23333333333333334
0 0.3671875 0.6819444444444445 0.0625 0.28055555555555556
0 0.259375 0.6041666666666666 0.065625 0.23333333333333334
0 0.5125 0.5194444444444445 0.0375 0.2111111111111111
0 0.57734375 0.8694444444444445 0.071875 0.2611111111111111
0 0.58203125 0.6263888888888889 0.0640625 0.24444444444444444
0 0.4375 0.5944444444444444 0.0546875 0.24722222222222223
0 0.80546875 0.475 0.040625 0.21388888888888888
0 0.16015625 0.9069444444444444 0.0703125 0.18333333333333332
0 0.615625 0.8333333333333334 0.0546875 0.3111111111111111
0 0.30546875 0.5861111111111111 0.05 0.25277777777777777
0 0.78046875 0.7083333333333334 0.0578125 0.14722222222222223
0 0.85625 0.8277777777777777 0.0328125 0.17777777777777778
0 0.25234375 0.7763888888888889 0.04375 0.20277777777777778
0 0.415625 0.7972222222222223 0.05 0.1388888888888889
0 0.40390625 0.37777777777777777 0.04375 0.16666666666666666
0 0.44921875 0.43194444444444446 0.034375 0.18055555555555555
0 0.47109375 0.8888888888888888 0.053125 0.2222222222222222
0 0.39296875 0.9152777777777777 0.09375 0.16944444444444445
