2 0.67734375 0.5117096018735363 0.2078125 0.1053864168618267
2 0.60390625 0.5070257611241218 0.1546875 0.10304449648711944
2 0.8578125 0.4964871194379391 0.134375 0.08665105386416862
4 0.21796875 0.4929742388758782 0.071875 0.10070257611241218
0 0.4828125 0.5046838407494145 0.0234375 0.09836065573770492
0 0.62890625 0.4484777517564403 0.0203125 0.01873536299765808
5 0.9421875 0.4812646370023419 0.115625 0.117096018735363
0 0.68671875 0.4812646370023419 0.0203125 0.02810304449648712
1 0.34375 0.585480093676815 0.30625 0.6768149882903981
0 0.391546875 0.5069789227166276 0.018375 0.10199063231850117
0 0.170921875 0.5060889929742388 0.009265625 0.05613583138173302
