0 0.30234375 0.69921875 0.046875 0.11979166666666667
0 0.25546875 0.6927083333333334 0.0328125 0.1328125
0 0.20234375 0.7044270833333334 0.028125 0.10416666666666667
0 0.84609375 0.7252604166666666 0.028125 0.13541666666666666
0 0.88515625 0.7096354166666666 0.0265625 0.14583333333333334
0 0.9265625 0.71484375 0.0515625 0.140625
0 0.971875 0.7122395833333334 0.0390625 0.15104166666666666
0 0.2203125 0.7057291666666666 0.025 0.1015625
0 0.3453125 0.7330729166666666 0.025 0.0546875
0 0.415625 0.875 0.053125 0.13802083333333334
0 0.2390625 0.7057291666666666 0.0203125 0.109375
0 0.6796875 0.72265625 0.0125 0.028645833333333332
1 0.7515625 0.71875 0.025 0.08854166666666667
1 0.6640625 0.71484375 0.0265625 0.09895833333333333
