0 0.54921875 0.67018779342723 0.090625 0.4295774647887324
0 0.70234375 0.6924882629107981 0.08125 0.3826291079812207
0 0.46484375 0.6349765258215962 0.078125 0.2347417840375587
0 0.3765625 0.5915492957746479 0.0375 0.1267605633802817
0 0.31875 0.5727699530516432 0.0203125 0.11032863849765258
0 0.29921875 0.5645539906103286 0.0203125 0.13145539906103287
0 0.3421875 0.6208920187793427 0.0375 0.18544600938967137
0 0.33203125 0.534037558685446 0.0125 0.035211267605633804
0 0.2734375 0.5504694835680751 0.034375 0.13615023474178403
0 0.41015625 0.5751173708920188 0.0203125 0.15492957746478872
0 0.21328125 0.5387323943661971 0.025 0.056338028169014086
0 0.365625 0.6396713615023474 0.0828125 0.17370892018779344
0 0.38828125 0.5516431924882629 0.028125 0.11737089201877934
0 0.28046875 0.5575117370892019 0.1921875 0.12441314553990611
