2 0.190625 0.5841121495327103 0.11875 0.09813084112149532
2 0.94921875 0.7558411214953271 0.1015625 0.34579439252336447
2 0.14453125 0.5665887850467289 0.125 0.16822429906542055
2 0.71953125 0.6728971962616822 0.28125 0.352803738317757
0 0.39765625 0.5607476635514018 0.01875 0.12383177570093458
0 0.47109375 0.5537383177570093 0.01875 0.10981308411214953
0 0.23203125 0.530373831775701 0.0203125 0.07710280373831775
0 0.29140625 0.5455607476635514 0.01875 0.09813084112149532
0 0.046875 0.5186915887850467 0.03125 0.04906542056074766
0 0.43984375 0.5432242990654206 0.0171875 0.10747663551401869
2 0.38125 0.5700934579439252 0.021875 0.07242990654205607
5 0.90703125 0.6261682242990654 0.1828125 0.2827102803738318
0 0.0859375 0.4310747663551402 0.0171875 0.02102803738317757
5 0.1453125 0.522196261682243 0.1578125 0.20093457943925233
1 0.325 0.5957943925233645 0.0546875 0.21261682242990654
1 0.28046875 0.5514018691588785 0.0421875 0.11214953271028037
1 0.27890625 0.5549065420560748 0.040625 0.11448598130841121
