2 0.534375 0.5635416666666667 0.1234375 0.08333333333333333
2 0.28203125 0.6947916666666667 0.409375 0.29583333333333334
2 0.421875 0.5833333333333334 0.18125 0.09791666666666667
2 0.23984375 0.5708333333333333 0.2984375 0.125
2 0.634375 0.5489583333333333 0.05 0.058333333333333334
0 0.7375 0.6208333333333333 0.0609375 0.23541666666666666
0 0.67109375 0.6197916666666666 0.071875 0.24583333333333332
0 0.0609375 0.6958333333333333 0.1203125 0.6083333333333333
0 0.9171875 0.55625 0.0296875 0.10833333333333334
0 0.3453125 0.5333333333333333 0.0328125 0.052083333333333336
0 0.86484375 0.5541666666666667 0.0265625 0.12291666666666666
0 0.81171875 0.5645833333333333 0.0421875 0.15625
0 0.6046875 0.5833333333333334 0.028125 0.15
0 0.2 0.503125 0.0125 0.016666666666666666
0 0.71015625 0.6 0.0328125 0.20208333333333334
0 0.28046875 0.521875 0.0125 0.01875
0 0.69609375 0.5260416666666666 0.0171875 0.0375
2 0.7828125 0.5239583333333333 0.0140625 0.03333333333333333
1 0.46328125 0.60625 0.0890625 0.21041666666666667
