0 0.55390625 0.5290237467018469 0.3046875 0.7176781002638523
0 0.828125 0.604221635883905 0.103125 0.3007915567282322
1 0.28484375 0.49427440633245384 0.10932812500000004 0.1972559366754617
0 0.58203125 0.5593667546174143 0.0390625 0.09498680738786279
0 0.225 0.5 0.0265625 0.17678100263852242
0 0.02265625 0.40633245382585753 0.0234375 0.0712401055408971
0 0.24453125 0.48812664907651715 0.0265625 0.14511873350923482
0 0.00625 0.420844327176781 0.0109375 0.03430079155672823
2 0.73125 0.5699208443271768 0.1609375 0.10554089709762533
4 0.80971875 0.5330870712401056 0.09837500000000006 0.08258575197889186
4 0.8678593749999999 0.5583377308707125 0.0383906249999999 0.11778364116094983
