2 0.29140625 0.5803782505910166 0.053125 0.07801418439716312
2 0.18203125 0.5945626477541371 0.05 0.05673758865248227
2 0.05546875 0.5945626477541371 0.065625 0.06619385342789598
2 0.471875 0.5851063829787234 0.1109375 0.04964539007092199
2 0.38671875 0.5614657210401891 0.0625 0.037825059101654845
0 0.4984375 0.5567375886524822 0.0140625 0.026004728132387706
0 0.21484375 0.5650118203309693 0.0109375 0.037825059101654845
2 0.13359375 0.5862884160756501 0.028125 0.04728132387706856
2 0.45625 0.557919621749409 0.059375 0.03309692671394799
2 0.15703125 0.58274231678487 0.0296875 0.0425531914893617
2 0.10078125 0.5851063829787234 0.0453125 0.06382978723404255
2 0.20625 0.5874704491725768 0.0171875 0.04728132387706856
0 0.1921875 0.5780141843971631 0.00625 0.01182033096926714
0 0.46796875 0.5520094562647754 0.009375 0.01182033096926714
0 0.30234375 0.5673758865248227 0.0078125 0.009456264775413711
5 0.29140625 0.5803782505910166 0.0515625 0.07565011820330969
1 0.5359375 0.5874704491725768 0.0265625 0.1016548463356974
