1 0.67753125 0.7969148936170213 0.09314062500000002 0.15765957446808504
1 0.3100625 0.79875 0.10162500000000003 0.1693085106382978
0 0.13046875 0.8311170212765957 0.04375 0.1356382978723404
1 0.052187499999999984 0.8078723404255319 0.103859375 0.19284574468085103
2 0.2359375 0.7792553191489362 0.0625 0.07446808510638298
2 0.5703125 0.7526595744680851 0.0234375 0.034574468085106384
2 0.553125 0.7460106382978723 0.0234375 0.031914893617021274
4 0.62265625 0.7553191489361702 0.0328125 0.0425531914893617
2 0.73671875 0.7752659574468085 0.03125 0.05053191489361702
4 0.71640625 0.7699468085106383 0.0296875 0.05585106382978723
4 0.59765625 0.7513297872340425 0.0234375 0.03723404255319149
7 0.23828125 0.7340425531914894 0.0390625 0.026595744680851064
2 0.64375 0.7579787234042553 0.0203125 0.0425531914893617
8 0.85625 0.7460106382978723 0.09375 0.14627659574468085
2 0.2875 0.7539893617021277 0.028125 0.034574468085106384
2 0.60703125 0.7526595744680851 0.0203125 0.0398936170212766
2 0.41640625 0.7313829787234043 0.021875 0.026595744680851064
2 0.3671875 0.7420212765957447 0.0203125 0.031914893617021274
4 0.76015625 0.7686170212765957 0.0328125 0.07712765957446809
2 0.2671875 0.7553191489361702 0.01875 0.03723404255319149
4 0.791671875 0.7672872340425532 0.04010937499999993 0.08776595744680851
2 0.696875 0.7646276595744681 0.025 0.04521276595744681
7 0.312921875 0.7388829787234042 0.04732812500000003 0.03630319148936164
6 0.4765625 0.7287234042553191 0.0203125 0.07446808510638298
