0 0.24666666666666667 0.8693467336683417 0.11 0.2613065326633166
0 0.6958333333333333 0.8228643216080402 0.15833333333333333 0.3542713567839196
0 0.7933333333333333 0.8731155778894473 0.03333333333333333 0.10804020100502512
0 0.47 0.8077889447236181 0.035 0.09798994974874371
0 0.44416666666666665 0.9409547738693468 0.08 0.11809045226130653
0 0.14166666666666666 0.7650753768844221 0.056666666666666664 0.19597989949748743
0 0.14416666666666667 0.9309045226130653 0.10166666666666667 0.13819095477386933
0 0.2225 0.7010050251256281 0.045 0.08793969849246232
0 0.075 0.7638190954773869 0.03166666666666667 0.19095477386934673
0 0.43 0.7701005025125628 0.04 0.17839195979899497
0 0.8708333333333333 0.8806532663316583 0.051666666666666666 0.09045226130653267
1 0.395 0.7701005025125628 0.055 0.16331658291457288
1 0.5430499999999999 0.7596231155778894 0.09111666666666667 0.1700251256281407
0 0.34863333333333335 0.7627386934673367 0.02505 0.1435929648241206
0 0.9561833333333334 0.7386180904522613 0.023466666666666667 0.12884422110552765
0 0.97975 0.7410050251256282 0.024316666666666667 0.1308291457286432
0 0.9230333333333334 0.7405025125628142 0.02385 0.12422110552763818
0 0.8286 0.767788944723618 0.0998 0.08665829145728644
0 0.2892166666666667 0.7046482412060301 0.07658333333333334 0.04693467336683417
0 0.9477333333333333 0.9386180904522613 0.09918333333333333 0.11565326633165829
0 0.026116666666666667 0.8024623115577889 0.047766666666666666 0.08344221105527638
0 0.4671333333333333 0.7114572864321609 0.032433333333333335 0.08286432160804019
0 0.028066666666666667 0.7020854271356785 0.04873333333333333 0.05296482412060301
