2 0.7298288508557457 0.33984375 0.2787286063569682 0.084375
0 0.5293398533007335 0.3984375 0.5158924205378973 0.5625
0 0.6882640586797066 0.409375 0.09046454767726161 0.1984375
0 0.7114914425427873 0.32421875 0.022004889975550123 0.021875
0 0.5696821515892421 0.38515625 0.11246943765281174 0.125
0 0.04523227383863081 0.303125 0.09046454767726161 0.06875
2 0.24816625916870416 0.3265625 0.09046454767726161 0.0234375
0 0.5036674816625917 0.346875 0.04645476772616137 0.05
0 0.8447432762836186 0.38359375 0.04645476772616137 0.1265625
1 0.8447432762836186 0.38515625 0.04645476772616137 0.1296875
