0 0.40234375 0.5235294117647059 0.2140625 0.6894117647058824
0 0.8375 0.46352941176470586 0.1453125 0.2564705882352941
0 0.18046875 0.46705882352941175 0.05 0.1223529411764706
0 0.13671875 0.48470588235294115 0.0203125 0.12
0 0.01875 0.49411764705882355 0.0375 0.16705882352941176
0 0.71171875 0.6152941176470588 0.084375 0.6070588235294118
0 0.66171875 0.3811764705882353 0.0421875 0.08
0 0.5375 0.41294117647058826 0.028125 0.08705882352941176
0 0.934375 0.44823529411764707 0.13125 0.23058823529411765
5 0.23203125 0.48823529411764705 0.0640625 0.09176470588235294
0 0.7671875 0.44823529411764707 0.0921875 0.30117647058823527
0 0.15078125 0.49058823529411766 0.0125 0.058823529411764705
0 0.2203125 0.45176470588235296 0.009375 0.04
2 0.39609375 0.3788235294117647 0.03125 0.018823529411764704
1 0.10546875 0.4894117647058824 0.05 0.1411764705882353
