0 0.60625 0.8157276995305164 0.040625 0.18309859154929578
0 0.0109375 0.7758215962441315 0.021875 0.08685446009389672
0 0.1234375 0.7969483568075117 0.0234375 0.01643192488262911
0 0.25390625 0.7946009389671361 0.0171875 0.035211267605633804
0 0.30234375 0.8110328638497653 0.0125 0.025821596244131457
0 0.309375 0.7723004694835681 0.0140625 0.03755868544600939
0 0.33984375 0.7711267605633803 0.0203125 0.04460093896713615
0 0.39921875 0.7934272300469484 0.021875 0.03286384976525822
0 0.28828125 0.7887323943661971 0.0171875 0.03051643192488263
0 0.78125 0.778169014084507 0.021875 0.11267605633802817
0 0.20234375 0.7816901408450704 0.01875 0.03051643192488263
0 0.3625 0.7617370892018779 0.0171875 0.03755868544600939
1 0.69453125 0.8380281690140845 0.0375 0.13615023474178403
0 0.458984375 0.7974413145539906 0.024734375 0.04124413145539906
0 0.5046875 0.7966666666666666 0.0140625 0.0428169014084507
0 0.52590625 0.8019483568075118 0.031515625000000005 0.028356807511737088
0 0.554421875 0.7862910798122065 0.023953125 0.028333333333333335
0 0.079421875 0.7788732394366198 0.015625 0.035375586854460093
0 0.11171875 0.7786619718309858 0.021875 0.050633802816901406
0 0.427734375 0.806830985915493 0.024734375 0.022488262910798123
0 0.4828125 0.7710563380281691 0.016140625 0.01971830985915493
