2 0.7359375 0.5307328605200946 0.35 0.20094562647754138
2 0.09921875 0.30969267139479906 0.1984375 0.23167848699763594
0 0.63203125 0.4314420803782506 0.028125 0.09219858156028368
0 0.66015625 0.4444444444444444 0.034375 0.08037825059101655
0 0.94453125 0.5626477541371159 0.0390625 0.10874704491725769
0 0.9171875 0.5472813238770685 0.0234375 0.09929078014184398
0 0.20859375 0.29432624113475175 0.0359375 0.08747044917257683
0 0.23984375 0.2990543735224586 0.034375 0.07092198581560284
0 0.7796875 0.4940898345153664 0.0125 0.014184397163120567
1 0.25 0.6217494089834515 0.4625 0.6973995271867612
