2 0.746875 0.4197916666666667 0.1171875 0.12916666666666668
0 0.53515625 0.44479166666666664 0.0453125 0.09791666666666667
0 0.47421875 0.46875 0.0609375 0.07291666666666667
0 0.3109375 0.6010416666666667 0.0515625 0.14791666666666667
0 0.13359375 0.6927083333333334 0.084375 0.175
0 0.02890625 0.8083333333333333 0.05625 0.10208333333333333
0 0.66796875 0.44895833333333335 0.071875 0.21458333333333332
0 0.628125 0.42916666666666664 0.059375 0.14791666666666667
0 0.33125 0.5895833333333333 0.05625 0.14166666666666666
2 0.9578125 0.25625 0.084375 0.09583333333333334
0 0.828125 0.33229166666666665 0.0171875 0.027083333333333334
0 0.49453125 0.47708333333333336 0.034375 0.07083333333333333
1 0.61015625 0.5625 0.3109375 0.43125
