2 0.06640625 0.382903981264637 0.125 0.26229508196721313
4 0.1328125 0.2810304449648712 0.2484375 0.34894613583138173
0 0.73203125 0.6311475409836066 0.1890625 0.7166276346604216
0 0.653125 0.34894613583138173 0.028125 0.1756440281030445
0 0.846875 0.3337236533957845 0.01875 0.11943793911007025
0 0.9734375 0.40866510538641687 0.053125 0.27634660421545665
0 0.68125 0.35011709601873536 0.04375 0.17798594847775176
0 0.82109375 0.34660421545667447 0.0203125 0.12646370023419204
0 0.95390625 0.40046838407494145 0.028125 0.2786885245901639
0 0.8 0.31733021077283374 0.0296875 0.117096018735363
0 0.63359375 0.3524590163934426 0.03125 0.1592505854800937
0 0.87421875 0.3559718969555035 0.0265625 0.15456674473067916
0 0.93515625 0.36533957845433257 0.0203125 0.13114754098360656
4 0.3953125 0.2962529274004684 0.2765625 0.3957845433255269
0 0.6109375 0.3583138173302108 0.0171875 0.1522248243559719
1 0.2578125 0.4379391100702576 0.075 0.3091334894613583
