2 0.08125 0.1358313817330211 0.159375 0.20374707259953162
3 0.35078125 0.49063231850117095 0.509375 0.42857142857142855
3 0.07578125 0.2107728337236534 0.0796875 0.13817330210772832
0 0.8859375 0.5526932084309133 0.228125 0.7728337236533958
0 0.36171875 0.5163934426229508 0.2421875 0.9391100702576113
0 0.64765625 0.2927400468384075 0.1625 0.46604215456674475
0 0.871875 0.19672131147540983 0.103125 0.29508196721311475
0 0.5328125 0.12295081967213115 0.0921875 0.19437939110070257
0 0.925 0.09953161592505855 0.0328125 0.11475409836065574
0 0.2015625 0.2997658079625293 0.1609375 0.5362997658079626
0 0.475 0.10421545667447307 0.0296875 0.16627634660421545
0 0.28984375 0.08313817330210772 0.0359375 0.14754098360655737
0 0.9625 0.14285714285714285 0.075 0.2857142857142857
2 0.61953125 0.03044496487119438 0.1453125 0.05620608899297424
0 0.44140625 0.08196721311475409 0.0359375 0.09133489461358314
0 0.6140625 0.10655737704918032 0.046875 0.18032786885245902
1 0.78125 0.16510538641686182 0.1546875 0.33021077283372363
