2 0.671875 0.5658135283363802 0.1140625 0.1170018281535649
0 0.57578125 0.596892138939671 0.0546875 0.14076782449725778
0 0.76796875 0.5987202925045704 0.0375 0.1480804387568556
0 0.1625 0.6042047531992687 0.028125 0.15173674588665448
0 0.11953125 0.6270566727605119 0.0453125 0.06398537477148081
0 0.4796875 0.5941499085923218 0.01875 0.04936014625228519
0 0.70546875 0.5347349177330896 0.0375 0.054844606946983544
0 0.215625 0.5795246800731262 0.0109375 0.03290676416819013
0 0.14375 0.6060329067641682 0.0203125 0.0712979890310786
0 0.43359375 0.3903107861060329 0.0203125 0.031078610603290677
0 0.32734375 0.6224862888482633 0.01875 0.051188299817184646
0 0.09921875 0.629798903107861 0.0421875 0.1590493601462523
0 0.82421875 0.5027422303473492 0.00625 0.021937842778793418
0 0.6765625 0.5164533820840951 0.01875 0.02376599634369287
1 0.5734375 0.6078610603290676 0.075 0.16270566727605118
1 0.757984375 0.5953199268738574 0.061109375 0.15791590493601462
