4 0.321875 0.35625 0.64375 0.7083333333333334
0 0.953125 0.39895833333333336 0.025 0.06875
0 0.88359375 0.40729166666666666 0.0375 0.10416666666666667
0 0.83203125 0.4166666666666667 0.03125 0.07916666666666666
0 0.93046875 0.42083333333333334 0.0359375 0.06666666666666667
0 0.85078125 0.415625 0.021875 0.08541666666666667
2 0.74609375 0.4114583333333333 0.059375 0.08958333333333333
4 0.6859375 0.359375 0.075 0.12708333333333333
0 0.07734375 0.3229166666666667 0.071875 0.12291666666666666
1 0.38828125 0.65 0.2546875 0.7
