2 0.30234375 0.7540983606557377 0.415625 0.24355971896955503
2 0.85234375 0.7072599531615925 0.2953125 0.3161592505854801
2 0.890625 0.6159250585480094 0.121875 0.1053864168618267
2 0.03046875 0.7517564402810304 0.0609375 0.12177985948477751
2 0.72109375 0.6065573770491803 0.040625 0.0585480093676815
4 0.47578125 0.5714285714285714 0.3671875 0.4168618266978923
0 0.81640625 0.6007025761124122 0.084375 0.1686182669789227
0 0.74453125 0.6311475409836066 0.0359375 0.13114754098360656
0 0.11484375 0.7189695550351288 0.04375 0.12412177985948478
0 0.58671875 0.5538641686182669 0.0453125 0.0585480093676815
0 0.30390625 0.7060889929742389 0.0390625 0.06791569086651054
0 0.37734375 0.6943793911007026 0.0609375 0.06557377049180328
2 0.75234375 0.6264637002341921 0.05 0.06791569086651054
2 0.13984375 0.7330210772833724 0.028125 0.08899297423887588
2 0.696875 0.6346604215456675 0.040625 0.07494145199063232
0 0.915625 0.5562060889929742 0.015625 0.0234192037470726
4 0.828125 0.5620608899297423 0.0265625 0.03981264637002342
1 0.15546875 0.7716627634660421 0.3109375 0.4566744730679157
1 0.5515625 0.7365339578454333 0.128125 0.38875878220140514
1 0.665625 0.6932084309133489 0.084375 0.33021077283372363
1 0.11484375 0.7189695550351288 0.04375 0.12412177985948478
