0 0.14765625 0.384375 0.1515625 0.75625
0 0.48515625 0.43125 0.0203125 0.07083333333333333
1 0.31842187499999997 0.4326666666666667 0.03842187499999996 0.14658333333333337
0 0.46953125 0.43125 0.0203125 0.06041666666666667
2 0.33740625 0.43275 0.02056250000000004 0.043020833333333286
2 0.24921875 0.4583333333333333 0.0796875 0.15625
2 0.20546875 0.778125 0.4078125 0.44166666666666665
2 0.28671875 0.4427083333333333 0.0390625 0.09791666666666667
4 0.44921875 0.428125 0.028125 0.03333333333333333
4 0.39375 0.4114583333333333 0.0296875 0.016666666666666666
2 0.3578125 0.4322916666666667 0.0203125 0.03125
7 0.37265625 0.43022916666666666 0.0234375 0.027041666666666703
4 0.12265625 0.42604166666666665 0.2453125 0.5333333333333333
2 0.371578125 0.4094583333333333 0.01973437499999999 0.013083333333333277
