1 0.4838204592901879 0.590625 0.9676409185803758 0.81875
0 0.9739039665970772 0.41015625 0.05219206680584551 0.3875
1 0.7463465553235908 0.33671875 0.18997912317327767 0.2671875
1 0.5949895615866388 0.2609375 0.15866388308977036 0.140625
2 0.5083507306889353 0.23046875 0.09812108559498957 0.034375
2 0.8559498956158664 0.20390625 0.06263048016701461 0.0171875
2 0.9133611691022965 0.203125 0.05219206680584551 0.0171875
2 0.7839248434237995 0.21015625 0.08768267223382047 0.01875
2 0.6492693110647182 0.22265625 0.05010438413361169 0.03125
2 0.11064718162839249 0.26484375 0.12108559498956159 0.0359375
