0 0.3359375 0.6784232365145229 0.39375 0.6161825726141079
0 0.42734375 0.5228215767634855 0.0671875 0.12448132780082988
0 0.85390625 0.7603734439834025 0.2921875 0.45643153526970953
0 0.70703125 0.5072614107883817 0.0453125 0.08921161825726141
0 0.7890625 0.4854771784232365 0.053125 0.1037344398340249
1 0.49296875 0.5674273858921162 0.065625 0.23443983402489627
0 0.6453125 0.5466804979253111 0.0953125 0.2074688796680498
0 0.54140625 0.5300829875518672 0.04375 0.16804979253112035
1 0.58359375 0.7043568464730291 0.1546875 0.491701244813278
1 0.91015625 0.6244813278008299 0.15 0.35684647302904565
1 0.05390625 0.5954356846473029 0.1015625 0.3278008298755187
1 0.74734375 0.7235062240663901 0.15531250000000002 0.5457676348547718
1 0.1615625 0.5980912863070539 0.06687499999999999 0.21607883817427387
