0 0.43671875 0.5072916666666667 0.071875 0.29375
0 0.3484375 0.484375 0.0609375 0.19166666666666668
0 0.26484375 0.5427083333333333 0.0109375 0.04375
0 0.1171875 0.54375 0.046875 0.15416666666666667
0 0.08359375 0.5385416666666667 0.0421875 0.15
0 0.50234375 0.50625 0.0375 0.04791666666666667
0 0.6796875 0.5614583333333333 0.059375 0.15833333333333333
0 0.7203125 0.5604166666666667 0.0328125 0.1875
0 0.54609375 0.44166666666666665 0.0359375 0.06875
0 0.29453125 0.5302083333333333 0.0359375 0.10208333333333333
0 0.47734375 0.5020833333333333 0.0234375 0.05416666666666667
0 0.57734375 0.46875 0.0328125 0.07708333333333334
5 0.61328125 0.515625 0.21875 0.18125
1 0.3484375 0.484375 0.0609375 0.19166666666666668
