2 0.08671875 0.8362445414847162 0.1703125 0.07860262008733625
0 0.35546875 0.8679039301310044 0.0609375 0.12882096069868995
0 0.3890625 0.8722707423580786 0.065625 0.11353711790393013
0 0.703125 0.8668122270742358 0.0328125 0.08078602620087336
0 0.1625 0.8013100436681223 0.009375 0.024017467248908297
0 0.88984375 0.8275109170305677 0.0328125 0.06768558951965066
0 0.31328125 0.824235807860262 0.0203125 0.05895196506550218
0 0.72421875 0.8624454148471615 0.03125 0.08951965065502183
0 0.78046875 0.8460698689956332 0.021875 0.08733624454148471
0 0.675 0.8679039301310044 0.0296875 0.08078602620087336
0 0.58828125 0.8646288209606987 0.0421875 0.09170305676855896
0 0.42109375 0.8624454148471615 0.0515625 0.12008733624454149
1 0.51328125 0.7980349344978166 0.2296875 0.4039301310043668
