5 0.103125 0.20798319327731093 0.203125 0.2857142857142857
0 0.6609375 0.6008403361344538 0.19375 0.6764705882352942
0 0.8734375 0.5525210084033614 0.153125 0.5168067226890757
0 0.13125 0.39915966386554624 0.04375 0.2184873949579832
0 0.1140625 0.6239495798319328 0.225 0.4957983193277311
0 0.3671875 0.36134453781512604 0.075 0.22268907563025211
0 0.51875 0.32142857142857145 0.053125 0.13025210084033614
0 0.1390625 0.21218487394957983 0.06875 0.18067226890756302
0 0.0453125 0.38445378151260506 0.075 0.19747899159663865
0 0.06875 0.19957983193277312 0.046875 0.14705882352941177
0 0.784375 0.5210084033613446 0.084375 0.42436974789915966
0 0.7625 0.5042016806722689 0.05625 0.46638655462184875
0 0.9703125 0.47689075630252103 0.059375 0.40756302521008403
0 0.7984375 0.2920168067226891 0.025 0.037815126050420166
0 0.359375 0.5777310924369747 0.7125 0.6848739495798319
