0 0.8415492957746479 0.58984375 0.04225352112676056 0.0625
0 0.27816901408450706 0.5859375 0.04460093896713615 0.0796875
0 0.6525821596244131 0.58984375 0.04225352112676056 0.0703125
0 0.9800469483568075 0.6 0.03051643192488263 0.0546875
0 0.7640845070422535 0.58359375 0.009389671361502348 0.05
0 0.6220657276995305 0.58046875 0.035211267605633804 0.065625
0 0.08568075117370892 0.571875 0.03286384976525822 0.0640625
0 0.03990610328638498 0.55703125 0.03051643192488263 0.0375
0 0.09389671361502347 0.575 0.011737089201877934 0.0296875
0 0.4072769953051643 0.5609375 0.018779342723004695 0.01875
0 0.9624413145539906 0.590625 0.03990610328638498 0.075
0 0.017605633802816902 0.57890625 0.03286384976525822 0.0671875
1 0.3075117370892019 0.64296875 0.352112676056338 0.24375
