0 0.47604166666666664 0.5953125 0.9416666666666667 0.778125
0 0.7791666666666667 0.41875 0.04375 0.028125
0 0.7302083333333333 0.41328125 0.020833333333333332 0.0296875
0 0.675 0.4140625 0.010416666666666666 0.0109375
0 0.759375 0.3984375 0.022916666666666665 0.025
0 0.9802083333333333 0.4 0.03125 0.01875
0 0.6427083333333333 0.40703125 0.008333333333333333 0.0046875
0 0.6354166666666666 0.4078125 0.008333333333333333 0.0046875
0 0.8291666666666667 0.40546875 0.020833333333333332 0.01875
0 0.71875 0.42421875 0.029166666666666667 0.0140625
0 0.9770833333333333 0.396875 0.010416666666666666 0.0078125
