0 0.5520833333333334 0.65390625 0.14375 0.3140625
2 0.871875 0.49140625 0.11666666666666667 0.0515625
2 0.24375 0.4890625 0.05625 0.0203125
0 0.6583333333333333 0.61796875 0.09375 0.2265625
0 0.5010416666666667 0.5625 0.0875 0.1171875
5 0.6385416666666667 0.47265625 0.25625 0.090625
0 0.7989583333333333 0.4921875 0.016666666666666666 0.040625
5 0.321875 0.48125 0.03333333333333333 0.0234375
5 0.8729166666666667 0.49140625 0.11666666666666667 0.053125
0 0.228125 0.4765625 0.0125 0.0140625
0 0.21666666666666667 0.478125 0.010416666666666666 0.021875
1 0.7270833333333333 0.515625 0.09375 0.071875
