0 0.0390625 0.5833333333333334 0.078125 0.27291666666666664
0 0.73203125 0.5854166666666667 0.0875 0.25833333333333336
0 0.79140625 0.6020833333333333 0.06875 0.2791666666666667
0 0.96640625 0.6489583333333333 0.0484375 0.15833333333333333
0 0.21875 0.4708333333333333 0.028125 0.041666666666666664
0 0.3046875 0.4739583333333333 0.0140625 0.03958333333333333
0 0.5296875 0.5291666666666667 0.0203125 0.05
0 0.58515625 0.5291666666666667 0.021875 0.041666666666666664
0 0.5484375 0.534375 0.0234375 0.04791666666666667
0 0.27734375 0.475 0.0328125 0.03333333333333333
0 0.67734375 0.6177083333333333 0.0546875 0.15833333333333333
0 0.234375 0.4791666666666667 0.015625 0.025
1 0.7171875 0.590625 0.1171875 0.26875
