3 0.352 0.576 0.106 0.12533333333333332
3 0.6 0.572 0.05 0.104
3 0.518 0.5626666666666666 0.046 0.08
3 0.722 0.5653333333333334 0.038 0.064
0 0.781 0.6453333333333333 0.106 0.328
0 0.585 0.5413333333333333 0.042 0.09333333333333334
0 0.36 0.556 0.058 0.12266666666666666
0 0.39 0.5533333333333333 0.026 0.12266666666666666
0 0.878 0.5226666666666666 0.014 0.056
0 0.617 0.556 0.042 0.12533333333333332
0 0.913 0.5386666666666666 0.01 0.037333333333333336
0 0.734 0.5333333333333333 0.02 0.058666666666666666
0 0.53 0.5466666666666666 0.034 0.09333333333333334
0 0.642 0.5373333333333333 0.026 0.08266666666666667
0 0.856 0.5266666666666666 0.016 0.056
3 0.567 0.5746666666666667 0.02 0.056
3 0.948 0.5346666666666666 0.024 0.037333333333333336
0 0.894 0.5306666666666666 0.018 0.06133333333333333
0 0.439 0.5413333333333333 0.032 0.09866666666666667
3 0.695 0.5546666666666666 0.03 0.042666666666666665
3 0.838 0.5493333333333333 0.032 0.037333333333333336
3 0.913 0.544 0.04 0.037333333333333336
0 0.741 0.5386666666666666 0.514 0.16533333333333333
1 0.775 0.6466666666666666 0.118 0.33066666666666666
0 0.7162999999999999 0.5293066666666667 0.01998 0.03594666666666667
0 0.70214 0.5273333333333333 0.0195 0.030293333333333332
0 0.6045 0.5293066666666667 0.033659999999999995 0.0732
3 0.5039 0.57584 0.01912 0.043386666666666664
0 0.5742200000000001 0.5250666666666667 0.023780000000000003 0.03274666666666667
0 0.81738 0.5107466666666667 0.01512 0.02570666666666667
0 0.5854400000000001 0.5192 0.01758 0.036346666666666666
0 0.96094 0.5035733333333333 0.01584 0.02128
0 0.56396 0.5169333333333334 0.00956 0.017173333333333336
0 0.56298 0.5371199999999999 0.01568 0.03834666666666667
0 0.5962000000000001 0.514 0.019760000000000003 0.03797333333333333
0 0.34472 0.53352 0.0437 0.06045333333333334
0 0.65136 0.5126933333333333 0.014839999999999999 0.02752
0 0.81202 0.5247466666666667 0.02148 0.023893333333333336
0 0.51904 0.5120533333333334 0.01602 0.02344
0 0.7670800000000001 0.5029333333333333 0.01262 0.0276
3 0.31616000000000005 0.6103466666666667 0.02926 0.061360000000000005
