2 0.35078125 0.43854166666666666 0.1421875 0.12916666666666668
2 0.24453125 0.41770833333333335 0.1015625 0.10625
0 0.253125 0.40625 0.021875 0.0625
0 0.4375 0.38125 0.015625 0.10208333333333333
0 0.81171875 0.4125 0.0375 0.05625
0 0.178125 0.303125 0.0171875 0.04375
0 0.05234375 0.328125 0.0234375 0.06875
0 0.28515625 0.38333333333333336 0.021875 0.0375
0 0.3046875 0.38229166666666664 0.0203125 0.025
0 0.26953125 0.29270833333333335 0.0125 0.0375
0 0.1109375 0.3489583333333333 0.021875 0.04375
3 0.8109375 0.5510416666666667 0.10625 0.13541666666666666
0 0.7328125 0.390625 0.0203125 0.0375
1 0.1515625 0.32395833333333335 0.0421875 0.07083333333333333
