0 0.05555555555555555 0.681 0.0960960960960961 0.182
0 0.33933933933933935 0.599 0.04804804804804805 0.048
0 0.3843843843843844 0.603 0.02702702702702703 0.076
0 0.44894894894894893 0.597 0.015015015015015015 0.04
0 0.6216216216216216 0.617 0.04804804804804805 0.1
0 0.5630630630630631 0.598 0.02702702702702703 0.044
0 0.4744744744744745 0.599 0.024024024024024024 0.044
0 0.5525525525525525 0.591 0.018018018018018018 0.026
0 0.5930930930930931 0.599 0.02702702702702703 0.05
0 0.493993993993994 0.596 0.018018018018018018 0.04
1 0.2807807807807808 0.803 0.2972972972972973 0.392
1 0.5180180180180181 0.621 0.04804804804804805 0.102
