3 0.474 0.6143695014662757 0.032 0.08797653958944282
5 0.577 0.5557184750733137 0.064 0.12023460410557185
5 0.217 0.5806451612903226 0.08 0.12903225806451613
0 0.799 0.626099706744868 0.03 0.18181818181818182
0 0.843 0.7067448680351907 0.076 0.14076246334310852
0 0.818 0.6275659824046921 0.036 0.16422287390029325
0 0.183 0.6202346041055719 0.036 0.12609970674486803
0 0.293 0.6011730205278593 0.022 0.0967741935483871
0 0.265 0.6041055718475073 0.04 0.09970674486803519
0 0.778 0.5835777126099707 0.024 0.11143695014662756
0 0.761 0.5865102639296188 0.016 0.10263929618768329
0 0.361 0.5747800586510264 0.022 0.08797653958944282
0 0.476 0.5909090909090909 0.024 0.08797653958944282
0 0.721 0.5894428152492669 0.044 0.06451612903225806
2 0.344 0.5762463343108505 0.06 0.06158357771260997
2 0.419 0.5791788856304986 0.042 0.05571847507331378
2 0.525 0.5630498533724341 0.02 0.03812316715542522
2 0.877 0.6055718475073314 0.032 0.05865102639296188
2 0.382 0.5689149560117303 0.034 0.05278592375366569
0 0.535 0.5718475073313783 0.016 0.05865102639296188
0 0.582 0.5777126099706745 0.192 0.093841642228739
1 0.445 0.6964809384164223 0.068 0.2961876832844575
