2 0.45422535211267606 0.3453125 0.18544600938967137 0.0984375
2 0.3814553990610329 0.35703125 0.07746478873239436 0.0828125
3 0.45892018779342725 0.53828125 0.20422535211267606 0.196875
3 0.23708920187793428 0.4125 0.16666666666666666 0.13125
0 0.7429577464788732 0.33359375 0.046948356807511735 0.0796875
0 0.3286384976525822 0.35703125 0.07276995305164319 0.0984375
0 0.9225352112676056 0.35390625 0.06572769953051644 0.0859375
0 0.6431924882629108 0.33515625 0.04225352112676056 0.0796875
0 0.9800469483568075 0.3359375 0.03990610328638498 0.05625
0 0.8039906103286385 0.33359375 0.046948356807511735 0.08125
0 0.04460093896713615 0.33828125 0.0892018779342723 0.075
0 0.47183098591549294 0.34765625 0.08215962441314555 0.0625
0 0.4847417840375587 0.46640625 0.22065727699530516 0.23125
0 0.6737089201877934 0.3375 0.035211267605633804 0.0765625
2 0.5539906103286385 0.34296875 0.09389671361502347 0.06875
3 0.1255868544600939 0.453125 0.06807511737089202 0.078125
3 0.09859154929577464 0.390625 0.09624413145539906 0.053125
3 0.045774647887323945 0.46640625 0.0892018779342723 0.25625
0 0.5997652582159625 0.334375 0.028169014084507043 0.034375
0 0.7077464788732394 0.3171875 0.028169014084507043 0.0359375
1 0.954225352112676 0.4390625 0.0892018779342723 0.1984375
