2 0.490625 0.12222222222222222 0.09375 0.07777777777777778
3 0.31953125 0.29305555555555557 0.31875 0.5583333333333333
3 0.54765625 0.5 0.6546875 1
3 0.25234375 0.22777777777777777 0.2609375 0.45555555555555555
0 0.08671875 0.11388888888888889 0.0328125 0.13055555555555556
1 0.82678125 0.2935833333333333 0.158921875 0.4771111111111111
0 0.11015625 0.10694444444444444 0.028125 0.14166666666666666
0 0.13125 0.10555555555555556 0.0203125 0.12777777777777777
0 0.153125 0.07361111111111111 0.03125 0.06388888888888888
0 0.5265625 0.0875 0.0109375 0.025
0 0.09453125 0.10694444444444444 0.0140625 0.11944444444444445
0 0.1 0.08611111111111111 0.009375 0.07222222222222222
1 0.6609375 0.12638888888888888 0.046875 0.09166666666666666
1 0.42421875 0.2 0.0578125 0.3111111111111111
1 0.746875 0.1486111111111111 0.0484375 0.11388888888888889
1 0.68928125 0.1288888888888889 0.05 0.10013888888888887
