3 0.83125 0.37264150943396224 0.040625 0.09669811320754718
0 0.04921875 0.25235849056603776 0.0171875 0.03773584905660377
0 0.09140625 0.23820754716981132 0.009375 0.018867924528301886
0 0.121875 0.23702830188679244 0.009375 0.02122641509433962
0 0.1640625 0.24528301886792453 0.0125 0.03537735849056604
0 0.184375 0.24528301886792453 0.009375 0.0330188679245283
0 0.38125 0.31485849056603776 0.015625 0.05188679245283019
0 0.41171875 0.33254716981132076 0.0125 0.049528301886792456
0 0.43828125 0.3408018867924528 0.0203125 0.08490566037735849
0 0.4578125 0.35141509433962265 0.0203125 0.09198113207547169
0 0.396875 0.3443396226415094 0.0171875 0.07783018867924528
0 0.38046875 0.35259433962264153 0.0265625 0.05660377358490566
1 0.32682812499999997 0.3290566037735849 0.020828125 0.07162735849056603
0 0.36171875 0.3313679245283019 0.0171875 0.06839622641509434
