2 0.63203125 0.6312292358803987 0.1828125 0.1893687707641196
2 0.0609375 0.6976744186046512 0.121875 0.2757475083056478
3 0.49609375 0.627906976744186 0.0515625 0.12624584717607973
4 0.04140625 0.4867109634551495 0.0828125 0.26578073089701
3 0.36796875 0.6661129568106312 0.0796875 0.12624584717607973
3 0.4421875 0.627906976744186 0.0546875 0.09634551495016612
5 0.10078125 0.5598006644518272 0.0453125 0.14285714285714285
0 0.36796875 0.6029900332225914 0.05 0.19269102990033224
0 0.44609375 0.5930232558139535 0.0421875 0.13953488372093023
0 0.8234375 0.5946843853820598 0.0390625 0.14285714285714285
0 0.26875 0.5863787375415282 0.021875 0.07641196013289037
0 0.20703125 0.5764119601328903 0.01875 0.0664451827242525
0 0.15234375 0.584717607973422 0.01875 0.08970099667774087
0 0.18046875 0.5813953488372093 0.028125 0.10631229235880399
0 0.13671875 0.579734219269103 0.015625 0.11295681063122924
0 0.1875 0.5730897009966778 0.009375 0.07308970099667775
0 0.496875 0.5996677740863787 0.040625 0.14285714285714285
2 0.83125 0.5963455149501661 0.08125 0.08637873754152824
2 0.14921875 0.5897009966777409 0.0375 0.06312292358803986
3 0.8203125 0.6611295681063123 0.04375 0.08305647840531562
3 0.4953125 0.6511627906976745 0.0453125 0.09302325581395349
3 0.75390625 0.6079734219269103 0.0328125 0.0664451827242525
0 0.753125 0.5681063122923588 0.0171875 0.05647840531561462
0 0.475 0.5730897009966778 0.0140625 0.06976744186046512
3 0.20625 0.5996677740863787 0.01875 0.053156146179401995
1 0.6890625 0.6295681063122923 0.065625 0.30564784053156147
