0 0.765625 0.4154488517745303 0.296875 0.5887265135699373
0 0.915625 0.6336116910229646 0.0265625 0.06889352818371608
0 0.0953125 0.6555323590814196 0.01875 0.05010438413361169
0 0.05546875 0.6617954070981211 0.01875 0.05010438413361169
0 0.2546875 0.6503131524008351 0.0171875 0.029227557411273485
0 0.4265625 0.6555323590814196 0.009375 0.022964509394572025
0 0.4671875 0.6711899791231732 0.009375 0.033402922755741124
5 0.2859375 0.6544885177453027 0.08125 0.04592901878914405
0 0.13359375 0.7025052192066806 0.025 0.033402922755741124
0 0.84453125 0.6346555323590815 0.0078125 0.016701461377870562
0 0.45703125 0.6409185803757829 0.0140625 0.020876826722338204
0 0.1578125 0.6576200417536534 0.0171875 0.05845511482254697
0 0.50078125 0.6743215031315241 0.0109375 0.027139874739039668
1 0.11484375 0.6649269311064718 0.0390625 0.054279749478079335
