0 0.38515625 0.7997658079625293 0.0359375 0.20843091334894615
0 0.5046875 0.788056206088993 0.046875 0.23653395784543327
0 0.2109375 0.832552693208431 0.0796875 0.33489461358313816
0 0.14375 0.84192037470726 0.090625 0.3161592505854801
0 0.0578125 0.8313817330210773 0.1140625 0.3372365339578454
0 0.96015625 0.8278688524590164 0.0796875 0.3442622950819672
0 0.8859375 0.7213114754098361 0.1015625 0.11943793911007025
0 0.56875 0.7587822014051522 0.0328125 0.17330210772833723
0 0.5953125 0.765807962529274 0.0375 0.17798594847775176
0 0.47265625 0.7482435597189696 0.0375 0.11943793911007025
0 0.42578125 0.7213114754098361 0.0125 0.06323185011709602
0 0.54052734375 0.7314841920374707 0.014556884765625 0.0705777956674473
0 0.6708984375 0.7069672131147541 0.04345703125 0.06344225702576112
0 0.436279296875 0.7252634660421545 0.022247314453125 0.07391686182669789
0 0.0704345703125 0.6959894613583139 0.03955078125 0.10401419789227166
0 0.66162109375 0.7699063231850117 0.047332763671875 0.17930327868852458
0 0.453369140625 0.7230679156908665 0.011871337890625 0.05895967505854801
