0 0.7470588235294118 0.521875 0.1976470588235294 0.4375
0 0.7411764705882353 0.27265625 0.07294117647058823 0.078125
0 0.26588235294117646 0.4578125 0.31529411764705884 0.359375
0 0.4235294117647059 0.346875 0.2164705882352941 0.171875
0 0.3411764705882353 0.29375 0.11764705882352941 0.1234375
0 0.5517647058823529 0.3328125 0.12 0.1203125
0 0.6529411764705882 0.365625 0.14823529411764705 0.1828125
0 0.5 0.2484375 0.11058823529411765 0.134375
0 0.4623529411764706 0.2921875 0.0988235294117647 0.075
0 0.15411764705882353 0.23359375 0.047058823529411764 0.071875
3 0.9070588235294118 0.3734375 0.18588235294117647 0.1796875
0 0.9411764705882353 0.3078125 0.11764705882352941 0.0859375
0 0.6952941176470588 0.30546875 0.06823529411764706 0.08125
