2 0.785 0.3484848484848485 0.426 0.25252525252525254
3 0.793 0.47878787878787876 0.35 0.22424242424242424
0 0.046 0.31717171717171716 0.036 0.10505050505050505
0 0.144 0.3 0.024 0.07676767676767676
0 0.813 0.4292929292929293 0.168 0.40404040404040403
0 0.161 0.31212121212121213 0.038 0.11313131313131314
0 0.086 0.3111111111111111 0.044 0.10505050505050505
0 0.22 0.3212121212121212 0.046 0.10101010101010101
0 0.124 0.3181818181818182 0.04 0.10101010101010101
0 0.191 0.3202020202020202 0.024 0.08888888888888889
0 0.07 0.3090909090909091 0.022 0.08282828282828283
2 0.473 0.2878787878787879 0.082 0.028282828282828285
2 0.425 0.28888888888888886 0.024 0.030303030303030304
2 0.412 0.28585858585858587 0.034 0.024242424242424242
0 0.105 0.28484848484848485 0.014 0.048484848484848485
5 0.798 0.24545454545454545 0.38 0.06868686868686869
2 0.714 0.30707070707070705 0.128 0.05656565656565657
2 0.63 0.30404040404040406 0.104 0.05454545454545454
2 0.386 0.2818181818181818 0.02 0.01616161616161616
2 0.397 0.28383838383838383 0.02 0.020202020202020204
2 0.302 0.2919191919191919 0.032 0.028282828282828285
2 0.321 0.28383838383838383 0.012 0.010101010101010102
1 0.506 0.3373737373737374 0.166 0.22424242424242424
