4 0.512 0.5411140583554377 0.2 0.10079575596816977
0 0.307 0.636604774535809 0.042 0.03713527851458886
0 0.618 0.7029177718832891 0.062 0.058355437665782495
0 0.817 0.7082228116710876 0.062 0.07427055702917772
2 0.505 0.7997347480106101 0.382 0.3819628647214854
2 0.852 0.73342175066313 0.296 0.23607427055702918
2 0.319 0.7055702917771883 0.182 0.22015915119363394
2 0.662 0.6763925729442971 0.146 0.14854111405835543
2 0.276 0.6273209549071618 0.14 0.1883289124668435
2 0.171 0.6153846153846154 0.034 0.08488063660477453
2 0.145 0.5848806366047745 0.052 0.0610079575596817
2 0.111 0.5782493368700266 0.064 0.05570291777188329
2 0.512 0.603448275862069 0.126 0.03713527851458886
2 0.053 0.5981432360742706 0.048 0.08222811671087533
2 0.202 0.6326259946949602 0.032 0.1273209549071618
4 0.425 0.5119363395225465 0.132 0.14323607427055704
5 0.803 0.4217506631299735 0.392 0.40583554376657827
2 0.236 0.5212201591511937 0.032 0.026525198938992044
5 0.776 0.8660477453580901 0.448 0.26790450928381965
2 0.032 0.6273209549071618 0.062 0.1273209549071618
2 0.253 0.5291777188328912 0.414 0.2625994694960212
1 0.022 0.6392572944297082 0.042 0.15649867374005305
