2 0.63828125 0.43309859154929575 0.0859375 0.06572769953051644
2 0.58671875 0.4284037558685446 0.046875 0.06338028169014084
0 0.1046875 0.4096244131455399 0.0203125 0.11502347417840375
0 0.12421875 0.4107981220657277 0.0234375 0.107981220657277
1 0.1859375 0.40751173708920185 0.023953125 0.07776995305164319
2 0.6890625 0.4119718309859155 0.0765625 0.051643192488262914
0 0.51328125 0.4096244131455399 0.015625 0.07511737089201878
2 0.9578125 0.44014084507042256 0.028125 0.035211267605633804
1 0.83125 0.48826291079812206 0.121875 0.34507042253521125
1 0.44375 0.4354460093896714 0.040625 0.16901408450704225
1 0.27265625 0.42370892018779344 0.025 0.11737089201877934
1 0.2875 0.42370892018779344 0.0234375 0.107981220657277
1 0.34778125000000004 0.41436619718309864 0.030984374999999998 0.12274647887323943
2 0.403765625 0.42443661971830987 0.01340625 0.053497652582159626
