0 0.615625 0.45433255269320844 0.459375 0.7423887587822015
0 0.0625 0.38173302107728335 0.1046875 0.22716627634660422
0 0.18984375 0.34660421545667447 0.034375 0.11943793911007025
0 0.11875 0.3524590163934426 0.1015625 0.2505854800936768
0 0.73671875 0.2189695550351288 0.0171875 0.07728337236533958
0 0.8640625 0.21311475409836064 0.01875 0.04918032786885246
0 0.13984375 0.3524590163934426 0.08125 0.20608899297423888
0 0.2984375 0.3231850117096019 0.0234375 0.06557377049180328
0 0.2640625 0.35011709601873536 0.0140625 0.03044496487119438
0 0.78671875 0.22716627634660422 0.0140625 0.02107728337236534
0 0.7703125 0.2259953161592506 0.0140625 0.02107728337236534
