0 0.49453125 0.45081967213114754 0.24375 0.27634660421545665
1 0.87421875 0.24941451990632318 0.15 0.3864168618266979
0 0.54375 0.24941451990632318 0.125 0.3372365339578454
0 0.37578125 0.15105386416861827 0.1359375 0.2997658079625293
0 0.1265625 0.22833723653395785 0.0953125 0.45433255269320844
0 0.45234375 0.11475409836065574 0.0578125 0.22950819672131148
0 0.2328125 0.09016393442622951 0.0703125 0.17798594847775176
0 0.171875 0.30028103044496485 0.0703125 0.31747072599531617
0 0.4375 0.2775175644028103 0.1328125 0.2927400468384075
0 0.32265625 0.09484777517564402 0.0578125 0.18969555035128804
0 0.01953125 0.06323185011709602 0.0390625 0.12646370023419204
0 0.2765625 0.09133489461358314 0.0515625 0.18266978922716628
0 0.34921875 0.09601873536299765 0.059375 0.1920374707259953
1 0.71171875 0.20374707259953162 0.225 0.405152224824356
