2 0.8458333333333333 0.43984375 0.11666666666666667 0.04375
0 0.34270833333333334 0.74375 0.25416666666666665 0.5109375
2 0.12083333333333333 0.4296875 0.025 0.0140625
1 0.5614583333333333 0.44609375 0.04791666666666667 0.10625
1 0.5260416666666666 0.434375 0.035416666666666666 0.0546875
1 0.3229166666666667 0.4359375 0.022916666666666665 0.0546875
1 0.371875 0.43515625 0.01875 0.040625
1 0.75 0.4515625 0.09166666666666666 0.1765625
1 0.415625 0.4328125 0.01875 0.04375
1 0.2791666666666667 0.43359375 0.010416666666666666 0.025
1 0.9726666666666667 0.46078125 0.0546875 0.17296875
1 0.35208333333333336 0.43089062499999997 0.025 0.025734374999999997
1 0.4439375 0.43342187499999996 0.015020833333333334 0.060750000000000005
1 0.4624375 0.43748437500000004 0.025812500000000002 0.06259375
