0 0.70625 0.7191011235955056 0.046875 0.11910112359550562
0 0.73359375 0.7179775280898877 0.028125 0.1146067415730337
0 0.79453125 0.7404494382022472 0.0359375 0.1303370786516854
0 0.834375 0.6786516853932584 0.03125 0.12808988764044943
0 0.74453125 0.802247191011236 0.0578125 0.1146067415730337
0 0.8796875 0.6797752808988764 0.04375 0.16179775280898875
0 0.9 0.6820224719101123 0.0234375 0.14157303370786517
0 0.271875 0.8561797752808988 0.034375 0.13258426966292136
0 0.8453125 0.5955056179775281 0.0125 0.038202247191011236
0 0.7921875 0.5842696629213483 0.0125 0.020224719101123594
0 0.41953125 0.8415730337078652 0.0328125 0.13707865168539327
0 0.09765625 0.9202247191011236 0.0359375 0.07191011235955057
0 0.6875 0.749438202247191 0.01875 0.0651685393258427
