0 0.384375 0.18266978922716628 0.4 0.36065573770491804
0 0.7859375 0.20843091334894615 0.015625 0.09836065573770492
0 0.6828125 0.202576112412178 0.0265625 0.11943793911007025
0 0.64375 0.22833723653395785 0.0328125 0.04918032786885246
0 0.57890625 0.2306791569086651 0.025 0.0468384074941452
0 0.54296875 0.2306791569086651 0.021875 0.04918032786885246
0 0.86015625 0.23302107728337237 0.028125 0.11475409836065574
0 0.45390625 0.234192037470726 0.0234375 0.0468384074941452
0 0.83125 0.19437939110070257 0.0046875 0.01639344262295082
0 0.5234375 0.23185011709601874 0.01875 0.05152224824355972
0 0.41796875 0.24707259953161592 0.01875 0.04215456674473068
0 0.94375 0.24707259953161592 0.00625 0.02107728337236534
1 0.80703125 0.24121779859484777 0.0703125 0.14988290398126464
