0 0.25104166666666666 0.48359375 0.029166666666666667 0.0828125
0 0.828125 0.5203125 0.12916666666666668 0.2
0 0.35833333333333334 0.4921875 0.05 0.028125
0 0.38645833333333335 0.478125 0.027083333333333334 0.040625
0 0.45625 0.48359375 0.04791666666666667 0.1140625
0 0.6666666666666666 0.484375 0.03125 0.084375
0 0.8739583333333333 0.4890625 0.025 0.08125
0 0.746875 0.521875 0.08958333333333333 0.0921875
0 0.6927083333333334 0.525 0.08541666666666667 0.08125
0 0.35208333333333336 0.46484375 0.016666666666666666 0.040625
0 0.5604166666666667 0.4953125 0.04791666666666667 0.10625
0 0.28854166666666664 0.4953125 0.022916666666666665 0.04375
0 0.75625 0.47265625 0.020833333333333332 0.0328125
