2 0.5916666666666667 0.3422222222222222 0.20333333333333334 0.08
2 0.4241666666666667 0.3277777777777778 0.07833333333333334 0.08666666666666667
0 0.3908333333333333 0.43666666666666665 0.07833333333333334 0.2688888888888889
0 0.5766666666666667 0.4266666666666667 0.055 0.18
0 0.24 0.4211111111111111 0.07333333333333333 0.29333333333333333
0 0.6508333333333334 0.37666666666666665 0.058333333333333334 0.14222222222222222
0 0.7725 0.6766666666666666 0.14166666666666666 0.6466666666666666
0 0.5216666666666666 0.37 0.06 0.09111111111111111
0 0.7425 0.6277777777777778 0.10333333333333333 0.5311111111111111
0 0.44333333333333336 0.3844444444444444 0.03833333333333333 0.14
5 0.24333333333333335 0.2733333333333333 0.11833333333333333 0.12444444444444444
0 0.285 0.4177777777777778 0.05333333333333334 0.18666666666666668
0 0.02666666666666667 0.45555555555555555 0.05333333333333334 0.44
