0 0.1921875 0.5914149443561209 0.1625 0.4435612082670906
1 0.63828125 0.6088712241653419 0.2 0.4943879173290938
0 0.771875 0.49523052464228934 0.15625 0.34022257551669316
0 0.2921875 0.4626391096979332 0.128125 0.2559618441971383
0 0.03046875 0.45707472178060415 0.0609375 0.2543720190779014
0 0.39375 0.4809220985691574 0.0921875 0.22257551669316375
0 0.95859375 0.5651828298887123 0.08125 0.4260731319554849
0 0.55 0.665341812400636 0.2640625 0.32591414944356123
0 0.52734375 0.4737678855325914 0.0703125 0.2082670906200318
0 0.9234375 0.514308426073132 0.0984375 0.3656597774244833
0 0.8609375 0.44753577106518283 0.08125 0.2527821939586645
0 0.434375 0.4626391096979332 0.0390625 0.14149443561208266
0 0.46015625 0.4713831478537361 0.0359375 0.07472178060413355
2 0.11796875 0.4666136724960254 0.1109375 0.13354531001589826
2 0.05546875 0.45707472178060415 0.06875 0.11605723370429252
2 0.72109375 0.4395866454689984 0.05625 0.12082670906200318
