0 0.68515625 0.5224867724867724 0.1171875 0.21693121693121692
0 0.215625 0.548941798941799 0.2546875 0.544973544973545
0 0.61171875 0.4126984126984127 0.0765625 0.42592592592592593
0 0.9203125 0.4193121693121693 0.1578125 0.8359788359788359
0 0.4046875 0.5462962962962963 0.1875 0.23809523809523808
0 0.74765625 0.5171957671957672 0.1234375 0.25925925925925924
0 0.8328125 0.4126984126984127 0.0625 0.2751322751322751
1 0.044375 0.507910052910053 0.08875 0.4761640211640212
0 0.47734375 0.6468253968253969 0.209375 0.17989417989417988
0 0.8453125 0.5687830687830688 0.1140625 0.4074074074074074
