4 0.21796875 0.759375 0.4328125 0.46041666666666664
4 0.38828125 0.5104166666666666 0.0234375 0.05
4 0.4640625 0.5052083333333334 0.0609375 0.03333333333333333
0 0.50859375 0.5322916666666667 0.0078125 0.027083333333333334
0 0.6984375 0.51875 0.00625 0.008333333333333333
2 0.58671875 0.5239583333333333 0.04375 0.022916666666666665
2 0.63046875 0.5208333333333334 0.01875 0.025
3 0.7015625 0.5302083333333333 0.0203125 0.020833333333333332
0 0.49453125 0.5364583333333334 0.0046875 0.014583333333333334
0 0.46640625 0.5364583333333334 0.0109375 0.027083333333333334
0 0.5078125 0.5104166666666666 0.0046875 0.016666666666666666
0 0.31875 0.5291666666666667 0.0078125 0.014583333333333334
0 0.509375 0.49166666666666664 0.00625 0.025
0 0.53203125 0.528125 0.00625 0.025
0 0.5125 0.5208333333333334 0.00625 0.020833333333333332
2 0.6875 0.5125 0.040625 0.029166666666666667
0 0.55859375 0.521875 0.009375 0.016666666666666666
3 0.55625 0.5291666666666667 0.0203125 0.016666666666666666
1 0.47890625 0.6052083333333333 0.0328125 0.06041666666666667
