0 0.7296875 0.4940677966101695 0.5375 0.9864406779661017
0 0.02109375 0.18220338983050846 0.0421875 0.12203389830508475
0 0.1 0.1923728813559322 0.0375 0.10677966101694915
0 0.2328125 0.17966101694915254 0.0375 0.08813559322033898
1 0.46484375 0.2033898305084746 0.0625 0.10508474576271186
0 0.41953125 0.1923728813559322 0.0421875 0.1271186440677966
0 0.046875 0.16864406779661018 0.0203125 0.06779661016949153
0 0.87734375 0.27372881355932205 0.0828125 0.18135593220338983
0 0.1375 0.17711864406779662 0.0234375 0.07457627118644068
0 0.96875 0.18220338983050846 0.021875 0.030508474576271188
0 0.0828125 0.17457627118644067 0.01875 0.0576271186440678
0 0.30703125 0.1652542372881356 0.0140625 0.04406779661016949
0 0.99296875 0.18389830508474575 0.0140625 0.0288135593220339
