2 0.8007334963325183 0.382 0.14425427872860636 0.04
0 0.46577017114914426 0.431 0.05867970660146699 0.22
5 0.02567237163814181 0.364 0.05134474327628362 0.034
0 0.30317848410757947 0.34 0.07334963325183375 0.064
2 0.2396088019559902 0.366 0.06845965770171149 0.032
1 0.2823960880195599 0.471 0.254278728606357 0.274
1 0.2885085574572127 0.438 0.16625916870415647 0.206
1 0.1552567237163814 0.384 0.1271393643031785 0.146
1 0.0647921760391198 0.364 0.07334963325183375 0.12
1 0.8814180929095354 0.489 0.23471882640586797 0.342
1 0.8092909535452323 0.424 0.16136919315403422 0.186
1 0.4902200488997555 0.53274 0.7799511002444988 0.8113400000000001
