0 0.234375 0.6381733021077284 0.228125 0.6370023419203747
0 0.775 0.3864168618266979 0.0578125 0.1592505854800937
0 0.86953125 0.43208430913348944 0.0390625 0.20140515222482436
0 0.38046875 0.4953161592505855 0.0734375 0.3114754098360656
0 0.31328125 0.45550351288056207 0.0625 0.1990632318501171
0 0.6421875 0.41217798594847777 0.0296875 0.13817330210772832
0 0.28125 0.4426229508196721 0.025 0.1358313817330211
0 0.84375 0.34894613583138173 0.0109375 0.02810304449648712
1 0.64453125 0.629976580796253 0.503125 0.7400468384074942
1 0.5046875 0.6264637002341921 0.2375 0.5409836065573771
1 0.915625 0.4133489461358314 0.05 0.14285714285714285
1 0.052734375 0.6715925058548009 0.10546875 0.6170023419203746
1 0.09345918543198528 0.5611191710290674 0.1795654296875 0.4775214389034302
0 0.6337890625 0.41605679156908665 0.0248870849609375 0.12752488290398126
1 0.0521240234375 0.5397394613583139 0.09466552734375 0.41971604215456676
0 0.853515625 0.3492754683840749 0.0139007568359375 0.030600483021077284
0 0.81201171875 0.3584235948477752 0.01433563232421875 0.028061877927400468
1 0.96044921875 0.48924180327868855 0.07330322265625 0.33829771662763464
0 0.1121826171875 0.37983021077283374 0.0206451416015625 0.04885099531615925
0 0.8271484375 0.4383782201405152 0.040252685546875 0.2111387587822014
0 0.935546875 0.3467139929742389 0.015899658203125 0.033779456967213115
0 0.7802734375 0.3595213700234192 0.01229095458984375 0.026346604215456676
0 0.7890625 0.35659396955503514 0.0163421630859375 0.03839926083138173
0 0.425048828125 0.37324355971896955 0.02337646484375 0.04393387734192038
0 0.50830078125 0.4325234192037471 0.029815673828125 0.14371706674473067
0 0.47314453125 0.4328893442622951 0.03326416015625 0.1520418618266979
0 0.6005859375 0.3794642857142857 0.0250396728515625 0.06833650468384075
0 0.6591796875 0.41239754098360654 0.0254669189453125 0.12441451990632318
0 0.79931640625 0.431425644028103 0.0345458984375 0.20436914519906324
0 0.4404296875 0.4449648711943794 0.030914306640625 0.1673192330210773
0 0.90283203125 0.3664739461358314 0.0240936279296875 0.04821062646370024
0 0.52490234375 0.4189841920374707 0.0263519287109375 0.12349970725995316
0 0.0592041015625 0.3787324355971897 0.01560211181640625 0.025934938524590164
0 0.1246337890625 0.43618266978922715 0.04345703125 0.12349970725995316
0 0.25390625 0.4475263466042155 0.040679931640625 0.17683328454332553
0 0.68798828125 0.5016832552693209 0.07421875 0.3549473067915691
0 0.9228515625 0.3554961943793911 0.01837158203125 0.031012148711943795
0 0.239501953125 0.3951990632318501 0.021087646484375 0.06682706381733021
0 0.093017578125 0.42666861826697894 0.040008544921875 0.14728483606557377
0 0.34716796875 0.4233752927400468 0.0343017578125 0.16155591334894615
0 0.89013671875 0.35000731850117095 0.0144500732421875 0.036958430913348946
0 0.2137451171875 0.4028834894613583 0.02606201171875 0.06824502341920374
0 0.01483917236328125 0.4017857142857143 0.0287017822265625 0.07972592213114754
0 0.68017578125 0.4248389929742389 0.03155517578125 0.11554083723653395
0 0.33740234375 0.36427839578454335 0.0119171142578125 0.034694269613583135
0 0.533203125 0.39190573770491804 0.0189056396484375 0.06847372658079626
0 0.1439208984375 0.40105386416861827 0.0261077880859375 0.07135538641686183
0 0.98974609375 0.37360948477751754 0.020172119140625 0.07757611241217799
