3 0.50859375 0.7302083333333333 0.034375 0.06666666666666667
3 0.34765625 0.703125 0.0578125 0.08333333333333333
3 0.06171875 0.775 0.121875 0.18958333333333333
3 0.45 0.7010416666666667 0.053125 0.1
3 0.64375 0.84375 0.2375 0.15
3 0.853125 0.8916666666666667 0.290625 0.2125
3 0.790625 0.7958333333333333 0.10625 0.1
3 0.96015625 0.7541666666666667 0.0796875 0.12708333333333333
0 0.31015625 0.7229166666666667 0.0984375 0.17708333333333334
0 0.0890625 0.721875 0.0453125 0.17291666666666666
0 0.05546875 0.7333333333333333 0.0515625 0.19583333333333333
0 0.3484375 0.6427083333333333 0.028125 0.04583333333333333
0 0.45234375 0.6677083333333333 0.0375 0.11458333333333333
0 0.64765625 0.8447916666666667 0.1765625 0.2833333333333333
0 0.65078125 0.671875 0.0328125 0.10208333333333333
0 0.69140625 0.7614583333333333 0.05625 0.19583333333333333
0 0.590625 0.7072916666666667 0.040625 0.17708333333333334
0 0.5578125 0.6510416666666666 0.0328125 0.08125
0 0.5109375 0.6854166666666667 0.05 0.13541666666666666
2 0.5890625 0.61875 0.04375 0.04791666666666667
3 0.77265625 0.865625 0.1765625 0.125
3 0.94375 0.93125 0.1125 0.1375
3 0.29921875 0.7885416666666667 0.1203125 0.1625
3 0.56015625 0.6895833333333333 0.0265625 0.05625
0 0.4703125 0.6375 0.025 0.06666666666666667
2 0.6359375 0.6083333333333333 0.01875 0.03125
3 0.621875 0.65625 0.0203125 0.041666666666666664
1 0.1796875 0.690625 0.0640625 0.21875
