0 0.8609375 0.572599531615925 0.090625 0.3395784543325527
0 0.66484375 0.5819672131147541 0.1125 0.3957845433255269
0 0.15703125 0.572599531615925 0.0703125 0.2529274004683841
0 0.20078125 0.5562060889929742 0.03125 0.24824355971896955
0 0.08984375 0.5702576112412178 0.0671875 0.2810304449648712
0 0.0296875 0.5913348946135831 0.0578125 0.3840749414519906
0 0.30859375 0.5714285714285714 0.096875 0.41920374707259955
0 0.95703125 0.5409836065573771 0.0359375 0.14754098360655737
0 0.76484375 0.5714285714285714 0.06875 0.36533957845433257
0 0.72109375 0.5456674473067916 0.025 0.1686182669789227
0 0.2328125 0.5620608899297423 0.053125 0.2529274004683841
0 0.7390625 0.5210772833723654 0.0140625 0.07259953161592506
0 0.98359375 0.5234192037470726 0.0328125 0.16159250585480095
