0 0.634375 0.5978260869565217 0.1421875 0.45893719806763283
0 0.9671875 0.5664251207729468 0.0640625 0.18840579710144928
0 0.80859375 0.535024154589372 0.0578125 0.30434782608695654
0 0.12734375 0.6896135265700483 0.11875 0.538647342995169
0 0.30546875 0.4806763285024155 0.10625 0.4420289855072464
0 0.203125 0.643719806763285 0.09375 0.538647342995169
0 0.75078125 0.4384057971014493 0.0359375 0.14251207729468598
0 0.32265625 0.9311594202898551 0.134375 0.13768115942028986
0 0.87109375 0.5809178743961353 0.0734375 0.16183574879227053
0 0.0265625 0.677536231884058 0.053125 0.6159420289855072
0 0.08046875 0.9239130434782609 0.1265625 0.15217391304347827
0 0.72265625 0.44806763285024154 0.0328125 0.15217391304347827
0 0.90859375 0.6014492753623188 0.071875 0.11594202898550725
