0 0.25234375 0.6475409836065574 0.1859375 0.4168618266978923
0 0.246875 0.30210772833723654 0.1109375 0.39344262295081966
0 0.275 0.2681498829039813 0.071875 0.26697892271662765
0 0.4484375 0.22716627634660422 0.0640625 0.1756440281030445
0 0.5234375 0.25175644028103045 0.084375 0.24824355971896955
0 0.55703125 0.27634660421545665 0.1078125 0.25995316159250587
0 0.6171875 0.28688524590163933 0.0390625 0.23653395784543327
0 0.11875 0.2775175644028103 0.15625 0.26229508196721313
0 0.3421875 0.3044496487119438 0.0734375 0.17798594847775176
0 0.06015625 0.18032786885245902 0.0609375 0.22014051522248243
0 0.3203125 0.16978922716627634 0.0296875 0.117096018735363
0 0.10234375 0.1288056206088993 0.04375 0.08899297423887588
2 0.48515625 0.12177985948477751 0.059375 0.0351288056206089
2 0.684375 0.12177985948477751 0.021875 0.02576112412177986
2 0.64140625 0.12997658079625293 0.0125 0.02107728337236534
0 0.679109375 0.26899297423887586 0.023671875000000002 0.12473067915690866
0 0.9785937499999999 0.2761826697892272 0.03990625 0.11976580796252928
0 0.934921875 0.16723653395784543 0.024234375 0.050702576112412176
0 0.96640625 0.17168618266978924 0.022875 0.045807962529274
0 0.9878281250000001 0.1786651053864169 0.017921875 0.032201405152224825
0 0.8988437499999999 0.18070257611241217 0.020109375 0.019789227166276346
0 0.8362343750000001 0.17845433255269322 0.008875 0.015269320843091334
0 0.8136875 0.18163934426229508 0.01525 0.024379391100702575
0 0.787 0.18601873536299768 0.031734374999999995 0.06620608899297424
0 0.768453125 0.2581264637002342 0.025875 0.07543325526932085
0 0.653578125 0.20131147540983604 0.025890625 0.11058548009367682
0 0.5924375000000001 0.13088992974238875 0.017609375 0.033067915690866506
0 0.575046875 0.13065573770491803 0.014046875 0.029882903981264638
0 0.340796875 0.12442622950819673 0.018 0.058735362997658074
0 0.02325 0.1637704918032787 0.042828125 0.1511943793911007
0 0.14320312500000001 0.16194379391100705 0.0290625 0.10070257611241218
0 0.17603125 0.12859484777517563 0.02853125 0.06430913348946136
