0 0.4890625 0.7262773722627737 0.0546875 0.26277372262773724
0 0.9203125 0.7360097323600974 0.04375 0.2384428223844282
0 0.88828125 0.7262773722627737 0.05 0.1873479318734793
0 0.36171875 0.6763990267639902 0.0296875 0.11678832116788321
0 0.378125 0.6776155717761557 0.0171875 0.10948905109489052
0 0.40859375 0.681265206812652 0.021875 0.1070559610705596
0 0.54921875 0.6581508515815085 0.0109375 0.07542579075425791
0 0.43046875 0.681265206812652 0.0203125 0.11678832116788321
0 0.53359375 0.6581508515815085 0.01875 0.0827250608272506
0 0.3125 0.6459854014598541 0.0125 0.0681265206812652
0 0.42109375 0.6411192214111923 0.0125 0.043795620437956206
0 0.81171875 0.6545012165450121 0.009375 0.0851581508515815
0 0.56640625 0.6593673965936739 0.0171875 0.072992700729927
0 0.1609375 0.648418491484185 0.059375 0.10462287104622871
