2 0.7625 0.796875 0.2546875 0.24375
2 0.89296875 0.703125 0.065625 0.05416666666666667
2 0.97578125 0.6833333333333333 0.0421875 0.05625
0 0.22109375 0.7635416666666667 0.040625 0.125
0 0.6078125 0.70625 0.0171875 0.0375
0 0.08671875 0.728125 0.0109375 0.016666666666666666
0 0.07265625 0.7625 0.0265625 0.09583333333333334
0 0.3046875 0.7458333333333333 0.0125 0.06041666666666667
0 0.32109375 0.7354166666666667 0.009375 0.04375
0 0.63046875 0.7072916666666667 0.0078125 0.03958333333333333
0 0.0203125 0.7697916666666667 0.0203125 0.08958333333333333
0 0.5 0.7104166666666667 0.0109375 0.029166666666666667
0 0.68984375 0.6979166666666666 0.0109375 0.03125
2 0.5359375 0.7302083333333333 0.09375 0.0625
2 0.709375 0.7041666666666667 0.0453125 0.04583333333333333
2 0.9484375 0.6802083333333333 0.0171875 0.029166666666666667
2 0.84609375 0.68125 0.0296875 0.022916666666666665
0 0.0984375 0.7635416666666667 0.0171875 0.0875
0 0.65859375 0.709375 0.009375 0.03333333333333333
0 0.7359375 0.73125 0.0515625 0.04375
