2 0.81953125 0.4823943661971831 0.1 0.08685446009389672
2 0.85703125 0.45305164319248825 0.0421875 0.10093896713615023
5 0.81328125 0.4131455399061033 0.1296875 0.14084507042253522
0 0.140625 0.49765258215962443 0.1453125 0.5774647887323944
0 0.3453125 0.5046948356807511 0.0546875 0.2112676056338028
0 0.05625 0.4835680751173709 0.059375 0.1596244131455399
0 0.378125 0.460093896713615 0.0234375 0.046948356807511735
0 0.70546875 0.6666666666666666 0.0703125 0.3028169014084507
0 0.753125 0.426056338028169 0.0328125 0.19953051643192488
0 0.3296875 0.43309859154929575 0.0125 0.018779342723004695
