5 0.86328125 0.28805620608899296 0.2734375 0.23185011709601874
0 0.30859375 0.5199063231850117 0.4890625 0.8079625292740047
0 0.63515625 0.32201405152224827 0.0375 0.1405152224824356
0 0.68203125 0.31381733021077285 0.0390625 0.08899297423887588
0 0.721875 0.31381733021077285 0.028125 0.08899297423887588
0 0.75078125 0.28805620608899296 0.0203125 0.053864168618266976
0 0.83046875 0.4028103044496487 0.0578125 0.23653395784543327
0 0.86796875 0.3548009367681499 0.04375 0.16627634660421545
0 0.97109375 0.3548009367681499 0.05625 0.1522248243559719
0 0.98828125 0.3442622950819672 0.0234375 0.14285714285714285
0 0.009375 0.36533957845433257 0.0171875 0.1686182669789227
