1 0.3171875 0.7145833333333333 0.2140625 0.5708333333333333
1 0.18640625 0.5014583333333333 0.069375 0.26331249999999995
1 0.4140625 0.46520833333333333 0.0453125 0.1554166666666667
1 0.6107812499999999 0.599125 0.1484375 0.4211458333333333
0 0.921875 0.8364583333333333 0.15625 0.325
1 0.03828125 0.440625 0.0765625 0.14375
1 0.3103125 0.48935416666666665 0.09718749999999998 0.24537499999999995
1 0.1528125 0.44854166666666667 0.04437500000000001 0.15747916666666673
1 0.7828125 0.4953958333333333 0.071875 0.18456249999999993
1 0.1184375 0.3927083333333333 0.015625 0.06458333333333334
1 0.696875 0.6770833333333334 0.28125 0.6458333333333334
1 0.54296875 0.5291666666666667 0.0890625 0.2875
1 0.9042187500000001 0.70125 0.18999999999999986 0.5974999999999999
2 0.5296875 0.4322916666666667 0.0484375 0.06666666666666667
1 0.88984375 0.607125 0.2203125 0.43243750000000003
1 0.47296875 0.43254166666666666 0.05093750000000004 0.12324999999999993
1 0.8596875 0.45837500000000003 0.06312500000000014 0.12160416666666668
1 0.23275 0.462625 0.033906249999999985 0.18514583333333334
