2 0.44453125 0.16588235294117648 0.159375 0.1952941176470588
0 0.72109375 0.29411764705882354 0.153125 0.5882352941176471
2 0.89453125 0.1564705882352941 0.1890625 0.3129411764705882
0 0.153125 0.14941176470588236 0.0421875 0.1952941176470588
0 0.7984375 0.2847058823529412 0.0953125 0.5694117647058824
2 0.04375 0.1011764705882353 0.0625 0.08235294117647059
2 0.33828125 0.09529411764705882 0.0734375 0.08705882352941176
5 0.59921875 0.14705882352941177 0.1796875 0.28
4 0.19375 0.12352941176470589 0.2171875 0.24705882352941178
1 0.71953125 0.33294117647058824 0.15625 0.6658823529411765
1 0.15859375 0.1588235294117647 0.053125 0.21411764705882352
1 0.7953125 0.30823529411764705 0.1015625 0.6164705882352941
