0 0.43 0.30491329479768786 0.286 0.3786127167630058
0 0.646 0.22976878612716764 0.15 0.34104046242774566
0 0.915 0.06502890173410404 0.07 0.13005780346820808
0 0.828 0.0838150289017341 0.082 0.15028901734104047
0 0.19 0.0968208092485549 0.074 0.1936416184971098
0 0.338 0.0968208092485549 0.082 0.11560693641618497
0 0.108 0.09971098265895954 0.086 0.1994219653179191
0 0.737 0.08526011560693642 0.056 0.17052023121387283
0 0.513 0.06936416184971098 0.068 0.13872832369942195
0 0.678 0.05346820809248555 0.074 0.1069364161849711
0 0.401 0.07658959537572255 0.056 0.15028901734104047
0 0.487 0.1430635838150289 0.092 0.18497109826589594
0 0.579 0.08815028901734104 0.05 0.17630057803468208
