4 0.47109375 0.6826697892271663 0.0796875 0.08430913348946135
0 0.1546875 0.7177985948477752 0.0203125 0.04449648711943794
2 0.3390625 0.7400468384074942 0.146875 0.10070257611241218
2 0.82734375 0.8466042154566745 0.20625 0.2505854800936768
2 0.67734375 0.7892271662763466 0.0453125 0.10304449648711944
2 0.66875 0.7810304449648712 0.053125 0.09133489461358314
0 0.88984375 0.7201405152224825 0.0234375 0.0351288056206089
0 0.8453125 0.7224824355971897 0.025 0.02810304449648712
0 0.82890625 0.7213114754098361 0.0140625 0.0234192037470726
0 0.08984375 0.7014051522248244 0.015625 0.03044496487119438
0 0.73359375 0.7107728337236534 0.0140625 0.02107728337236534
0 0.10625 0.7072599531615925 0.0125 0.03044496487119438
0 0.91953125 0.7236533957845434 0.01875 0.05152224824355972
0 0.9109375 0.7435597189695551 0.021875 0.06088992974238876
0 0.796875 0.7177985948477752 0.0234375 0.03278688524590164
2 0.71953125 0.7915690866510539 0.0890625 0.1451990632318501
2 0.59453125 0.7142857142857143 0.0359375 0.05620608899297424
2 0.54921875 0.7295081967213115 0.06875 0.06323185011709602
2 0.08984375 0.747072599531616 0.0734375 0.06323185011709602
2 0.6609375 0.7552693208430913 0.075 0.10304449648711944
2 0.6375 0.7236533957845434 0.0234375 0.03747072599531616
2 0.26875 0.7096018735362998 0.0296875 0.03044496487119438
2 0.02734375 0.7447306791569087 0.0546875 0.09836065573770492
2 0.1953125 0.7271662763466042 0.0453125 0.04918032786885246
4 0.5328125 0.6733021077283372 0.040625 0.05620608899297424
1 0.50390625 0.8231850117096019 0.059375 0.2388758782201405
