0 0.8828125 0.660377358490566 0.1390625 0.6650943396226415
1 0.2859375 0.6643160377358491 0.1921875 0.6533018867924528
0 0.08671875 0.6450471698113207 0.165625 0.6792452830188679
0 0.425 0.7877358490566038 0.1375 0.41509433962264153
0 0.47578125 0.5566037735849056 0.20625 0.30660377358490565
0 0.696875 0.7441037735849056 0.28125 0.49292452830188677
0 0.77734375 0.49174528301886794 0.1015625 0.25471698113207547
0 0.82265625 0.38443396226415094 0.06875 0.18632075471698112
0 0.52265625 0.6332547169811321 0.1234375 0.5495283018867925
2 0.98203125 0.6886792452830188 0.034375 0.10613207547169812
