0 0.46328125 0.6354166666666666 0.2765625 0.5
0 0.19140625 0.6927083333333334 0.04375 0.1625
0 0.675 0.6802083333333333 0.0796875 0.27708333333333335
0 0.5859375 0.6822916666666666 0.0625 0.22291666666666668
0 0.1546875 0.6979166666666666 0.040625 0.15416666666666667
0 0.1328125 0.6979166666666666 0.0234375 0.05625
0 0.08203125 0.6916666666666667 0.053125 0.19375
0 0.76796875 0.7208333333333333 0.0421875 0.1125
0 0.3546875 0.7072916666666667 0.028125 0.05625
0 0.7765625 0.6708333333333333 0.025 0.07916666666666666
0 0.92890625 0.73125 0.0328125 0.058333333333333334
0 0.52265625 0.6864583333333333 0.0328125 0.07708333333333334
1 0.88671875 0.7145833333333333 0.059375 0.09791666666666667
