0 0.93359375 0.5667447306791569 0.0859375 0.36768149882903983
0 0.84375 0.5538641686182669 0.084375 0.41217798594847777
0 0.72109375 0.31030444964871196 0.0453125 0.17330210772833723
1 0.36328125 0.43208430913348944 0.065625 0.20140515222482436
0 0.6421875 0.3442622950819672 0.0390625 0.1873536299765808
0 0.77265625 0.30679156908665106 0.04375 0.17096018735362997
0 0.48203125 0.3594847775175644 0.0453125 0.21779859484777517
0 0.67421875 0.3372365339578454 0.0390625 0.1920374707259953
0 0.82734375 0.3665105386416862 0.059375 0.1990632318501171
1 0.3671875 0.3126463700234192 0.0453125 0.1053864168618267
0 0.38828125 0.22833723653395785 0.0359375 0.1405152224824356
0 0.8953125 0.3711943793911007 0.0359375 0.23185011709601874
0 0.83359375 0.26697892271662765 0.0453125 0.08899297423887588
1 0.44140625 0.6334894613583139 0.1109375 0.43559718969555034
1 0.54140625 0.550351288056206 0.0875 0.3583138173302108
6 0.19765625 0.18149882903981265 0.196875 0.3559718969555035
6 0.05546875 0.14988290398126464 0.109375 0.29508196721311475
8 0.06640625 0.5889929742388759 0.1328125 0.7962529274004684
6 0.859375 0.14988290398126464 0.2375 0.2927400468384075
0 0.549875 0.2959484777517565 0.04348437500000006 0.09976580796252929
0 0.5703125 0.2840281030444965 0.026046874999999935 0.08843091334894611
0 0.60378125 0.24580796252927398 0.02421875 0.13367681498829043
0 0.6463593750000001 0.24072599531615926 0.026046874999999935 0.08920374707259954
0 0.31028125 0.23779859484777516 0.03307812500000003 0.14576112412177986
0 0.35285937500000003 0.2362295081967213 0.028640624999999975 0.08646370023419207
0 0.44778124999999996 0.24072599531615926 0.02890625 0.12039812646370023
0 0.420046875 0.22512880562060889 0.022390625000000063 0.12039812646370023
0 0.53971875 0.2147775175644028 0.024734375000000065 0.10594847775175646
0 0.56809375 0.19526932084309132 0.027859375000000065 0.08252927400468386
0 0.48346875 0.2323185011709602 0.03723437500000006 0.09304449648711942
