0 0.39765625 0.5268065268065268 0.165625 0.7505827505827506
0 0.59921875 0.3333333333333333 0.025 0.07692307692307693
0 0.50078125 0.3321678321678322 0.009375 0.0675990675990676
0 0.3328125 0.3181818181818182 0.034375 0.09324009324009325
0 0.96171875 0.3298368298368298 0.0265625 0.04895104895104895
0 0.128125 0.30536130536130535 0.0125 0.046620046620046623
0 0.06796875 0.3135198135198135 0.0203125 0.04428904428904429
0 0.0828125 0.3123543123543124 0.0203125 0.06293706293706294
0 0.109375 0.3076923076923077 0.028125 0.04895104895104895
0 0.24296875 0.29836829836829837 0.0046875 0.023310023310023312
0 0.22265625 0.29953379953379955 0.0125 0.037296037296037296
1 0.64140625 0.49533799533799533 0.1515625 0.4825174825174825
