0 0.06328125 0.6185446009389671 0.1265625 0.392018779342723
0 0.29453125 0.7863849765258216 0.3375 0.40375586854460094
0 0.64296875 0.505868544600939 0.0875 0.392018779342723
0 0.53984375 0.45422535211267606 0.0703125 0.2535211267605634
0 0.71640625 0.4706572769953052 0.065625 0.19953051643192488
0 0.38515625 0.38497652582159625 0.084375 0.4061032863849765
0 0.2015625 0.5046948356807511 0.071875 0.24647887323943662
0 0.365625 0.7922535211267606 0.2953125 0.38967136150234744
0 0.41875 0.4812206572769953 0.046875 0.24413145539906103
0 0.196875 0.24647887323943662 0.0515625 0.11502347417840375
0 0.03828125 0.24647887323943662 0.0390625 0.05868544600938967
1 0.3203125 0.3767605633802817 0.215625 0.45305164319248825
