1 0.590890625 0.8559850374064838 0.215625 0.2880299251870324
0 0.19375 0.7855361596009975 0.0640625 0.2967581047381546
0 0.90390625 0.7044887780548629 0.065625 0.19451371571072318
0 0.41640625 0.7531172069825436 0.0515625 0.28428927680798005
0 0.0921875 0.6471321695760599 0.0109375 0.05236907730673317
0 0.34582812500000004 0.6531172069825436 0.016671875000000023 0.0536907730673316
0 0.319265625 0.6481296758104738 0.017703124999999976 0.04703241895261849
0 0.29465625 0.6533167082294264 0.012234374999999974 0.040822942643391535
0 0.28125 0.6501995012468829 0.010421875000000025 0.05119700748129669
0 0.25768749999999996 0.654364089775561 0.01328125 0.04289276807980054
0 0.519921875 0.6443890274314213 0.01484375 0.046209476309226866
0 0.575515625 0.6404488778054863 0.015625 0.041645885286783084
0 0.139578125 0.6365087281795512 0.0125 0.0536907730673316
0 0.0704375 0.6514463840399003 0.01796875 0.04039900249376563
0 0.072921875 0.5702244389027431 0.010421875000000002 0.042344139650872865
0 0.13996875 0.5625436408977557 0.01171875 0.03536159600997508
0 0.830859375 0.6155112219451372 0.01796875 0.04162094763092269
0 0.80078125 0.6198753117206982 0.018234375000000025 0.037057356608478836
0 0.692578125 0.6144638403990025 0.008078124999999936 0.039551122194513746
0 0.724609375 0.6138653366583541 0.01171875 0.044937655860349084
0 0.015359375 0.6610224438902743 0.016140625000000002 0.06284289276807985
