2 0.196875 0.7388888888888889 0.1359375 0.12777777777777777
4 0.4625 0.5263888888888889 0.39375 0.8
4 0.74296875 0.6666666666666666 0.165625 0.3111111111111111
0 0.83125 0.7305555555555555 0.01875 0.12222222222222222
0 0.428125 0.6097222222222223 0.0609375 0.10277777777777777
0 0.59765625 0.3111111111111111 0.0484375 0.05277777777777778
0 0.55390625 0.30694444444444446 0.034375 0.05
4 0.11875 0.5888888888888889 0.0390625 0.22777777777777777
1 0.20234375 0.7652777777777777 0.0546875 0.2638888888888889
1 0.11953125 0.7277777777777777 0.0421875 0.17222222222222222
0 0.264140625 0.71225 0.015546874999999998 0.10099999999999999
