0 0.58984375 0.49528301886792453 0.2078125 0.33254716981132076
0 0.14765625 0.48702830188679247 0.1703125 0.44339622641509435
0 0.3109375 0.5672169811320755 0.24375 0.30660377358490565
0 0.50859375 0.4693396226415094 0.040625 0.18632075471698112
0 0.89921875 0.47995283018867924 0.0390625 0.125
0 0.78125 0.47641509433962265 0.0265625 0.10141509433962265
0 0.83828125 0.4964622641509434 0.028125 0.0589622641509434
0 0.98203125 0.47995283018867924 0.01875 0.07075471698113207
0 0.70546875 0.4740566037735849 0.021875 0.10141509433962265
0 0.59453125 0.45754716981132076 0.0265625 0.12028301886792453
0 0.31953125 0.47641509433962265 0.0140625 0.054245283018867926
0 0.678125 0.4834905660377358 0.025 0.09198113207547169
0 0.21328125 0.47641509433962265 0.015625 0.05188679245283019
