2 0.971830985915493 0.66953125 0.056338028169014086 0.059375
2 0.903755868544601 0.66015625 0.14084507042253522 0.0546875
2 0.7335680751173709 0.64375 0.10093896713615023 0.0515625
2 0.8204225352112676 0.6546875 0.11032863849765258 0.0515625
2 0.15023474178403756 0.63203125 0.06807511737089202 0.03125
2 0.647887323943662 0.64453125 0.07746478873239436 0.034375
2 0.6126760563380281 0.640625 0.04225352112676056 0.028125
2 0.4647887323943662 0.64453125 0.035211267605633804 0.0375
5 0.5974178403755869 0.63046875 0.06807511737089202 0.0421875
2 0.49295774647887325 0.6328125 0.03990610328638498 0.021875
2 0.5352112676056338 0.62890625 0.03755868544600939 0.0171875
0 0.3532863849765258 0.65390625 0.051643192488262914 0.0328125
2 0.27230046948356806 0.6390625 0.107981220657277 0.034375
5 0.07746478873239436 0.63515625 0.09389671361502347 0.0578125
2 0.5598591549295775 0.6359375 0.018779342723004695 0.021875
2 0.22007042253521128 0.63427734375 0.06941387910798122 0.03179931640625
2 0.02272914832746479 0.64794921875 0.0439453125 0.053802490234375
