0 0.777 0.6837349397590361 0.362 0.6144578313253012
0 0.194 0.6144578313253012 0.062 0.17771084337349397
0 0.066 0.572289156626506 0.046 0.11144578313253012
0 0.164 0.7183734939759037 0.066 0.15963855421686746
0 0.292 0.7153614457831325 0.07 0.14457831325301204
0 0.49 0.6927710843373494 0.064 0.11144578313253012
0 0.657 0.6987951807228916 0.058 0.08132530120481928
0 0.572 0.6370481927710844 0.042 0.21084337349397592
0 0.229 0.7123493975903614 0.072 0.16566265060240964
0 0.024 0.6265060240963856 0.048 0.20481927710843373
0 0.61 0.7078313253012049 0.046 0.06927710843373494
0 0.533 0.6987951807228916 0.05 0.09939759036144578
0 0.415 0.4954819277108434 0.32 0.5753012048192772
0 0.669 0.6009036144578314 0.658 0.3102409638554217
1 0.049 0.6656626506024096 0.098 0.28313253012048195
