0 0.64296875 0.38875878220140514 0.3359375 0.6206088992974239
0 0.915625 0.5480093676814989 0.009375 0.053864168618266976
1 0.834375 0.550351288056206 0.021875 0.07259953161592506
0 0.81015625 0.5714285714285714 0.0078125 0.0234192037470726
0 0.53125 0.5690866510538641 0.015625 0.0702576112412178
0 0.6640625 0.5714285714285714 0.009375 0.05152224824355972
0 0.87265625 0.5679156908665105 0.0046875 0.02107728337236534
0 0.9875 0.5245901639344263 0.0109375 0.04449648711943794
1 0.4015625 0.5784543325526932 0.025 0.06791569086651054
1 0.43359375 0.5784543325526932 0.03125 0.06791569086651054
1 0.96796875 0.5081967213114754 0.0640625 0.1358313817330211
1 0.41875 0.5761124121779859 0.015625 0.06791569086651054
