2 0.3390625 0.6 0.046875 0.04941176470588235
2 0.1015625 0.62 0.0578125 0.047058823529411764
2 0.02421875 0.6211764705882353 0.0484375 0.04941176470588235
2 0.21171875 0.6094117647058823 0.0421875 0.04941176470588235
2 0.58984375 0.6023529411764705 0.021875 0.03764705882352941
2 0.50703125 0.6023529411764705 0.0203125 0.02823529411764706
2 0.3875 0.6023529411764705 0.0171875 0.023529411764705882
2 0.440625 0.5988235294117648 0.009375 0.011764705882352941
2 0.1703125 0.6141176470588235 0.0578125 0.047058823529411764
2 0.37578125 0.6011764705882353 0.0078125 0.03294117647058824
1 0.5046875 0.6552941176470588 0.2640625 0.3976470588235294
