0 0.3125 0.6545667447306791 0.10625 0.3981264637002342
0 0.02109375 0.5562060889929742 0.0421875 0.11943793911007025
0 0.57265625 0.42857142857142855 0.0171875 0.06557377049180328
0 0.5828125 0.39344262295081966 0.0125 0.0585480093676815
0 0.6140625 0.4016393442622951 0.0140625 0.0585480093676815
0 0.48046875 0.4613583138173302 0.01875 0.03278688524590164
0 0.59921875 0.41217798594847777 0.0078125 0.03278688524590164
0 0.625 0.4133489461358314 0.0140625 0.04215456674473068
0 0.5625 0.35714285714285715 0.0140625 0.053864168618266976
0 0.49296875 0.446135831381733 0.015625 0.05152224824355972
0 0.465625 0.4812646370023419 0.0171875 0.06557377049180328
0 0.40390625 0.6440281030444965 0.1 0.4426229508196721
1 0.52265625 0.5901639344262295 0.0859375 0.351288056206089
