0 0.13515625 0.35833333333333334 0.05625 0.13541666666666666
0 0.96328125 0.246875 0.0296875 0.08333333333333333
0 0.990625 0.253125 0.01875 0.0875
0 0.1078125 0.196875 0.021875 0.04583333333333333
1 0.793578125 0.2494583333333333 0.044343750000000084 0.08224999999999998
0 0.38203125 0.2 0.0140625 0.027083333333333334
0 0.69453125 0.228125 0.025 0.06875
0 0.49296875 0.20520833333333333 0.015625 0.03125
0 0.13046875 0.228125 0.0265625 0.09375
0 0.15234375 0.21354166666666666 0.021875 0.052083333333333336
2 0.76953125 0.55625 0.459375 0.5416666666666666
2 0.103125 0.6625 0.2046875 0.6729166666666667
5 0.47928125 0.3236875 0.16376562499999997 0.1965416666666667
2 0.346875 0.2375 0.190625 0.075
2 0.88984375 0.3541666666666667 0.2203125 0.15416666666666667
2 0.0640625 0.21875 0.0625 0.035416666666666666
5 0.18734375 0.23127083333333331 0.08718750000000001 0.10206249999999999
7 0.8796875 0.228125 0.0984375 0.08541666666666667
0 0.3488125 0.18675 0.014671874999999978 0.022604166666666654
