1 0.4265625 0.5984182776801406 0.603125 0.7275922671353251
0 0.16796875 0.2609841827768014 0.0140625 0.0632688927943761
0 0.2890625 0.2592267135325132 0.015625 0.050966608084358524
0 0.39453125 0.2565905096660808 0.0140625 0.04569420035149385
0 0.4078125 0.2601054481546573 0.0125 0.0351493848857645
0 0.33125 0.2609841827768014 0.0140625 0.033391915641476276
0 0.44375 0.2662565905096661 0.0125 0.0351493848857645
0 0.3203125 0.26537785588752194 0.0125 0.04745166959578207
0 0.3546875 0.25746924428822493 0.009375 0.014059753954305799
0 0.38046875 0.2521968365553603 0.0125 0.02460456942003515
0 0.04140625 0.2521968365553603 0.0140625 0.04745166959578207
2 0.01640625 0.26362038664323373 0.0328125 0.04569420035149385
2 0.9203125 0.2548330404217926 0.0546875 0.033391915641476276
