0 0.915625 0.7916666666666666 0.0265625 0.1125
0 0.80703125 0.7833333333333333 0.0140625 0.07083333333333333
0 0.70078125 0.7947916666666667 0.0296875 0.09166666666666666
0 0.4015625 0.8229166666666666 0.0265625 0.06875
0 0.36875 0.8302083333333333 0.01875 0.0625
0 0.25625 0.8427083333333333 0.015625 0.04375
0 0.1484375 0.8479166666666667 0.0203125 0.06041666666666667
0 0.3484375 0.8364583333333333 0.0109375 0.035416666666666666
2 0.021875 0.8572916666666667 0.025 0.041666666666666664
2 0.08671875 0.834375 0.0140625 0.025
