2 0.525 0.6052083333333333 0.1 0.14166666666666666
2 0.90390625 0.7541666666666667 0.1921875 0.4479166666666667
3 0.64609375 0.7375 0.1296875 0.2833333333333333
3 0.03671875 0.640625 0.0578125 0.0625
3 0.54375 0.6427083333333333 0.0578125 0.075
3 0.57734375 0.6291666666666667 0.040625 0.12291666666666666
3 0.81796875 0.73125 0.0578125 0.2125
0 0.64921875 0.6666666666666666 0.121875 0.3125
0 0.81953125 0.653125 0.0875 0.2791666666666667
0 0.5859375 0.5979166666666667 0.0421875 0.12708333333333333
0 0.5421875 0.5979166666666667 0.046875 0.11666666666666667
0 0.2328125 0.709375 0.0984375 0.33958333333333335
0 0.08828125 0.5760416666666667 0.021875 0.029166666666666667
2 0.0296875 0.60625 0.059375 0.07083333333333333
2 0.11484375 0.5645833333333333 0.08125 0.04375
0 0.05703125 0.6052083333333333 0.0484375 0.09791666666666667
2 0.5828125 0.5520833333333334 0.059375 0.04375
5 0.184375 0.628125 0.240625 0.18333333333333332
2 0.76796875 0.5583333333333333 0.046875 0.016666666666666666
1 0.4578125 0.7 0.05 0.18958333333333333
