2 0.77109375 0.46041666666666664 0.0546875 0.06458333333333334
2 0.08203125 0.465625 0.0609375 0.06458333333333334
2 0.6125 0.44479166666666664 0.08125 0.01875
3 0.62265625 0.5375 0.30625 0.275
0 0.9734375 0.4479166666666667 0.053125 0.15416666666666667
0 0.46640625 0.46979166666666666 0.0453125 0.13333333333333333
0 0.421875 0.45625 0.0203125 0.07291666666666667
0 0.62265625 0.5322916666666667 0.11875 0.29583333333333334
0 0.88984375 0.675 0.2203125 0.61875
0 0.5015625 0.4479166666666667 0.01875 0.058333333333333334
0 0.8203125 0.47291666666666665 0.084375 0.25416666666666665
2 0.015625 0.5041666666666667 0.0296875 0.21875
2 0.0609375 0.43854166666666666 0.103125 0.05416666666666667
5 0.4890625 0.440625 0.1234375 0.06041666666666667
1 0.40859375 0.6197916666666666 0.3546875 0.525
1 0.05 0.46875 0.05 0.0875
