4 0.13828125 0.6416666666666667 0.2625 0.46458333333333335
0 0.89609375 0.746875 0.0453125 0.20833333333333334
4 0.425 0.6489583333333333 0.33125 0.34375
0 0.8421875 0.7302083333333333 0.0234375 0.08541666666666667
0 0.865625 0.7197916666666667 0.028125 0.08958333333333333
4 0.621875 0.65625 0.0984375 0.26458333333333334
4 0.8046875 0.659375 0.09375 0.16458333333333333
0 0.7671875 0.753125 0.0234375 0.06458333333333334
4 0.6984375 0.6625 0.053125 0.10625
1 0.67734375 0.78125 0.0671875 0.29375
1 0.79375 0.775 0.0484375 0.20208333333333334
