0 0.96953125 0.09484777517564402 0.0609375 0.18969555035128804
0 0.1234375 0.1873536299765808 0.0859375 0.3700234192037471
0 0.59296875 0.16510538641686182 0.1203125 0.33021077283372363
1 0.36328125 0.509367681498829 0.3734375 0.6440281030444965
1 0.79921875 0.4918032786885246 0.3953125 0.6416861826697893
1 0.83984375 0.4964871194379391 0.3203125 0.6510538641686182
1 0.6234375 0.48711943793911006 0.1828125 0.5620608899297423
1 0.09426562499999999 0.5416627634660421 0.18853124999999998 0.5478220140515222
0 0.83203125 0.2170023419203747 0.10210937499999999 0.4339812646370024
0 0.383625 0.1580093676814988 0.10579687499999998 0.24988290398126464
0 0.2039794921875 0.19631879391100704 0.07891845703125 0.3604361826697892
