0 0.26640625 0.13020833333333334 0.0609375 0.225
0 0.65703125 0.21875 0.084375 0.425
0 0.9359375 0.25729166666666664 0.128125 0.5145833333333333
0 0.94609375 0.6458333333333334 0.1078125 0.5166666666666667
0 0.09140625 0.071875 0.0375 0.10416666666666667
0 0.090625 0.1875 0.053125 0.18125
0 0.51875 0.38958333333333334 0.253125 0.775
0 0.9375 0.41770833333333335 0.125 0.6270833333333333
0 0.8609375 0.17916666666666667 0.046875 0.22291666666666668
0 0.8296875 0.11875 0.028125 0.10416666666666667
0 0.809375 0.12291666666666666 0.0140625 0.0625
0 0.77421875 0.12916666666666668 0.025 0.06666666666666667
0 0.36171875 0.1375 0.0765625 0.19375
0 0.71171875 0.14583333333333334 0.0453125 0.23333333333333334
