1 0.5625 0.5795316159250585 0.1125 0.6410772833723654
1 0.851046875 0.4516393442622951 0.071359375 0.2817330210772834
1 0.08125 0.54096018735363 0.1625 0.6019203747072599
1 0.36165625 0.5590163934426229 0.163546875 0.8474238875878221
1 0.24453125 0.49814988290398127 0.0796875 0.5400234192037471
1 0.7755156249999999 0.4927166276346604 0.066671875 0.3601405152224824
1 0.45871874999999995 0.5643559718969555 0.08151562500000001 0.4259484777517564
1 0.186328125 0.5199297423887588 0.09921875 0.5303981264637002
1 0.71875 0.45704918032786884 0.04715625 0.28908665105386416
1 0.512203125 0.5042388758782201 0.081671875 0.4650819672131148
1 0.30225 0.5884777517564402 0.0834375 0.5658782201405153
1 0.49243750000000003 0.34140515222482437 0.04409375 0.1064871194379391
1 0.6680937499999999 0.52 0.10271875 0.5991569086651054
1 0.481453125 0.32934426229508196 0.02215625 0.04885245901639344
