0 0.2109375 0.6135416666666667 0.2484375 0.76875
0 0.303125 0.5177083333333333 0.146875 0.46041666666666664
0 0.64296875 0.6041666666666666 0.0890625 0.38333333333333336
0 0.428125 0.625 0.1390625 0.42083333333333334
0 0.83046875 0.6625 0.2421875 0.65625
0 0.7328125 0.640625 0.1421875 0.5354166666666667
0 0.5609375 0.55625 0.078125 0.29583333333333334
0 0.49921875 0.47604166666666664 0.0546875 0.21458333333333332
0 0.9359375 0.66875 0.09375 0.5416666666666666
0 0.590625 0.46041666666666664 0.0328125 0.12083333333333333
0 0.0640625 0.49270833333333336 0.0453125 0.18541666666666667
0 0.065625 0.5666666666666667 0.0859375 0.36041666666666666
0 0.53125 0.48020833333333335 0.0484375 0.14791666666666667
5 0.09921875 0.3875 0.1953125 0.47708333333333336
