0 0.57 0.5949720670391061 0.096 0.5083798882681564
0 0.899 0.6410614525139665 0.112 0.4972067039106145
0 0.621 0.5712290502793296 0.044 0.38268156424581007
0 0.439 0.6256983240223464 0.068 0.3659217877094972
0 0.385 0.6075418994413407 0.078 0.4720670391061452
0 0.42 0.3994413407821229 0.068 0.11452513966480447
0 0.034 0.6773743016759777 0.068 0.6452513966480447
0 0.193 0.5991620111731844 0.112 0.5279329608938548
0 0.101 0.547486033519553 0.11 0.26536312849162014
0 0.807 0.5768156424581006 0.15 0.5111731843575419
0 0.519 0.5418994413407822 0.786 0.5754189944134078
1 0.311 0.6047486033519553 0.128 0.5446927374301676
1 0.693 0.6187150837988827 0.13 0.5083798882681564
1 0.487 0.6131284916201117 0.122 0.5195530726256983
