5 0.815625 0.6890625 0.15 0.115625
5 0.8833333333333333 0.665625 0.1125 0.075
0 0.59375 0.659375 0.014583333333333334 0.009375
0 0.54375 0.659375 0.0125 0.021875
0 0.4708333333333333 0.66171875 0.014583333333333334 0.0265625
0 0.7 0.67890625 0.0125 0.0234375
0 0.68125 0.67890625 0.014583333333333334 0.0203125
0 0.853125 0.6765625 0.027083333333333334 0.01875
4 0.8791666666666667 0.6640625 0.1125 0.0703125
2 0.7302083333333333 0.67578125 0.03125 0.0328125
2 0.6479166666666667 0.67890625 0.025 0.021875
1 0.8041666666666667 0.76875 0.08125 0.1609375
1 0.9552083333333333 0.76171875 0.08333333333333333 0.16875
