2 0.20234375 0.6270833333333333 0.04375 0.08125
0 0.496875 0.2520833333333333 0.375 0.5020833333333333
0 0.1671875 0.60625 0.05625 0.25
0 0.11640625 0.6 0.0484375 0.22708333333333333
0 0.98515625 0.5791666666666667 0.0296875 0.12291666666666666
0 0.2390625 0.5947916666666667 0.0453125 0.18333333333333332
0 0.9453125 0.5385416666666667 0.021875 0.06666666666666667
0 0.3234375 0.596875 0.0328125 0.15416666666666667
0 0.04609375 0.590625 0.0640625 0.2520833333333333
0 0.87265625 0.5604166666666667 0.0328125 0.125
0 0.96484375 0.565625 0.021875 0.125
1 0.91171875 0.5677083333333334 0.0765625 0.1875
