2 0.907 0.6873111782477341 0.186 0.24471299093655588
2 0.852 0.527190332326284 0.096 0.09969788519637462
2 0.363 0.5574018126888217 0.092 0.09969788519637462
2 0.648 0.48489425981873113 0.056 0.05740181268882175
3 0.128 0.7114803625377644 0.19 0.2054380664652568
0 0.215 0.8549848942598187 0.08 0.29003021148036257
0 0.385 0.8323262839879154 0.116 0.30513595166163143
0 0.314 0.6601208459214502 0.046 0.2054380664652568
2 0.887 0.5845921450151057 0.052 0.0634441087613293
0 0.428 0.6012084592145015 0.048 0.06948640483383686
1 0.539 0.5589123867069486 0.054 0.1510574018126888
1 0.679 0.5362537764350453 0.04 0.1299093655589124
1 0.36854000000000003 0.5812084592145015 0.05974 0.13444108761329304
1 0.39733999999999997 0.46244712990936554 0.02134 0.0660725075528701
1 0.432 0.4517824773413897 0.016 0.04876132930513595
1 0.46614 0.4678851963746224 0.030940000000000002 0.06486404833836858
1 0.35574 0.44410876132930516 0.0128 0.04151057401812689
1 0.3772 0.4469486404833837 0.0104 0.039093655589123866
1 0.32639999999999997 0.43486404833836856 0.03946 0.03105740181268882
1 0.72946 0.5165861027190333 0.0376 0.08978851963746223
1 0.5752 0.5145921450151058 0.0304 0.10993957703927493
1 0.42866000000000004 0.544380664652568 0.03334 0.10507552870090635
