2 0.115625 0.6861111111111111 0.16875 0.24166666666666667
2 0.18203125 0.6722222222222223 0.1765625 0.19444444444444445
0 0.4609375 0.4083333333333333 0.2921875 0.4083333333333333
0 0.03671875 0.5694444444444444 0.0734375 0.5916666666666667
0 0.15859375 0.5888888888888889 0.0375 0.075
0 0.24609375 0.5652777777777778 0.0234375 0.041666666666666664
0 0.13046875 0.5611111111111111 0.0265625 0.041666666666666664
0 0.1 0.5666666666666667 0.04375 0.06666666666666667
2 0.37890625 0.6583333333333333 0.1078125 0.15555555555555556
1 0.30234375 0.6375 0.10625 0.34444444444444444
