2 0.0375 0.7552742616033755 0.0609375 0.0759493670886076
2 0.14375 0.7732067510548524 0.1359375 0.16033755274261605
2 0.0703125 0.7742616033755274 0.0578125 0.10970464135021098
0 0.51015625 0.7563291139240507 0.0546875 0.2679324894514768
0 0.38828125 0.759493670886076 0.0765625 0.22573839662447256
0 0.71953125 0.7710970464135021 0.0609375 0.22784810126582278
0 0.67890625 0.8069620253164557 0.046875 0.15611814345991562
0 0.6375 0.7763713080168776 0.0671875 0.2320675105485232
0 0.8046875 0.7616033755274262 0.0453125 0.229957805907173
0 0.74296875 0.6888185654008439 0.025 0.07172995780590717
2 0.01015625 0.7468354430379747 0.0203125 0.04852320675105485
0 0.54140625 0.7837552742616034 0.0859375 0.2742616033755274
0 0.6921875 0.7373417721518988 0.028125 0.08016877637130802
0 0.4015625 0.75 0.084375 0.18143459915611815
1 0.79453125 0.7721518987341772 0.1828125 0.24050632911392406
1 0.79453125 0.7616033755274262 0.1828125 0.229957805907173
0 0.8265625 0.7721518987341772 0.046875 0.24050632911392406
