0 0.8266978922716628 0.421875 0.34660421545667447 0.3828125
0 0.3442622950819672 0.35234375 0.1756440281030445 0.225
0 0.6124121779859485 0.28046875 0.16159250585480095 0.1234375
0 0.8840749414519906 0.271875 0.08196721311475409 0.14375
0 0.7365339578454333 0.16953125 0.18032786885245902 0.184375
0 0.9566744730679156 0.24375 0.08665105386416862 0.2078125
0 0.5843091334894613 0.203125 0.17096018735362997 0.196875
0 0.9449648711943794 0.38359375 0.11007025761124122 0.1921875
0 0.05503512880562061 0.2375 0.1053864168618267 0.0890625
0 0.36416861826697894 0.2328125 0.0585480093676815 0.0296875
1 0.5866510538641686 0.48125 0.667447306791569 0.65
1 0.18149882903981265 0.43385937500000005 0.3629976580796253 0.35959375
