2 0.178 0.492 0.192 0.20266666666666666
2 0.371 0.4866666666666667 0.096 0.13333333333333333
2 0.52 0.452 0.086 0.05333333333333334
2 0.42 0.47733333333333333 0.068 0.10666666666666667
2 0.729 0.4146666666666667 0.046 0.042666666666666665
2 0.492 0.42533333333333334 0.048 0.042666666666666665
2 0.026 0.4613333333333333 0.052 0.096
0 0.367 0.7586666666666667 0.144 0.4826666666666667
0 0.781 0.4653333333333333 0.052 0.13866666666666666
0 0.744 0.708 0.21 0.576
0 0.59 0.7826666666666666 0.152 0.41333333333333333
0 0.21 0.44533333333333336 0.024 0.04
0 0.353 0.45866666666666667 0.018 0.024
2 0.842 0.41733333333333333 0.016 0.018666666666666668
2 0.569 0.42933333333333334 0.06 0.032
2 0.807 0.428 0.018 0.02666666666666667
2 0.058 0.4106666666666667 0.116 0.050666666666666665
1 0.284 0.644 0.11 0.4666666666666667
1 0.476 0.572 0.078 0.2613333333333333
1 0.058 0.644 0.104 0.48533333333333334
1 0.98 0.484 0.04 0.09866666666666667
1 0.684 0.45466666666666666 0.046 0.144
