2 0.46796875 0.6697892271662763 0.065625 0.05620608899297424
2 0.42265625 0.6639344262295082 0.0296875 0.03278688524590164
4 0.7296875 0.6475409836065574 0.3046875 0.4262295081967213
4 0.8796875 0.6416861826697893 0.0609375 0.14754098360655737
0 0.50859375 0.7564402810304449 0.0625 0.24355971896955503
0 0.04375 0.8044496487119438 0.0875 0.3911007025761124
0 0.28203125 0.7037470725995316 0.040625 0.1756440281030445
0 0.24609375 0.689695550351288 0.0390625 0.16159250585480095
0 0.6515625 0.6030444964871194 0.046875 0.06557377049180328
0 0.39140625 0.7014051522248244 0.0421875 0.15690866510538642
0 0.2265625 0.6943793911007026 0.0171875 0.16627634660421545
0 0.265625 0.6779859484777517 0.01875 0.1358313817330211
2 0.3296875 0.6686182669789227 0.0578125 0.05152224824355972
4 0.9703125 0.6451990632318502 0.0578125 0.1405152224824356
0 0.46015625 0.6920374707259953 0.0109375 0.08899297423887588
