0 0.10390625 0.8041666666666667 0.15 0.39166666666666666
0 0.47421875 0.8083333333333333 0.1125 0.38125
0 0.39609375 0.790625 0.1078125 0.41875
0 0.29453125 0.8260416666666667 0.0921875 0.34791666666666665
0 0.5484375 0.80625 0.09375 0.3854166666666667
0 0.7625 0.825 0.0734375 0.34791666666666665
0 0.203125 0.759375 0.065625 0.26458333333333334
0 0.6921875 0.8229166666666666 0.103125 0.35208333333333336
0 0.63984375 0.8333333333333334 0.059375 0.32916666666666666
0 0.259375 0.8322916666666667 0.04375 0.3333333333333333
0 0.92265625 0.7479166666666667 0.0625 0.30833333333333335
0 0.0140625 0.8229166666666666 0.028125 0.3375
0 0.98984375 0.7708333333333334 0.0203125 0.3145833333333333
0 0.5875 0.7979166666666667 0.065625 0.29375
