2 0.6359375 0.7154566744730679 0.3265625 0.17096018735362997
2 0.16015625 0.7306791569086651 0.309375 0.19437939110070257
0 0.35 0.7201405152224825 0.0359375 0.20608899297423888
0 0.41796875 0.6604215456674473 0.0265625 0.1451990632318501
0 0.80859375 0.7072599531615925 0.0578125 0.21311475409836064
0 0.628125 0.7060889929742389 0.0359375 0.2388758782201405
0 0.74453125 0.6416861826697893 0.034375 0.0936768149882904
0 0.534375 0.7060889929742389 0.0640625 0.24355971896955503
0 0.75546875 0.6358313817330211 0.021875 0.10304449648711944
0 0.296875 0.667447306791569 0.0328125 0.11241217798594848
0 0.128125 0.6147540983606558 0.021875 0.03747072599531616
0 0.09765625 0.6147540983606558 0.01875 0.04215456674473068
0 0.20625 0.617096018735363 0.0265625 0.07259953161592506
0 0.23515625 0.6428571428571429 0.0390625 0.09836065573770492
1 0.153125 0.7213114754098361 0.1609375 0.234192037470726
