2 0.60234375 0.18854166666666666 0.140625 0.07291666666666667
0 0.56640625 0.25625 0.0296875 0.1
0 0.8484375 0.7229166666666667 0.071875 0.20833333333333334
0 0.53984375 0.25104166666666666 0.0203125 0.0875
0 0.515625 0.19895833333333332 0.021875 0.07083333333333333
0 0.75390625 0.7447916666666666 0.065625 0.19375
0 0.5453125 0.0875 0.0203125 0.052083333333333336
2 0.71796875 0.11354166666666667 0.1203125 0.0875
2 0.6625 0.109375 0.0828125 0.06666666666666667
0 0.82734375 0.38958333333333334 0.0546875 0.1
2 0.59296875 0.08958333333333333 0.046875 0.04375
2 0.63671875 0.09270833333333334 0.0609375 0.05416666666666667
2 0.86328125 0.078125 0.0875 0.08125
2 0.4953125 0.18229166666666666 0.075 0.06041666666666667
