2 0.58671875 0.6950934579439252 0.134375 0.18457943925233644
2 0.76875 0.6647196261682243 0.153125 0.14953271028037382
2 0.6734375 0.6483644859813084 0.0703125 0.11448598130841121
2 0.40703125 0.5922897196261683 0.0234375 0.04205607476635514
2 0.32421875 0.5607476635514018 0.0109375 0.018691588785046728
4 0.5296875 0.580607476635514 0.2296875 0.31542056074766356
0 0.25625 0.572429906542056 0.00625 0.028037383177570093
0 0.3796875 0.580607476635514 0.00625 0.030373831775700934
0 0.7484375 0.6261682242990654 0.021875 0.035046728971962614
1 0.18203125 0.6997663551401869 0.2 0.2757009345794392
0 0.379150390625 0.5738901869158879 0.0087127685546875 0.019097729264018693
0 0.759765625 0.6297459112149533 0.0180206298828125 0.021938430928738317
0 0.26513671875 0.5673189252336449 0.006771087646484375 0.02245181074766355
