4 0.46171875 0.5545023696682464 0.5421875 0.6327014218009479
0 0.93828125 0.7014218009478673 0.0390625 0.14454976303317535
0 0.1296875 0.6670616113744076 0.025 0.0947867298578199
0 0.17734375 0.669431279620853 0.0234375 0.0924170616113744
0 0.35 0.6338862559241706 0.0265625 0.04976303317535545
0 0.37734375 0.6315165876777251 0.0234375 0.05687203791469194
0 0.53203125 0.6244075829383886 0.059375 0.10900473933649289
0 0.60390625 0.3696682464454976 0.0421875 0.05924170616113744
0 0.6671875 0.3921800947867299 0.0203125 0.03317535545023697
0 0.05703125 0.6492890995260664 0.015625 0.04976303317535545
0 0.9046875 0.7061611374407583 0.028125 0.13507109004739337
0 0.5625 0.36611374407582936 0.015625 0.045023696682464455
1 0.06953125 0.6978672985781991 0.0359375 0.10900473933649289
