4 0.19765625 0.14637002341920374 0.3953125 0.2903981264637002
0 0.18984375 0.5585480093676815 0.25625 0.8618266978922716
0 0.06953125 0.24004683840749413 0.05 0.16627634660421545
0 0.5796875 0.4098360655737705 0.1546875 0.5644028103044496
0 0.53984375 0.6065573770491803 0.115625 0.6042154566744731
0 0.75546875 0.5690866510538641 0.146875 0.667447306791569
0 0.896875 0.5644028103044496 0.196875 0.8711943793911007
0 0.89609375 0.21662763466042154 0.2 0.4332552693208431
0 0.05625 0.5409836065573771 0.1125 0.6768149882903981
0 0.39453125 0.4672131147540984 0.1640625 0.7611241217798594
0 0.6078125 0.1791569086651054 0.0421875 0.12412177985948478
0 0.3 0.27634660421545665 0.0453125 0.19437939110070257
0 0.45546875 0.2259953161592506 0.0359375 0.1451990632318501
2 0.6828125 0.25175644028103045 0.0609375 0.1358313817330211
1 0.5450468749999999 0.3794145199063232 0.238546875 0.5035597189695551
