2 0.0828125 0.5046948356807511 0.165625 0.568075117370892
2 0.18359375 0.20774647887323944 0.3640625 0.29577464788732394
2 0.45703125 0.15492957746478872 0.1234375 0.12910798122065728
2 0.9265625 0.3051643192488263 0.146875 0.2300469483568075
2 0.67421875 0.15140845070422534 0.371875 0.2323943661971831
2 0.925 0.1643192488262911 0.146875 0.14553990610328638
2 0.30390625 0.15258215962441316 0.1328125 0.12441314553990611
4 0.31015625 0.07981220657276995 0.209375 0.1267605633802817
0 0.26953125 0.09154929577464789 0.0171875 0.023474178403755867
0 0.040625 0.13145539906103287 0.034375 0.08215962441314555
2 0.96875 0.1607981220657277 0.0625 0.10328638497652583
2 0.9265625 0.4495305164319249 0.146875 0.30985915492957744
2 0.165625 0.0903755868544601 0.1578125 0.107981220657277
4 0.47578125 0.07746478873239436 0.0734375 0.09389671361502347
2 0.38984375 0.13849765258215962 0.09375 0.09154929577464789
1 0.6192656249999999 0.2982863849765258 0.43332812499999995 0.5965727699530516
