0 0.34296875 0.4166666666666667 0.0484375 0.2625
0 0.29609375 0.40520833333333334 0.0484375 0.2791666666666667
0 0.125 0.42604166666666665 0.0546875 0.21666666666666667
0 0.43671875 0.32708333333333334 0.0203125 0.025
0 0.24765625 0.3416666666666667 0.03125 0.06458333333333334
0 0.06953125 0.42604166666666665 0.059375 0.22083333333333333
0 0.1578125 0.3927083333333333 0.0359375 0.12291666666666666
0 0.0265625 0.33541666666666664 0.0375 0.10416666666666667
0 0.1515625 0.32916666666666666 0.0359375 0.07291666666666667
0 0.0859375 0.3375 0.0515625 0.10416666666666667
0 0.39375 0.34479166666666666 0.03125 0.06666666666666667
0 0.325 0.33541666666666664 0.0359375 0.08541666666666667
1 0.53671875 0.44166666666666665 0.1671875 0.47291666666666665
0 0.8145833333333334 0.35524631076388885 0.37083333333333324 0.06604817708333334
0 0.78173828125 0.3961588541666667 0.383056640625 0.15950520833333334
0 0.040313720703125 0.3113606770833333 0.024993896484375 0.043131510416666664
0 0.2445068359375 0.4182942708333333 0.04595947265625 0.21028645833333334
0 0.435302734375 0.4186197916666667 0.038818359375 0.16959635416666666
0 0.1822509765625 0.3450520833333333 0.047149658203125 0.09025065104166667
0 0.195556640625 0.3151041666666667 0.035736083984375 0.07442220052083333
0 0.453857421875 0.3434244791666667 0.02801513671875 0.0545654296875
0 0.491455078125 0.3528645833333333 0.0221099853515625 0.052652994791666664
0 0.0849609375 0.3020833333333333 0.0187225341796875 0.0396728515625
0 0.2379150390625 0.3028971354166667 0.023468017578125 0.033894856770833336
0 0.11474609375 0.3103841145833333 0.030792236328125 0.052164713541666664
0 0.052337646484375 0.30078125 0.024749755859375 0.047037760416666664
0 0.6591796875 0.359375 0.023956298828125 0.048583984375
0 0.406982421875 0.4225260416666667 0.0413818359375 0.17464192708333334
0 0.732421875 0.3658854166666667 0.040008544921875 0.0528564453125
0 0.59619140625 0.3486328125 0.033843994140625 0.057291666666666664
