0 0.16875 0.5027777777777778 0.0515625 0.13055555555555556
0 0.19140625 0.425 0.0171875 0.06111111111111111
0 0.10703125 0.4986111111111111 0.0515625 0.1527777777777778
0 0.69921875 0.4875 0.046875 0.1361111111111111
0 0.2890625 0.49444444444444446 0.040625 0.1388888888888889
0 0.27265625 0.4888888888888889 0.025 0.1111111111111111
0 0.096875 0.41388888888888886 0.0171875 0.03888888888888889
0 0.2265625 0.4930555555555556 0.05625 0.1388888888888889
0 0.15078125 0.4736111111111111 0.0203125 0.09444444444444444
0 0.51640625 0.41944444444444445 0.021875 0.06666666666666667
1 0.946875 0.44305555555555554 0.08125 0.11666666666666667
