3 0.32421875 0.4929742388758782 0.075 0.08196721311475409
5 0.7875 0.5573770491803278 0.2203125 0.19672131147540983
5 0.715625 0.7868852459016393 0.1609375 0.2786885245901639
5 0.42578125 0.21194379391100704 0.0484375 0.06791569086651054
0 0.5234375 0.42271662763466045 0.0171875 0.08899297423887588
0 0.53828125 0.4274004683840749 0.0234375 0.10772833723653395
0 0.4859375 0.41920374707259955 0.0140625 0.08899297423887588
0 0.3265625 0.46252927400468385 0.03125 0.09133489461358314
0 0.190625 0.3700234192037471 0.0171875 0.08196721311475409
0 0.20390625 0.36768149882903983 0.0125 0.06088992974238876
0 0.19921875 0.33489461358313816 0.009375 0.04215456674473068
0 0.17578125 0.36533957845433257 0.015625 0.08196721311475409
0 0.16171875 0.3747072599531616 0.0140625 0.06557377049180328
0 0.15703125 0.3665105386416862 0.0203125 0.08196721311475409
0 0.13515625 0.36885245901639346 0.0140625 0.07259953161592506
2 0.515625 0.5187353629976581 0.228125 0.11943793911007025
2 0.15546875 0.4531615925058548 0.196875 0.09836065573770492
2 0.2484375 0.42271662763466045 0.1140625 0.1053864168618267
2 0.2359375 0.27400468384074944 0.0546875 0.0702576112412178
2 0.21015625 0.8957845433255269 0.1984375 0.18969555035128804
2 0.66015625 0.24121779859484777 0.0484375 0.0585480093676815
2 0.73125 0.34192037470725994 0.0859375 0.07728337236533958
2 0.94296875 0.8185011709601874 0.1140625 0.14285714285714285
2 0.86484375 0.9156908665105387 0.2671875 0.1686182669789227
2 0.45078125 0.8911007025761124 0.153125 0.21779859484777517
4 0.23125 0.07142857142857142 0.034375 0.06088992974238876
2 0.38515625 0.3618266978922717 0.078125 0.08430913348946135
2 0.496875 0.9695550351288056 0.1453125 0.03747072599531616
3 0.75234375 0.6545667447306791 0.0453125 0.11007025761124122
3 0.01875 0.5913348946135831 0.0375 0.11007025761124122
0 0.11953125 0.3875878220140515 0.021875 0.03981264637002342
2 0.0484375 0.42505854800936765 0.09375 0.0585480093676815
4 0.3390625 0.04332552693208431 0.0234375 0.03981264637002342
5 0.43125 0.2693208430913349 0.059375 0.07494145199063232
1 0.6109375 0.25175644028103045 0.01875 0.07962529274004684
