2 0.7246732026143791 0.18137254901960784 0.4084967320261438 0.17483660130718953
2 0.31862745098039214 0.14460784313725492 0.16176470588235295 0.08496732026143791
2 0.40522875816993464 0.12009803921568628 0.10130718954248366 0.07516339869281045
2 0.7279411764705882 0.08006535947712418 0.09640522875816994 0.03431372549019608
2 0.5040849673202614 0.12826797385620914 0.11437908496732026 0.07679738562091504
0 0.2549019607843137 0.5661764705882353 0.2630718954248366 0.4624183006535948
0 0.8700980392156863 0.11683006535947713 0.021241830065359478 0.06699346405228758
0 0.9264705882352942 0.11601307189542484 0.0392156862745098 0.0784313725490196
0 0.8464052287581699 0.11601307189542484 0.024509803921568627 0.06535947712418301
0 0.3570261437908497 0.14460784313725492 0.06045751633986928 0.09640522875816994
0 0.8014705882352942 0.10947712418300654 0.024509803921568627 0.0392156862745098
0 0.9109477124183006 0.08823529411764706 0.017973856209150325 0.0392156862745098
0 0.2630718954248366 0.11683006535947713 0.014705882352941176 0.029411764705882353
2 0.4665032679738562 0.09967320261437909 0.05392156862745098 0.026143790849673203
0 0.7834967320261438 0.10049019607843138 0.011437908496732025 0.0196078431372549
0 0.238562091503268 0.10130718954248366 0.014705882352941176 0.017973856209150325
2 0.7965686274509803 0.0915032679738562 0.05065359477124183 0.029411764705882353
1 0.8570261437908496 0.309640522875817 0.21405228758169934 0.29248366013071897
