0 0.42265625 0.7 0.025 0.075
0 0.48828125 0.7347222222222223 0.0265625 0.13055555555555556
0 0.5125 0.6652777777777777 0.009375 0.011111111111111112
0 0.5203125 0.6652777777777777 0.003125 0.011111111111111112
0 0.459375 0.6694444444444444 0.0046875 0.008333333333333333
0 0.35703125 0.6791666666666667 0.0125 0.09722222222222222
0 0.32734375 0.6833333333333333 0.01875 0.09166666666666666
0 0.0828125 0.7180555555555556 0.0140625 0.13055555555555556
0 0.2859375 0.6972222222222222 0.021875 0.08055555555555556
0 0.0671875 0.6972222222222222 0.0234375 0.07777777777777778
0 0.39765625 0.6680555555555555 0.00625 0.011111111111111112
1 0.53828125 0.7944444444444444 0.15 0.275
1 0.6703125 0.7972222222222223 0.1328125 0.29444444444444445
0 0.52197265625 0.6662326388888888 0.007038116455078125 0.011488172743055556
0 0.08038330078125 0.6922743055555556 0.0202484130859375 0.06944444444444445
0 0.771484375 0.6605902777777778 0.006824493408203125 0.011671278211805556
0 0.36962890625 0.6653645833333334 0.006565093994140625 0.020453559027777776
0 0.443603515625 0.6692708333333334 0.012054443359375 0.010674370659722222
0 0.5888671875 0.6653645833333334 0.0068511962890625 0.015367296006944444
0 0.280517578125 0.65625 0.004573822021484375 0.013522677951388888
0 0.34521484375 0.6657986111111112 0.005489349365234375 0.017727322048611112
0 0.03662109375 0.6701388888888888 0.00536346435546875 0.011854383680555556
0 0.88671875 0.6592881944444444 0.00821685791015625 0.010633680555555556
0 0.3974609375 0.6527777777777778 0.004398345947265625 0.013576931423611112
0 0.75927734375 0.6614583333333334 0.004467010498046875 0.011006673177083334
0 0.169677734375 0.6671006944444444 0.0082855224609375 0.019382052951388888
0 0.71875 0.6571180555555556 0.005619049072265625 0.022013346354166668
0 0.027069091796875 0.6723090277777778 0.00605010986328125 0.010633680555555556
0 0.82080078125 0.6588541666666666 0.0068511962890625 0.014105902777777778
0 0.29248046875 0.6644965277777778 0.0104522705078125 0.018785264756944444
0 0.85546875 0.6566840277777778 0.007259368896484375 0.028483072916666668
0 0.7861328125 0.6623263888888888 0.01177978515625 0.009874131944444444
0 0.1563720703125 0.6614583333333334 0.00586700439453125 0.023410373263888888
0 0.267822265625 0.6467013888888888 0.0050811767578125 0.010715060763888888
0 0.87744140625 0.65234375 0.00605010986328125 0.025295681423611112
0 0.6474609375 0.6644965277777778 0.004627227783203125 0.010796440972222222
0 0.931640625 0.6636284722222222 0.01090240478515625 0.04226345486111111
0 0.869140625 0.6549479166666666 0.00821685791015625 0.030409071180555556
0 0.72705078125 0.6610243055555556 0.0043487548828125 0.0120849609375
0 0.7431640625 0.6627604166666666 0.0045928955078125 0.01007080078125
0 0.943359375 0.6549479166666666 0.006744384765625 0.031005859375
0 0.7041015625 0.6627604166666666 0.01483917236328125 0.025987413194444444
