0 0.235 0.7132132132132132 0.32 0.5435435435435435
0 0.546 0.7282282282282282 0.3 0.5435435435435435
0 0.539 0.6306306306306306 0.054 0.13813813813813813
0 0.683 0.6486486486486487 0.046 0.1111111111111111
0 0.279 0.7117117117117117 0.102 0.4894894894894895
1 0.33974 0.7299399399399399 0.11254 0.43483483483483487
0 0.034 0.8498498498498499 0.068 0.11411411411411411
0 0.972 0.7012012012012012 0.038 0.06606606606606606
1 0.632 0.7102102102102102 0.12 0.2972972972972973
1 0.753 0.7477477477477478 0.194 0.3303303303303303
1 0.863 0.7072072072072072 0.076 0.16816816816816818
1 0.919 0.7447447447447447 0.156 0.2552552552552553
