2 0.86015625 0.503125 0.034375 0.09166666666666666
3 0.94296875 0.6052083333333333 0.1140625 0.3104166666666667
3 0.8796875 0.5385416666666667 0.0546875 0.1
0 0.2234375 0.5552083333333333 0.1125 0.37083333333333335
0 0.17734375 0.496875 0.0671875 0.24166666666666667
5 0.74375 0.4875 0.1328125 0.15208333333333332
0 0.6859375 0.48125 0.0375 0.13541666666666666
0 0.0234375 0.5520833333333334 0.034375 0.4125
2 0.53671875 0.5083333333333333 0.203125 0.15208333333333332
2 0.91015625 0.4666666666666667 0.034375 0.03333333333333333
3 0.1078125 0.5604166666666667 0.171875 0.19375
3 0.8203125 0.5354166666666667 0.0640625 0.12708333333333333
1 0.3015625 0.5327291666666667 0.3453125 0.4124791666666667
1 0.66796875 0.5 0.0890625 0.20833333333333334
1 0.7765625 0.496875 0.046875 0.1625
