0 0.688 0.6737400530503979 0.038 0.16180371352785147
1 0.769 0.6741379310344828 0.05046000000000004 0.1864721485411141
0 0.407 0.6326259946949602 0.03 0.1246684350132626
1 0.822 0.6419098143236074 0.024 0.10079575596816977
1 0.8897 0.6418567639257294 0.03257999999999993 0.11660477453580896
1 0.734 0.6531299734748011 0.03 0.10994694960212198
1 0.85142 0.6370557029177718 0.02916000000000008 0.10965517241379304
0 0.34 0.5901856763925729 0.068 0.05570291777188329
1 0.8002999999999999 0.6484880636604774 0.022579999999999927 0.12456233421750658
2 0.91154 0.6276657824933687 0.024420000000000074 0.057692307692307696
1 0.209 0.7307692307692307 0.08 0.2625994694960212
2 0.472 0.6763925729442971 0.088 0.11405835543766578
4 0.27394 0.7009283819628647 0.25189999999999996 0.18018567639257305
