1 0.20471875 0.7198564593301435 0.01881250000000001 0.08806220095693768
1 0.625046875 0.663086124401914 0.027953124999999978 0.0701913875598087
1 0.714453125 0.6036842105263158 0.021937499999999943 0.061459330143540665
1 0.534859375 0.7965071770334928 0.03093749999999993 0.06906698564593303
1 0.5747656250000001 0.6898086124401913 0.026687500000000065 0.08299043062200943
1 0.668984375 0.708468899521531 0.025578125000000007 0.06528708133971284
1 0.32265625 0.6035406698564594 0.0140625 0.0683492822966507
1 0.6739531249999999 0.6487559808612441 0.022078124999999994 0.0534449760765551
1 0.5018906249999999 0.8021052631578947 0.03096875000000008 0.07550239234449747
1 0.3194375 0.6958373205741627 0.015437499999999993 0.07107655502392353
0 0.45859375 0.4126794258373206 0.0109375 0.04784688995215311
1 0.8534218750000001 0.42119617224880385 0.031046874999999828 0.04622009569377989
1 0.349390625 0.5641387559808613 0.03487499999999999 0.058923444976076544
0 0.23515625 0.4354066985645933 0.015625 0.04784688995215311
0 0.4375 0.3923444976076555 0.0109375 0.03588516746411483
0 0.631296875 0.4167464114832536 0.02039062499999993 0.051196172248803774
0 0.878125 0.34688995215311 0.0140625 0.0430622009569378
1 0.7668125 0.549377990430622 0.020578124999999937 0.06287081339712912
1 0.818984375 0.43940191387559807 0.03359375 0.05346889952153115
1 0.2296875 0.22248803827751196 0.0125 0.04784688995215311
0 0.42734375 0.326555023923445 0.009375 0.03588516746411483
0 0.471875 0.3923444976076555 0.0125 0.04066985645933014
1 0.246234375 0.3390430622009569 0.01735937500000002 0.06564593301435406
0 0.58046875 0.3409090909090909 0.0125 0.04066985645933014
6 0.83515625 0.22607655502392343 0.121875 0.14354066985645933
6 0.3015625 0.34330143540669855 0.08125 0.20095693779904306
1 0.596125 0.749688995215311 0.03443749999999994 0.07236842105263158
1 0.764390625 0.4210287081339713 0.029390624999999913 0.05035885167464117
1 0.912671875 0.39964114832535885 0.0295781250000001 0.044090909090909104
1 0.8139218749999999 0.5028708133971291 0.02073437499999997 0.06456937799043064
1 0.750859375 0.517488038277512 0.025125000000000064 0.05693779904306223
1 0.57734375 0.38435406698564595 0.023031250000000014 0.041937799043062274
1 0.62646875 0.4507655502392344 0.0296875 0.040980861244019125
