0 0.771875 0.29294117647058826 0.084375 0.34823529411764703
0 0.39375 0.24705882352941178 0.0515625 0.15529411764705883
0 0.61875 0.2752941176470588 0.084375 0.3247058823529412
0 0.44609375 0.17294117647058824 0.0421875 0.11294117647058824
0 0.31875 0.2188235294117647 0.0265625 0.1623529411764706
1 0.141140625 0.4600470588235294 0.28228125 0.6570588235294118
1 0.454953125 0.5703058823529412 0.192703125 0.7935294117647059
1 0.8450468750000001 0.4800941176470588 0.174484375 0.632729411764706
1 0.6893281250000001 0.40343529411764706 0.105734375 0.42922352941176467
1 0.347265625 0.2667764705882353 0.06328125 0.2750588235294118
1 0.22942187500000003 0.3226588235294118 0.0671875 0.38682352941176473
0 0.48828125 0.22588235294117648 0.075 0.1623529411764706
