0 0.6441441441441441 0.392 0.4804804804804805 0.302
0 0.13963963963963963 0.521 0.06306306306306306 0.034
0 0.2957957957957958 0.469 0.11411411411411411 0.07
0 0.8573573573573574 0.2 0.19519519519519518 0.152
0 0.6411411411411412 0.248 0.08408408408408409 0.048
0 0.25075075075075076 0.473 0.06006006006006006 0.038
0 0.2012012012012012 0.5 0.057057057057057055 0.04
0 0.6096096096096096 0.252 0.03003003003003003 0.032
0 0.3993993993993994 0.379 0.03303303303303303 0.024
0 0.3063063063063063 0.709 0.6126126126126126 0.52
0 0.33183183183183185 0.429 0.06006006006006006 0.044
1 0.2042042042042042 0.507 0.05405405405405406 0.026
