0 0.91484375 0.5196078431372549 0.115625 0.49019607843137253
0 0.20703125 0.5117647058823529 0.109375 0.40784313725490196
0 0.353125 0.3431372549019608 0.0796875 0.49019607843137253
0 0.45546875 0.3156862745098039 0.065625 0.5254901960784314
0 0.56796875 0.3803921568627451 0.09375 0.4627450980392157
0 0.73203125 0.5313725490196078 0.0984375 0.3843137254901961
0 0.07265625 0.6333333333333333 0.0828125 0.42745098039215684
0 0.4109375 0.34901960784313724 0.0171875 0.11372549019607843
0 0.22578125 0.33137254901960783 0.028125 0.10196078431372549
0 0.109375 0.3509803921568627 0.01875 0.054901960784313725
0 0.115625 0.31176470588235294 0.015625 0.043137254901960784
0 0.03359375 0.30980392156862746 0.0234375 0.06666666666666667
1 0.2546875 0.3392156862745098 0.03125 0.14901960784313725
