2 0.53046875 0.31354166666666666 0.1015625 0.06666666666666667
2 0.140625 0.278125 0.0484375 0.04791666666666667
2 0.52734375 0.30520833333333336 0.1125 0.05625
0 0.66796875 0.42604166666666665 0.2359375 0.79375
0 0.45859375 0.725 0.2015625 0.35833333333333334
0 0.94921875 0.690625 0.1015625 0.6104166666666667
0 0.9296875 0.2864583333333333 0.0875 0.125
0 0.028125 0.25416666666666665 0.0203125 0.058333333333333334
0 0.415625 0.2625 0.0171875 0.027083333333333334
2 0.0578125 0.27395833333333336 0.0328125 0.03333333333333333
2 0.9 0.3229166666666667 0.03125 0.03333333333333333
0 0.25625 0.28020833333333334 0.015625 0.06041666666666667
0 0.26953125 0.2791666666666667 0.0109375 0.05625
1 0.1484375 0.3260416666666667 0.234375 0.4
1 0.8203125 0.34270833333333334 0.084375 0.2125
