5 0.43956 0.5188855421686748 0.15688 0.28753012048192766
1 0.851 0.48343373493975905 0.198 0.2680722891566265
1 0.731 0.6837349397590361 0.298 0.5301204819277109
4 0.086 0.4382530120481928 0.172 0.13253012048192772
5 0.653 0.4397590361445783 0.044 0.15963855421686746
5 0.509 0.43373493975903615 0.046 0.14457831325301204
0 0.60746 0.5967168674698795 0.07305999999999994 0.4313855421686748
1 0.06492 0.4871385542168674 0.07816 0.19716867469879512
5 0.471 0.40512048192771083 0.046 0.08433734939759036
0 0.924 0.4442771084337349 0.03 0.10240963855421686
5 0.3359 0.4513855421686747 0.06377999999999998 0.1558132530120482
5 0.904 0.8855421686746988 0.19 0.21385542168674698
2 0.77 0.4397590361445783 0.096 0.10240963855421686
5 0.5453 0.5104518072289157 0.08940000000000003 0.31042168674698795
5 0.30228 0.5079819277108434 0.09110000000000003 0.2485542168674698
