0 0.7708737864077669 0.50078125 0.04466019417475728 0.0984375
0 0.7320388349514563 0.50390625 0.02912621359223301 0.0828125
0 0.9757281553398058 0.4890625 0.04854368932038835 0.1609375
0 0.8796116504854369 0.50078125 0.03495145631067961 0.0859375
0 0.6466019417475728 0.48359375 0.04854368932038835 0.0578125
0 0.8097087378640777 0.50625 0.015533980582524271 0.04375
2 0.39223300970873787 0.5078125 0.6194174757281553 0.246875
0 0.7135922330097088 0.5015625 0.019417475728155338 0.059375
0 0.9514563106796117 0.4984375 0.038834951456310676 0.134375
0 0.9184466019417475 0.503125 0.019417475728155338 0.0578125
1 0.38155339805825245 0.5140625 0.7631067961165049 0.93125
