2 0.3453125 0.790268456375839 0.690625 0.41946308724832215
2 0.9 0.9110738255033557 0.1984375 0.17785234899328858
0 0.26328125 0.5637583892617449 0.03125 0.23825503355704697
0 0.35859375 0.6174496644295302 0.0625 0.3053691275167785
0 0.75390625 0.6711409395973155 0.053125 0.19798657718120805
0 0.96328125 0.7281879194630873 0.0734375 0.29194630872483224
0 0.853125 0.5436241610738255 0.0125 0.06711409395973154
0 0.315625 0.5838926174496645 0.0328125 0.24161073825503357
0 0.8046875 0.5385906040268457 0.0078125 0.06375838926174497
0 0.165625 0.5989932885906041 0.0640625 0.24161073825503357
0 0.0921875 0.4966442953020134 0.0078125 0.030201342281879196
1 0.5390625 0.6476510067114094 0.065625 0.1912751677852349
1 0.6890625 0.6845637583892618 0.1734375 0.348993288590604
1 0.48671875 0.6812080536912751 0.0671875 0.21476510067114093
