1 0.842921875 0.5910714285714286 0.035843750000000084 0.20353571428571432
1 0.24493749999999997 0.6510357142857143 0.047609375000000044 0.27349999999999997
1 0.08409375 0.6429285714285715 0.03382812499999999 0.2216071428571429
1 0.698109375 0.6353571428571428 0.06396874999999991 0.22789285714285715
1 0.17334375 0.6043928571428571 0.027937499999999994 0.12667857142857133
1 0.55390625 0.7428571428571429 0.1953125 0.4392857142857143
1 0.44907812500000005 0.6966785714285714 0.14346875000000003 0.3219285714285714
1 0.3140625 0.7375 0.1359375 0.4142857142857143
5 0.1310625 0.6970714285714286 0.05975000000000001 0.29764285714285726
0 0.34384375 0.5779285714285715 0.01121875000000001 0.03824999999999993
0 0.353125 0.57375 0.008828124999999964 0.04664285714285715
