2 0.81875 0.777122641509434 0.04375 0.04245283018867924
4 0.35859375 0.7099056603773585 0.61875 0.3891509433962264
0 0.465625 0.6415094339622641 0.021875 0.04245283018867924
0 0.42578125 0.6356132075471698 0.0265625 0.03773584905660377
0 0.41015625 0.6391509433962265 0.0203125 0.02830188679245283
0 0.9703125 0.8466981132075472 0.0578125 0.14622641509433962
0 0.38671875 0.625 0.021875 0.04009433962264151
0 0.59140625 0.6698113207547169 0.0234375 0.030660377358490566
0 0.509375 0.652122641509434 0.00625 0.009433962264150943
0 0.3765625 0.6297169811320755 0.0171875 0.025943396226415096
0 0.64140625 0.6792452830188679 0.0078125 0.02358490566037736
0 0.6078125 0.6721698113207547 0.0125 0.030660377358490566
2 0.6765625 0.7948113207547169 0.015625 0.05188679245283019
2 0.05234375 0.7429245283018868 0.0671875 0.04245283018867924
5 0.6953125 0.7818396226415094 0.0578125 0.049528301886792456
0 0.5453125 0.6662735849056604 0.0109375 0.01650943396226415
0 0.6171875 0.6721698113207547 0.009375 0.030660377358490566
0 0.62578125 0.660377358490566 0.015625 0.03537735849056604
2 0.89375 0.7971698113207547 0.0625 0.05188679245283019
1 0.97109375 0.8702830188679245 0.0578125 0.1957547169811321
