4 0.665625 0.5489583333333333 0.4140625 0.39166666666666666
4 0.38671875 0.5583333333333333 0.1765625 0.22708333333333333
4 0.09375 0.5572916666666666 0.103125 0.18125
0 0.22109375 0.5927083333333333 0.015625 0.03333333333333333
0 0.190625 0.5770833333333333 0.0078125 0.025
0 0.27890625 0.5875 0.0109375 0.041666666666666664
0 0.26796875 0.5916666666666667 0.009375 0.04583333333333333
0 0.4578125 0.49583333333333335 0.009375 0.010416666666666666
0 0.5125 0.5927083333333333 0.025 0.035416666666666666
0 0.1578125 0.5895833333333333 0.009375 0.01875
0 0.59765625 0.45729166666666665 0.015625 0.020833333333333332
0 0.14921875 0.590625 0.01875 0.041666666666666664
1 0.37578125 0.6302083333333334 0.0421875 0.11041666666666666
