2 0.934375 0.76953125 0.13125 0.1125
0 0.21770833333333334 0.78359375 0.075 0.1296875
0 0.25729166666666664 0.78046875 0.041666666666666664 0.1203125
0 0.534375 0.73203125 0.029166666666666667 0.0546875
0 0.7197916666666667 0.75625 0.029166666666666667 0.0703125
0 0.771875 0.740625 0.022916666666666665 0.0484375
0 0.334375 0.77734375 0.035416666666666666 0.0859375
0 0.8260416666666667 0.7421875 0.041666666666666664 0.0828125
0 0.7552083333333334 0.7640625 0.0625 0.0875
0 0.6760416666666667 0.75859375 0.027083333333333334 0.0640625
0 0.47604166666666664 0.75625 0.029166666666666667 0.0453125
0 0.59375 0.7703125 0.020833333333333332 0.0328125
1 0.525 0.76953125 0.04583333333333333 0.0671875
1 0.5364583333333334 0.76953125 0.06666666666666667 0.0609375
