0 0.2246732026143791 0.5016339869281046 0.05228758169934641 0.1111111111111111
0 0.1772875816993464 0.49673202614379086 0.029411764705882353 0.10457516339869281
0 0.9795751633986928 0.4934640522875817 0.0196078431372549 0.07679738562091504
0 0.8758169934640523 0.4738562091503268 0.014705882352941176 0.0457516339869281
0 0.9411764705882353 0.48937908496732024 0.0196078431372549 0.07516339869281045
5 0.6797385620915033 0.4583333333333333 0.272875816993464 0.17483660130718953
5 0.46078431372549017 0.45669934640522875 0.13071895424836602 0.08660130718954248
5 0.35375816993464054 0.45588235294117646 0.08006535947712418 0.06045751633986928
5 0.29983660130718953 0.4526143790849673 0.03104575163398693 0.04411764705882353
5 0.2622549019607843 0.45016339869281047 0.032679738562091505 0.0392156862745098
0 0.7393790849673203 0.45016339869281047 0.0196078431372549 0.024509803921568627
0 0.8415032679738562 0.47875816993464054 0.02287581699346405 0.04084967320261438
0 0.025326797385620915 0.46486928104575165 0.0196078431372549 0.05065359477124183
0 0.061274509803921566 0.4624183006535948 0.021241830065359478 0.0392156862745098
0 0.042483660130718956 0.45098039215686275 0.0196078431372549 0.03431372549019608
5 0.23447712418300654 0.45588235294117646 0.014705882352941176 0.016339869281045753
5 0.19117647058823528 0.4485294117647059 0.05065359477124183 0.06699346405228758
5 0.22140522875816993 0.4411764705882353 0.013071895424836602 0.011437908496732025
1 0.18790849673202614 0.6838235294117647 0.3758169934640523 0.5996732026143791
