0 0.1390625 0.6025943396226415 0.1171875 0.4882075471698113
0 0.04921875 0.6674528301886793 0.0984375 0.6650943396226415
0 0.5171875 0.5165094339622641 0.0390625 0.19339622641509435
0 0.64453125 0.5200471698113207 0.0421875 0.125
0 0.796875 0.597877358490566 0.071875 0.29952830188679247
0 0.925 0.6674528301886793 0.071875 0.28537735849056606
0 0.2 0.5707547169811321 0.0734375 0.3443396226415094
0 0.971875 0.5094339622641509 0.0234375 0.02358490566037736
0 0.75 0.5672169811320755 0.04375 0.2028301886792453
0 0.8984375 0.5106132075471698 0.01875 0.02358490566037736
0 0.8609375 0.6650943396226415 0.0625 0.294811320754717
