0 0.51015625 0.558891454965358 0.0578125 0.22632794457274827
0 0.43671875 0.5785219399538106 0.0609375 0.2748267898383372
0 0.54296875 0.5265588914549654 0.0453125 0.17782909930715934
0 0.8078125 0.5715935334872979 0.146875 0.43648960739030024
0 0.6390625 0.48267898383371827 0.0203125 0.11085450346420324
0 0.3953125 0.2967667436489607 0.0203125 0.04849884526558892
0 0.64765625 0.24364896073903003 0.034375 0.03233256351039261
0 0.56484375 0.4745958429561201 0.021875 0.09699769053117784
0 0.65625 0.4561200923787529 0.01875 0.09468822170900693
0 0.7046875 0.31524249422632794 0.021875 0.03695150115473441
0 0.7203125 0.3163972286374134 0.01875 0.03926096997690531
0 0.5 0.2956120092378753 0.03125 0.06004618937644342
0 0.60859375 0.5473441108545035 0.0921875 0.3348729792147806
0 0.509375 0.36374133949191684 0.68125 0.19630484988452657
