2 0.9671875 0.607728337236534 0.065625 0.1756440281030445
0 0.66015625 0.6053864168618267 0.0765625 0.3255269320843091
0 0.91953125 0.5690866510538641 0.05 0.20374707259953162
0 0.5625 0.5339578454332553 0.05 0.1522248243559719
0 0.5203125 0.5526932084309133 0.04375 0.16159250585480095
0 0.47265625 0.5456674473067916 0.04375 0.18032786885245902
0 0.8546875 0.607728337236534 0.028125 0.10772833723653395
0 0.80234375 0.6814988290398126 0.0890625 0.24355971896955503
0 0.09375 0.6545667447306791 0.0796875 0.3700234192037471
0 0.190625 0.5304449648711944 0.0375 0.1920374707259953
0 0.07421875 0.4882903981264637 0.025 0.117096018735363
2 0.9359375 0.5081967213114754 0.1140625 0.09836065573770492
0 0.73984375 0.6768149882903981 0.1453125 0.234192037470726
0 0.88671875 0.6744730679156908 0.08125 0.2388758782201405
1 0.29609375 0.6498829039812647 0.1140625 0.4496487119437939
