0 0.73515625 0.5177083333333333 0.0546875 0.20833333333333334
0 0.8171875 0.50625 0.0578125 0.2125
0 0.2109375 0.5927083333333333 0.0203125 0.06458333333333334
1 0.126828125 0.6112916666666667 0.023140625 0.07258333333333335
0 0.15078125 0.6083333333333333 0.0171875 0.041666666666666664
0 0.3359375 0.5802083333333333 0.0296875 0.08333333333333333
0 0.2359375 0.6125 0.0171875 0.029166666666666667
0 0.07578125 0.6114583333333333 0.0109375 0.035416666666666666
0 0.45859375 0.3770833333333333 0.0625 0.1
0 0.3015625 0.575 0.01875 0.09583333333333334
0 0.403125 0.43645833333333334 0.025 0.035416666666666666
1 0.2859375 0.5208333333333334 0.078125 0.23333333333333334
1 0.2109375 0.5958333333333333 0.0203125 0.06875
1 0.043515625 0.6087291666666667 0.025953125 0.06216666666666667
0 0.09740625 0.6080833333333333 0.011921875 0.034604166666666665
0 0.0091875 0.6139375 0.018359375 0.05383333333333333
0 0.08728125 0.609375 0.01328125 0.033499999999999995
0 0.18487499999999998 0.5716458333333333 0.01140625 0.03770833333333334
