4 0.88203125 0.3333333333333333 0.2359375 0.3854166666666667
3 0.671875 0.5833333333333334 0.190625 0.3458333333333333
0 0.6703125 0.4739583333333333 0.1640625 0.32708333333333334
0 0.375 0.48020833333333335 0.096875 0.25625
0 0.50546875 0.5885416666666666 0.203125 0.5916666666666667
0 0.8453125 0.434375 0.13125 0.32708333333333334
0 0.9203125 0.421875 0.0796875 0.28541666666666665
0 0.58125 0.39166666666666666 0.0578125 0.16875
0 0.3875 0.33958333333333335 0.078125 0.11041666666666666
3 0.84921875 0.5458333333333333 0.171875 0.26666666666666666
0 0.30390625 0.3625 0.046875 0.14791666666666667
0 0.4234375 0.35104166666666664 0.03125 0.09166666666666666
1 0.375 0.50625 0.096875 0.30833333333333335
1 0.50546875 0.6395833333333333 0.203125 0.69375
