0 0.75078125 0.4777777777777778 0.1671875 0.3611111111111111
0 0.91953125 0.3625 0.021875 0.12777777777777777
0 0.93671875 0.3625 0.025 0.12222222222222222
0 0.971875 0.5458333333333333 0.05625 0.5138888888888888
0 0.38125 0.3375 0.05625 0.16944444444444445
0 0.7125 0.3055555555555556 0.01875 0.058333333333333334
0 0.41640625 0.34305555555555556 0.046875 0.18888888888888888
0 0.29375 0.28888888888888886 0.021875 0.1361111111111111
0 0.90390625 0.35555555555555557 0.015625 0.11944444444444445
0 0.21796875 0.2625 0.0171875 0.03611111111111111
0 0.1375 0.25277777777777777 0.0234375 0.05
1 0.546875 0.2986111111111111 0.0484375 0.10277777777777777
1 0.79765625 0.33194444444444443 0.0421875 0.10833333333333334
