2 0.059375 0.8177083333333334 0.1140625 0.10416666666666667
0 0.36015625 0.8833333333333333 0.075 0.225
0 0.44609375 0.8635416666666667 0.0609375 0.25
0 0.54765625 0.809375 0.0296875 0.14166666666666666
0 0.41015625 0.871875 0.0671875 0.25625
0 0.47421875 0.728125 0.0109375 0.041666666666666664
2 0.07890625 0.7541666666666667 0.0671875 0.06666666666666667
2 0.23984375 0.7177083333333333 0.034375 0.014583333333333334
2 0.11953125 0.7375 0.0671875 0.06875
0 0.56796875 0.8072916666666666 0.0265625 0.13541666666666666
0 0.58671875 0.809375 0.0234375 0.1375
2 0.875 0.9125 0.25 0.14791666666666667
2 0.025 0.7697916666666667 0.0484375 0.07083333333333333
0 0.74296875 0.8135416666666667 0.0453125 0.15
1 0.47421875 0.7291666666666666 0.0109375 0.04375
