3 0.37265625 0.6514084507042254 0.3265625 0.6056338028169014
3 0.7 0.40316901408450706 0.1421875 0.38028169014084506
3 0.91640625 0.5827464788732394 0.1671875 0.573943661971831
3 0.80078125 0.4753521126760563 0.1046875 0.4154929577464789
0 0.4546875 0.1742957746478873 0.0390625 0.1795774647887324
0 0.8 0.176056338028169 0.0953125 0.2112676056338028
0 0.22421875 0.1602112676056338 0.0375 0.11619718309859155
0 0.2609375 0.13556338028169015 0.040625 0.15140845070422534
0 0.246875 0.10211267605633803 0.021875 0.05985915492957746
0 0.50625 0.23591549295774647 0.0734375 0.4014084507042254
0 0.7015625 0.176056338028169 0.1 0.18661971830985916
0 0.1890625 0.2306338028169014 0.0234375 0.1936619718309859
0 0.0390625 0.3714788732394366 0.078125 0.5246478873239436
0 0.34375 0.16725352112676056 0.0640625 0.15492957746478872
0 0.5453125 0.2147887323943662 0.0328125 0.2711267605633803
3 0.61875 0.34507042253521125 0.075 0.2640845070422535
0 0.91953125 0.43485915492957744 0.153125 0.5845070422535211
0 0.49296875 0.40316901408450706 0.9828125 0.8063380281690141
1 0.13046875 0.23943661971830985 0.165625 0.4788732394366197
