0 0.58125 0.6370023419203747 0.1125 0.2459016393442623
0 0.80390625 0.5889929742388759 0.0625 0.2388758782201405
0 0.19375 0.6252927400468384 0.1015625 0.2786885245901639
0 0.5953125 0.5058548009367682 0.021875 0.08665105386416862
0 0.6109375 0.5 0.0265625 0.05152224824355972
0 0.64140625 0.5163934426229508 0.0171875 0.07494145199063232
0 0.68125 0.5152224824355972 0.0140625 0.0702576112412178
0 0.725 0.5046838407494145 0.0140625 0.03044496487119438
0 0.66796875 0.5210772833723654 0.01875 0.0585480093676815
0 0.7 0.5210772833723654 0.0140625 0.06791569086651054
0 0.73828125 0.5210772833723654 0.0140625 0.05152224824355972
0 0.62578125 0.5105386416861827 0.015625 0.04449648711943794
1 0.401171875 0.6305620608899297 0.18984375 0.2540983606557377
