3 0.1873536299765808 0.76015625 0.2529274004683841 0.2640625
0 0.20725995316159251 0.6859375 0.23653395784543327 0.2890625
0 0.8477751756440282 0.85390625 0.3044496487119438 0.259375
0 0.6756440281030445 0.4953125 0.0468384074941452 0.08125
0 0.9180327868852459 0.646875 0.12412177985948478 0.165625
0 0.31030444964871196 0.36328125 0.0234192037470726 0.0265625
0 0.7049180327868853 0.48046875 0.0468384074941452 0.0859375
0 0.9812646370023419 0.6046875 0.03747072599531616 0.2296875
2 0.2224824355971897 0.42734375 0.11475409836065574 0.05625
2 0.275175644028103 0.4171875 0.10304449648711944 0.05625
2 0.09016393442622951 0.4546875 0.11007025761124122 0.0828125
2 0.03747072599531616 0.4671875 0.07494145199063232 0.090625
5 0.31381733021077285 0.403125 0.09836065573770492 0.0546875
2 0.8571428571428571 0.375 0.08665105386416862 0.025
2 0.16276346604215455 0.4453125 0.07962529274004684 0.0671875
2 0.7810304449648712 0.36640625 0.06791569086651054 0.0171875
1 0.8501170960187353 0.44375 0.03044496487119438 0.0609375
0 0.20608899297423888 0.659375 0.24121779859484777 0.2484375
1 0.5257611241217799 0.53828125 0.07259953161592506 0.1109375
1 0.639344262295082 0.546875 0.06088992974238876 0.1203125
1 0.6756440281030445 0.4984375 0.0468384074941452 0.0875
1 0.7049180327868853 0.48046875 0.0468384074941452 0.0859375
1 0.45550351288056207 0.54765625 0.07962529274004684 0.1125
1 0.7605386416861827 0.47443749999999996 0.04215456674473068 0.07534375
