4 0.454 0.6023738872403561 0.858 0.3293768545994065
0 0.507 0.7537091988130564 0.08 0.1543026706231454
0 0.164 0.6839762611275965 0.06 0.27002967359050445
0 0.661 0.599406528189911 0.056 0.10979228486646884
0 0.814 0.6513353115727003 0.062 0.26112759643916916
0 0.836 0.6231454005934718 0.044 0.22551928783382788
0 0.702 0.34421364985163205 0.056 0.17210682492581603
0 0.106 0.6735905044510386 0.054 0.27002967359050445
0 0.933 0.6305637982195845 0.046 0.20178041543026706
0 0.968 0.6394658753709199 0.028 0.17507418397626112
0 0.87 0.6350148367952523 0.052 0.19584569732937684
