2 0.8375 0.7659817351598174 0.2859375 0.18036529680365296
2 0.12421875 0.70662100456621 0.059375 0.0958904109589041
4 0.39375 0.6073059360730594 0.5046875 0.58675799086758
0 0.67109375 0.7271689497716894 0.0203125 0.09360730593607305
0 0.8125 0.7214611872146118 0.025 0.0410958904109589
0 0.5890625 0.684931506849315 0.0234375 0.04794520547945205
0 0.609375 0.6997716894977168 0.0125 0.0410958904109589
0 0.14765625 0.6860730593607306 0.015625 0.0228310502283105
0 0.64921875 0.726027397260274 0.0234375 0.09360730593607305
0 0.0296875 0.7134703196347032 0.034375 0.1461187214611872
0 0.63359375 0.7317351598173516 0.0140625 0.0547945205479452
1 0.0265625 0.8059360730593608 0.053125 0.3105022831050228
1 0.0875 0.8116438356164384 0.109375 0.3219178082191781
