0 0.2371495327102804 0.80078125 0.018691588785046728 0.04375
0 0.7254672897196262 0.83359375 0.056074766355140186 0.1
0 0.977803738317757 0.85546875 0.04439252336448598 0.16875
0 0.6296728971962616 0.85546875 0.06074766355140187 0.1265625
0 0.12733644859813084 0.92109375 0.1261682242990654 0.1578125
0 0.10046728971962617 0.828125 0.06074766355140187 0.0921875
0 0.8235981308411215 0.82421875 0.07710280373831775 0.0890625
0 0.7616822429906542 0.8046875 0.035046728971962614 0.0734375
0 0.6740654205607477 0.79765625 0.028037383177570093 0.028125
0 0.6588785046728972 0.803125 0.04205607476635514 0.0375
0 0.19976635514018692 0.86640625 0.07476635514018691 0.140625
0 0.5408878504672897 0.79609375 0.030373831775700934 0.0390625
1 0.5327102803738317 0.8984375 0.24766355140186916 0.196875
