0 0.58359375 0.6041666666666666 0.11875 0.6229166666666667
0 0.3703125 0.6125 0.0625 0.22083333333333333
0 0.13671875 0.6104166666666667 0.0703125 0.18333333333333332
0 0.9578125 0.6083333333333333 0.0296875 0.09583333333333334
0 0.16796875 0.5541666666666667 0.0125 0.052083333333333336
0 0.78984375 0.584375 0.0203125 0.04583333333333333
0 0.76796875 0.596875 0.015625 0.020833333333333332
0 0.925 0.6135416666666667 0.0375 0.08333333333333333
0 0.8421875 0.6135416666666667 0.0078125 0.04375
1 0.22265625 0.6208333333333333 0.075 0.12708333333333333
1 0.7084374999999999 0.6249375 0.095 0.12820833333333334
0 0.2979375 0.5963333333333334 0.02228125 0.04845833333333334
0 0.8578281249999999 0.6032083333333333 0.011390625 0.019187500000000003
