2 0.4117647058823529 0.2375 0.1388235294117647 0.0671875
0 0.5494117647058824 0.22109375 0.0611764705882353 0.0703125
1 0.5129411764705882 0.2171875 0.04 0.06875
0 0.25058823529411767 0.21484375 0.01411764705882353 0.0328125
0 0.3305882352941176 0.21328125 0.018823529411764704 0.0390625
4 0.07529411764705882 0.259375 0.14352941176470588 0.1828125
4 0.08705882352941176 0.14609375 0.16941176470588235 0.04375
4 0.4164705882352941 0.196875 0.15529411764705883 0.0609375
1 0.9647058823529412 0.4770625 0.06588235294117648 0.397859375
0 0.24 0.21484375 0.01411764705882353 0.0359375
1 0.6129411764705882 0.54296875 0.5623529411764706 0.8703125
1 0.8088235294117647 0.3551875 0.3776470588235294 0.442734375
1 0.19265882352941174 0.315140625 0.2323529411764706 0.309546875
