2 0.82890625 0.5128805620608899 0.059375 0.02107728337236534
4 0.22265625 0.4297423887587822 0.4375 0.7587822014051522
1 0.53359375 0.5046838407494145 0.009375 0.03044496487119438
1 0.54296875 0.509367681498829 0.0109375 0.03278688524590164
2 0.51328125 0.5468384074941453 0.103125 0.06557377049180328
2 0.90625 0.5117096018735363 0.05625 0.01639344262295082
2 0.75 0.5128805620608899 0.0484375 0.0234192037470726
1 0.5484375 0.5035128805620609 0.0078125 0.03044496487119438
0 0.5546875 0.5046838407494145 0.00625 0.02576112412177986
2 0.4515625 0.5117096018735363 0.025 0.03044496487119438
1 0.56171875 0.6557377049180327 0.053125 0.2107728337236534
1 0.520046875 0.5653395784543326 0.032296875 0.13847775175644028
2 0.97559375 0.5166978922716627 0.037109375 0.023208430913348947
