1 0.6788125 0.5897708333333332 0.12985937500000003 0.6232916666666666
1 0.5629062499999999 0.35962500000000003 0.07284375000000001 0.28175
1 0.65625 0.2864583333333333 0.0640625 0.12083333333333333
1 0.59909375 0.30441666666666667 0.04242187499999996 0.21364583333333337
1 0.69609375 0.27291666666666664 0.053125 0.12291666666666666
1 0.61484375 0.25545833333333334 0.021875 0.13731249999999998
1 0.63984375 0.2145625 0.0203125 0.0749375
1 0.6856093750000001 0.20931249999999998 0.027468750000000063 0.031124999999999996
1 0.66640625 0.21354166666666666 0.0265625 0.041666666666666664
1 0.4171875 0.5177083333333333 0.1484375 0.5104166666666666
