1 0.26979166666666665 0.561203125 0.0875 0.18803125000000004
1 0.328125 0.533984375 0.052083333333333336 0.12420312500000001
1 0.43333333333333335 0.511359375 0.04583333333333333 0.09146874999999995
1 0.19791666666666666 0.547953125 0.04375 0.13029687499999998
1 0.3928333333333333 0.513109375 0.04137500000000003 0.09496874999999996
0 0.534375 0.5015625 0.035416666666666666 0.0828125
0 0.5041666666666667 0.48828125 0.0375 0.053125
0 0.5552083333333333 0.50390625 0.03125 0.0796875
1 0.221875 0.5478125 0.03125 0.13156250000000008
0 0.465625 0.5 0.027083333333333334 0.0671875
1 0.15 0.59765625 0.11666666666666667 0.2546875
6 0.7083333333333334 0.4765625 0.17916666666666667 0.15625
6 0.8552083333333333 0.4671875 0.13125 0.0890625
6 0.9729166666666667 0.459375 0.052083333333333336 0.0671875
6 0.7072916666666667 0.475 0.17708333333333334 0.15625
