0 0.76953125 0.41770833333333335 0.0453125 0.058333333333333334
2 0.3484375 0.5229166666666667 0.028125 0.025
2 0.05546875 0.53125 0.0734375 0.06875
2 0.0125 0.5395833333333333 0.0234375 0.06458333333333334
2 0.20078125 0.528125 0.040625 0.04375
5 0.83125 0.465625 0.3375 0.43333333333333335
2 0.37265625 0.521875 0.0234375 0.022916666666666665
2 0.41015625 0.5229166666666667 0.0421875 0.0375
2 0.16015625 0.525 0.034375 0.03333333333333333
5 0.1203125 0.5302083333333333 0.1140625 0.07708333333333334
5 0.2390625 0.5270833333333333 0.0609375 0.05
2 0.31328125 0.5177083333333333 0.0515625 0.04375
2 0.390625 0.5177083333333333 0.015625 0.020833333333333332
2 0.28984375 0.515625 0.009375 0.022916666666666665
1 0.44296875 0.5354166666666667 0.0453125 0.10416666666666667
