0 0.8886554621848739 0.70703125 0.20798319327731093 0.3609375
0 0.5619747899159664 0.5359375 0.07563025210084033 0.115625
0 0.24894957983193278 0.5109375 0.04411764705882353 0.115625
0 0.08928571428571429 0.57890625 0.06722689075630252 0.1953125
0 0.930672268907563 0.48046875 0.06302521008403361 0.0546875
0 0.8298319327731093 0.46484375 0.023109243697478993 0.028125
0 0.15336134453781514 0.58125 0.07773109243697479 0.1921875
0 0.29516806722689076 0.51171875 0.04411764705882353 0.115625
0 0.27521008403361347 0.46015625 0.01050420168067227 0.0078125
1 0.42331932773109243 0.5140625 0.07352941176470588 0.11875
