0 0.13125 0.6291079812206573 0.0734375 0.2605633802816901
0 0.40625 0.5258215962441315 0.03125 0.07276995305164319
0 0.79609375 0.5223004694835681 0.021875 0.09859154929577464
0 0.21875 0.5645539906103286 0.0296875 0.11737089201877934
0 0.2734375 0.5539906103286385 0.0203125 0.09859154929577464
0 0.1859375 0.5434272300469484 0.0109375 0.06807511737089202
0 0.17109375 0.5669014084507042 0.0265625 0.11737089201877934
0 0.446875 0.5410798122065728 0.021875 0.09859154929577464
0 0.15234375 0.6244131455399061 0.0234375 0.20892018779342722
0 0.06875 0.5669014084507042 0.034375 0.13849765258215962
0 0.09453125 0.528169014084507 0.0140625 0.051643192488262914
0 0.02734375 0.7734741784037559 0.0546875 0.352112676056338
0 0.41015625 0.6161971830985915 0.0421875 0.12441314553990611
