0 0.7084309133489461 0.57265625 0.0351288056206089 0.0578125
0 0.2775175644028103 0.56796875 0.0585480093676815 0.115625
0 0.5491803278688525 0.56875 0.02810304449648712 0.0453125
1 0.6615925058548009 0.567796875 0.01873536299765808 0.0375
0 0.6334894613583139 0.56875 0.01873536299765808 0.0265625
0 0.5 0.57578125 0.0117096018735363 0.0109375
0 0.3149882903981265 0.58203125 0.01405152224824356 0.021875
0 0.3594847775175644 0.5828125 0.0117096018735363 0.0234375
0 0.04215456674473068 0.57578125 0.08430913348946135 0.140625
0 0.43911007025761123 0.57265625 0.00702576112412178 0.0078125
1 0.6850117096018735 0.5703125 0.02107728337236534 0.040625
1 0.3957845433255269 0.57578125 0.04918032786885246 0.0890625
0 0.6193911007025762 0.56778125 0.00981264637002342 0.024375
