1 0.071875 0.6145833333333334 0.1421875 0.7625
1 0.309734375 0.6615208333333332 0.136640625 0.30637499999999995
1 0.19453125 0.6452083333333333 0.090625 0.3154374999999999
1 0.560828125 0.6772291666666667 0.04240624999999998 0.14406249999999995
1 0.5025625 0.6765833333333333 0.05581250000000004 0.17816666666666664
1 0.612828125 0.6886458333333334 0.03839062500000008 0.14814583333333337
0 0.2640625 0.64375 0.0296875 0.13333333333333333
1 0.75625 0.6832499999999999 0.0296875 0.11858333333333325
1 0.377453125 0.6663541666666667 0.04664062500000003 0.1681250000000001
1 0.809375 0.687125 0.0296875 0.10549999999999997
0 0.42734375 0.65 0.0234375 0.0875
1 0.53390625 0.6672083333333333 0.03685937500000005 0.13022916666666665
1 0.69140625 0.684375 0.04375 0.10625
0 0.46484375 0.6479166666666667 0.021875 0.08541666666666667
1 0.638 0.6780416666666667 0.028687500000000022 0.1289791666666666
0 0.06953125 0.646875 0.0296875 0.10833333333333334
0 0.4078125 0.65 0.01875 0.09166666666666666
0 0.8609375 0.66875 0.01875 0.06458333333333334
1 0.65859375 0.684375 0.028125 0.1
0 0.875 0.6729166666666667 0.015625 0.05625
0 0.84296875 0.6666666666666666 0.0171875 0.06666666666666667
2 0.97421875 0.68125 0.0515625 0.035416666666666666
1 0.7408750000000001 0.6896666666666668 0.016468749999999942 0.09802083333333324
1 0.7718906249999999 0.6844166666666667 0.015046874999999993 0.09543749999999988
