2 0.5875 0.49135802469135803 0.0265625 0.14074074074074075
2 0.9796875 0.5962962962962963 0.040625 0.1308641975308642
4 0.38125 0.3925925925925926 0.3828125 0.35802469135802467
0 0.77734375 0.48271604938271606 0.0390625 0.13580246913580246
0 0.84609375 0.4777777777777778 0.0296875 0.10864197530864197
0 0.828125 0.4617283950617284 0.0234375 0.1111111111111111
0 0.69375 0.45555555555555555 0.0265625 0.11358024691358025
0 0.0609375 0.5395061728395062 0.0640625 0.3333333333333333
0 0.8640625 0.49506172839506174 0.0359375 0.1308641975308642
0 0.91640625 0.4962962962962963 0.0390625 0.13580246913580246
4 0.08125 0.3493827160493827 0.159375 0.2740740740740741
1 0.11796875 0.6765432098765433 0.1625 0.6024691358024692
1 0.53125 0.6888888888888889 0.190625 0.6222222222222222
1 0.37578125 0.6419753086419753 0.1046875 0.5111111111111111
