2 0.54921875 0.84375 0.0921875 0.09791666666666667
2 0.4734375 0.8229166666666666 0.0484375 0.06666666666666667
0 0.64921875 0.8875 0.0640625 0.225
0 0.39453125 0.8510416666666667 0.0375 0.15208333333333332
0 0.2921875 0.8895833333333333 0.059375 0.20833333333333334
0 0.20546875 0.8802083333333334 0.0578125 0.20208333333333334
0 0.3296875 0.8635416666666667 0.0453125 0.15416666666666667
0 0.28828125 0.7958333333333333 0.015625 0.04583333333333333
0 0.34921875 0.821875 0.0203125 0.07083333333333333
0 0.24921875 0.8416666666666667 0.04375 0.12916666666666668
0 0.2734375 0.8020833333333334 0.0125 0.03333333333333333
0 0.49453125 0.859375 0.028125 0.12916666666666668
0 0.16640625 0.8427083333333333 0.028125 0.08958333333333333
0 0.3125 0.7927083333333333 0.015625 0.027083333333333334
0 0.36875 0.8208333333333333 0.015625 0.058333333333333334
2 0.59765625 0.7979166666666667 0.0640625 0.06041666666666667
