2 0.853125 0.20491803278688525 0.0328125 0.04918032786885246
2 0.97890625 0.20608899297423888 0.0375 0.0585480093676815
0 0.071875 0.25644028103044497 0.1046875 0.34660421545667447
0 0.1671875 0.1885245901639344 0.075 0.1920374707259953
0 0.28046875 0.18266978922716628 0.059375 0.16627634660421545
0 0.39609375 0.20843091334894615 0.053125 0.1592505854800937
0 0.4265625 0.18618266978922718 0.0375 0.14285714285714285
0 0.56328125 0.19789227166276346 0.025 0.11007025761124122
1 0.513109375 0.20772833723653397 0.05973437499999999 0.14613583138173303
3 0.11875 0.6744730679156908 0.2375 0.6182669789227166
3 0.23359375 0.5936768149882904 0.2875 0.5011709601873536
3 0.334375 0.5515222482435597 0.1875 0.40046838407494145
3 0.48046875 0.3946135831381733 0.11875 0.3255269320843091
3 0.4796875 0.4028103044496487 0.259375 0.23185011709601874
3 0.6390625 0.30562060889929743 0.0890625 0.1686182669789227
3 0.3703125 0.45433255269320844 0.1671875 0.40046838407494145
3 0.0734375 0.9016393442622951 0.146875 0.19672131147540983
3 0.5796875 0.37822014051522246 0.2203125 0.22950819672131148
3 0.6609375 0.3079625292740047 0.1 0.19672131147540983
3 0.4140625 0.45433255269320844 0.14375 0.297423887587822
3 0.69296875 0.3149882903981265 0.084375 0.16393442622950818
0 0.54609375 0.16627634660421545 0.01875 0.03981264637002342
4 0.73125 0.17096018735362997 0.08125 0.0351288056206089
0 0.053125 0.09836065573770492 0.03125 0.05152224824355972
0 0.6390625 0.18501170960187355 0.0265625 0.053864168618266976
1 0.93515625 0.3126463700234192 0.0609375 0.2693208430913349
