0 0.48125 0.3997797356828194 0.184375 0.31497797356828194
0 0.6140625 0.3590308370044053 0.1515625 0.29295154185022027
0 0.27578125 0.1277533039647577 0.009375 0.013215859030837005
0 0.4546875 0.10352422907488987 0.0109375 0.022026431718061675
0 0.490625 0.11013215859030837 0.003125 0.00881057268722467
0 0.58046875 0.09140969162995595 0.0046875 0.015418502202643172
0 0.01796875 0.16079295154185022 0.0046875 0.028634361233480177
0 0.228125 0.1288546255506608 0.0078125 0.022026431718061675
0 0.20390625 0.1299559471365639 0.00625 0.013215859030837005
0 0.2671875 0.1277533039647577 0.00625 0.01762114537444934
0 0.36015625 0.4834801762114537 0.1734375 0.32158590308370044
0 0.24921875 0.1288546255506608 0.00625 0.01762114537444934
1 0.35703125 0.24669603524229075 0.06875 0.12334801762114538
0 0.0180511474609375 0.15736852973568283 0.007259368896484375 0.0187891485407489
0 0.033477783203125 0.15736852973568283 0.007122039794921875 0.017326455809471366
0 0.62158203125 0.08836384911894272 0.00812530517578125 0.011282093199339207
0 0.359130859375 0.11348774779735683 0.0121002197265625 0.010115165542400882
0 0.4677734375 0.10238849118942732 0.004772186279296875 0.00958278840859031
0 0.34814453125 0.11632709251101321 0.0078125 0.010158185916850221
0 0.6064453125 0.09077299008810573 0.0136871337890625 0.013325560985682819
0 0.44189453125 0.10677656938325991 0.006488800048828125 0.009883931029735683
0 0.6591796875 0.08836384911894272 0.0104522705078125 0.012088725220264317
0 0.4140625 0.11030424008810573 0.006389617919921875 0.011325113573788546
0 0.7744140625 0.07554377753303965 0.00530242919921875 0.012863091960352423
0 0.5673828125 0.09077299008810573 0.0062408447265625 0.015132416712555066
0 0.257080078125 0.1263078193832599 0.00464630126953125 0.01885367910242291
0 0.420166015625 0.11064840308370044 0.0194549560546875 0.014444090721365639
0 0.66748046875 0.08625585077092511 0.004364013671875 0.009217115225770926
0 0.68212890625 0.08724531938325991 0.00930023193359375 0.011454174697136563
0 0.499267578125 0.10677656938325991 0.0235137939453125 0.015605640831497798
0 0.73974609375 0.08268515969162996 0.01560211181640625 0.015132416712555066
0 0.1826171875 0.1351700165198238 0.00841522216796875 0.011325113573788546
0 0.45263671875 0.10109787995594714 0.005100250244140625 0.017251170154185022
0 0.80419921875 0.07928655011013216 0.01934814453125 0.01616490569933921
0 0.309814453125 0.11615501101321586 0.0048675537109375 0.01686398678414097
0 0.76220703125 0.08285724118942732 0.016845703125 0.01218552106277533
0 0.51904296875 0.10256057268722467 0.005535125732421875 0.01251892896475771
0 0.315673828125 0.1199408039647577 0.00787353515625 0.011497195071585904
0 0.047088623046875 0.15409898127753305 0.00809478759765625 0.014175213381057268
0 0.52734375 0.09911894273127753 0.02508544921875 0.014444090721365639
0 0.00392913818359375 0.16235889317180616 0.007755279541015625 0.022693247522026432
0 0.66015625 0.07782385737885462 0.00426483154296875 0.010357155148678415
0 0.48828125 0.10015143171806168 0.01214599609375 0.014616172219162995
0 0.7978515625 0.07610304240088106 0.005641937255859375 0.01597131401431718
0 0.0214080810546875 0.16347742290748898 0.01142120361328125 0.023037410517621145
0 0.163818359375 0.13086797907488987 0.006565093994140625 0.012669500275330396
0 0.362548828125 0.11469231828193832 0.0328369140625 0.0148958046530837
0 0.06463623046875 0.12544741189427314 0.00609588623046875 0.01745551693281938
0 0.2213134765625 0.15143171806167402 0.01132965087890625 0.0090396561811674
