2 0.13203125 0.6885416666666667 0.2640625 0.28958333333333336
4 0.315625 0.528125 0.440625 0.475
0 0.93984375 0.6916666666666667 0.1109375 0.39375
0 0.7984375 0.6072916666666667 0.0390625 0.1375
2 0.7359375 0.5802083333333333 0.071875 0.08958333333333333
2 0.759375 0.5520833333333334 0.0625 0.10208333333333333
0 0.9875 0.6333333333333333 0.025 0.19375
2 0.63203125 0.603125 0.0328125 0.10625
2 0.6640625 0.5979166666666667 0.075 0.09375
2 0.69296875 0.5833333333333334 0.0703125 0.07708333333333334
4 0.76015625 0.54375 0.065625 0.125
0 0.96875 0.5489583333333333 0.0203125 0.03333333333333333
2 0.61484375 0.6114583333333333 0.0390625 0.12708333333333333
2 0.8421875 0.5447916666666667 0.025 0.04583333333333333
2 0.821875 0.5375 0.01875 0.04791666666666667
1 0.52421875 0.66875 0.0625 0.36041666666666666
1 0.596875 0.6697916666666667 0.06875 0.30416666666666664
