3 0.46640625 0.6074766355140186 0.28125 0.6308411214953271
2 0.28828125 0.4871495327102804 0.215625 0.37149532710280375
0 0.36015625 0.3072429906542056 0.071875 0.07710280373831775
0 0.0421875 0.4369158878504673 0.0484375 0.20794392523364486
0 0.08359375 0.35046728971962615 0.01875 0.1308411214953271
0 0.06953125 0.2897196261682243 0.015625 0.056074766355140186
0 0.6296875 0.4848130841121495 0.0734375 0.12850467289719625
0 0.721875 0.4322429906542056 0.0484375 0.14485981308411214
0 0.63203125 0.39369158878504673 0.0390625 0.15186915887850466
0 0.59921875 0.316588785046729 0.0234375 0.09345794392523364
0 0.01171875 0.4322429906542056 0.0234375 0.20794392523364486
0 0.45703125 0.31542056074766356 0.1484375 0.21728971962616822
0 0.27421875 0.3247663551401869 0.05 0.0514018691588785
0 0.68046875 0.46261682242990654 0.040625 0.12850467289719625
5 0.1671875 0.4357476635514019 0.1375 0.3247663551401869
0 0.53046875 0.29906542056074764 0.034375 0.04906542056074766
0 0.56328125 0.3492990654205608 0.0484375 0.08177570093457943
