4 0.262 0.519280205655527 0.52 0.44473007712082263
0 0.753 0.5989717223650386 0.066 0.2596401028277635
0 0.78 0.5809768637532133 0.046 0.2185089974293059
0 0.84 0.5822622107969152 0.07 0.2776349614395887
0 0.895 0.5784061696658098 0.056 0.2185089974293059
0 0.938 0.5681233933161953 0.046 0.22879177377892032
0 0.55 0.5038560411311054 0.03 0.11568123393316196
0 0.606 0.4910025706940874 0.028 0.07197943444730077
2 0.85 0.519280205655527 0.262 0.10539845758354756
0 0.963 0.5719794344473008 0.026 0.14652956298200515
0 0.854 0.45115681233933164 0.022 0.03598971722365039
0 0.566 0.4961439588688946 0.022 0.10539845758354756
0 0.921 0.5526992287917738 0.044 0.2210796915167095
0 0.523 0.4974293059125964 0.014 0.08740359897172237
1 0.629 0.5951156812339332 0.076 0.2467866323907455
