2 0.859375 0.4921875 0.209375 0.1328125
2 0.47734375 0.4501953125 0.06875 0.052734375
0 0.6359375 0.716796875 0.15625 0.5546875
0 0.74921875 0.6796875 0.1375 0.513671875
1 0.485 0.51326171875 0.12687500000000002 0.1808203125
0 0.971875 0.4990234375 0.0328125 0.146484375
0 0.340625 0.4794921875 0.0359375 0.0546875
0 0.046875 0.4375 0.0171875 0.048828125
2 0.43515625 0.44921875 0.0375 0.060546875
2 0.1859375 0.4560546875 0.0546875 0.06640625
0 0.9171875 0.5078125 0.0375 0.111328125
2 0.40078125 0.4453125 0.0453125 0.05078125
2 0.0140625 0.4736328125 0.028125 0.095703125
4 0.93125 0.3935546875 0.1375 0.111328125
5 0.3046875 0.400390625 0.1546875 0.193359375
2 0.9484375 0.4931640625 0.103125 0.099609375
5 0.59765625 0.4443359375 0.1375 0.123046875
1 0.2953125 0.4921875 0.15 0.146484375
