2 0.5890625 0.21458333333333332 0.05625 0.06458333333333334
0 0.715625 0.49375 0.178125 0.33125
1 0.471875 0.25833333333333336 0.04375 0.08958333333333333
1 0.27890625 0.2111458333333333 0.0296875 0.12018749999999999
0 0.30546875 0.20104166666666667 0.021875 0.058333333333333334
0 0.49296875 0.23125 0.01875 0.08541666666666667
0 0.32578125 0.19583333333333333 0.025 0.07083333333333333
0 0.54765625 0.23125 0.0359375 0.11041666666666666
1 0.3546875 0.228125 0.0234375 0.09375
1 0.21640625 0.2625 0.04375 0.16458333333333333
1 0.52625 0.5369583333333333 0.185 0.6518958333333333
1 0.38390625 0.23760416666666667 0.0478125 0.14645833333333333
1 0.31703125 0.2588333333333333 0.0315625 0.09564583333333333
