0 0.60625 0.37265625 0.31875 0.7296875
0 0.8541666666666666 0.309375 0.12708333333333333 0.2421875
0 0.31666666666666665 0.29921875 0.041666666666666664 0.140625
0 0.271875 0.28671875 0.05625 0.0703125
0 0.03958333333333333 0.2578125 0.07916666666666666 0.065625
0 0.14479166666666668 0.2546875 0.04791666666666667 0.0640625
0 0.026041666666666668 0.7078125 0.052083333333333336 0.14375
0 0.020833333333333332 0.259375 0.03958333333333333 0.0578125
0 0.4010416666666667 0.29453125 0.09375 0.1640625
0 0.1125 0.3234375 0.09583333333333334 0.2015625
0 0.234375 0.2765625 0.020833333333333332 0.053125
0 0.9645833333333333 0.2609375 0.06875 0.059375
0 0.43854166666666666 0.25078125 0.04375 0.0453125
0 0.47291666666666665 0.31796875 0.6125 0.1671875
1 0.23645833333333333 0.27734375 0.027083333333333334 0.053125
1 0.2765208333333333 0.305671875 0.049958333333333334 0.11596875
1 0.3169166666666667 0.31437499999999996 0.06858333333333334 0.17190624999999998
0 0.443359375 0.269287109375 0.044270833333333336 0.062103271484375
0 0.4710286458333333 0.26904296875 0.034932454427083336 0.040771484375
0 0.20100911458333334 0.2685546875 0.020406087239583332 0.03515625
0 0.4182942708333333 0.264892578125 0.0411376953125 0.0709228515625
