0 0.40234375 0.6260416666666667 0.1125 0.4125
0 0.0984375 0.5166666666666667 0.053125 0.16041666666666668
0 0.15078125 0.51875 0.0421875 0.15416666666666667
0 0.19453125 0.49166666666666664 0.0265625 0.05416666666666667
0 0.16328125 0.44583333333333336 0.0203125 0.041666666666666664
0 0.13828125 0.44166666666666665 0.0171875 0.03333333333333333
0 0.559375 0.6010416666666667 0.11875 0.45625
0 0.65234375 0.49375 0.034375 0.12708333333333333
0 0.68515625 0.48854166666666665 0.0296875 0.13125
0 0.60703125 0.48020833333333335 0.0359375 0.13541666666666666
0 0.72890625 0.48125 0.0328125 0.09166666666666666
0 0.79296875 0.48333333333333334 0.028125 0.12708333333333333
1 0.30390625 0.5 0.0359375 0.13333333333333333
1 0.911875 0.5148125 0.06375 0.17120833333333335
