4 0.64609375 0.6020833333333333 0.14375 0.15416666666666667
4 0.2578125 0.628125 0.515625 0.23333333333333334
2 0.52734375 0.6416666666666667 0.0734375 0.06875
2 0.9109375 0.7760416666666666 0.178125 0.42291666666666666
2 0.05 0.7302083333333333 0.1 0.175
2 0.7515625 0.5520833333333334 0.028125 0.029166666666666667
2 0.7703125 0.534375 0.0265625 0.03333333333333333
2 0.5484375 0.6197916666666666 0.0609375 0.08333333333333333
2 0.73125 0.5645833333333333 0.0390625 0.03125
0 0.74609375 0.6791666666666667 0.0296875 0.10208333333333333
2 0.7859375 0.5291666666666667 0.021875 0.03333333333333333
2 0.87109375 0.5239583333333333 0.021875 0.016666666666666666
2 0.909375 0.525 0.0078125 0.027083333333333334
0 0.74765625 0.725 0.0328125 0.04583333333333333
1 0.7328125 0.5885416666666666 0.015625 0.06458333333333334
