0 0.43984375 0.5411764705882353 0.10625 0.3811764705882353
0 0.95546875 0.5694117647058824 0.0890625 0.45176470588235296
0 0.853125 0.4823529411764706 0.0828125 0.2211764705882353
0 0.20078125 0.528235294117647 0.096875 0.40941176470588236
0 0.64921875 0.6270588235294118 0.209375 0.7082352941176471
0 0.1515625 0.4988235294117647 0.05625 0.25882352941176473
0 0.9140625 0.5 0.059375 0.25882352941176473
0 0.065625 0.3811764705882353 0.0296875 0.03058823529411765
0 0.490625 0.5117647058823529 0.0453125 0.25176470588235295
0 0.0921875 0.5011764705882353 0.05 0.21176470588235294
0 0.2890625 0.5070588235294118 0.071875 0.29411764705882354
0 0.121875 0.4788235294117647 0.0375 0.22823529411764706
