0 0.6010416666666667 0.3328125 0.05416666666666667 0.140625
0 0.5114583333333333 0.3234375 0.04791666666666667 0.1390625
0 0.5520833333333334 0.3453125 0.0625 0.165625
0 0.6635416666666667 0.35859375 0.06666666666666667 0.1546875
0 0.8239583333333333 0.38046875 0.05625 0.1375
0 0.3614583333333333 0.4875 0.4354166666666667 0.825
0 0.08020833333333334 0.32734375 0.07083333333333333 0.125
0 0.5645833333333333 0.3296875 0.03958333333333333 0.14375
0 0.17604166666666668 0.353125 0.04583333333333333 0.1828125
0 0.984375 0.36484375 0.03125 0.175
