2 0.57 0.42342342342342343 0.114 0.06906906906906907
2 0.519 0.38288288288288286 0.05 0.03903903903903904
2 0.7 0.3708708708708709 0.048 0.036036036036036036
0 0.158 0.5930930930930931 0.306 0.8138138138138138
0 0.442 0.6576576576576577 0.172 0.6636636636636637
0 0.752 0.6621621621621622 0.244 0.6486486486486487
0 0.336 0.46546546546546547 0.128 0.2852852852852853
2 0.678 0.40540540540540543 0.066 0.04804804804804805
3 0.761 0.8783783783783784 0.166 0.23423423423423423
3 0.456 0.8483483483483484 0.11 0.2672672672672673
0 0.011 0.42792792792792794 0.014 0.024024024024024024
2 0.494 0.36936936936936937 0.018 0.021021021021021023
2 0.214 0.4084084084084084 0.032 0.03003003003003003
0 0.298 0.6501501501501501 0.188 0.6786786786786787
5 0.699 0.36936936936936937 0.054 0.03903903903903904
2 0.399 0.4114114114114114 0.022 0.02702702702702703
3 0.703 0.6966966966966966 0.044 0.16816816816816818
