5 0.115625 0.634375 0.23125 0.30833333333333335
0 0.471875 0.640625 0.0046875 0.025
0 0.60625 0.6666666666666666 0.0265625 0.11041666666666666
0 0.58515625 0.6697916666666667 0.0203125 0.1
0 0.4515625 0.6677083333333333 0.0375 0.12291666666666666
0 0.6328125 0.6708333333333333 0.0265625 0.14375
0 0.6203125 0.64375 0.0125 0.06875
0 0.6578125 0.63125 0.0125 0.041666666666666664
0 0.49296875 0.6572916666666667 0.0234375 0.10208333333333333
0 0.8359375 0.6520833333333333 0.0140625 0.10833333333333334
0 0.90078125 0.6416666666666667 0.009375 0.06666666666666667
0 0.3046875 0.6604166666666667 0.01875 0.06666666666666667
0 0.8203125 0.6541666666666667 0.0234375 0.13541666666666666
0 0.2484375 0.6770833333333334 0.0421875 0.11666666666666667
