0 0.7540983606557377 0.43671875 0.2154566744730679 0.3796875
0 0.3981264637002342 0.49453125 0.4964871194379391 0.596875
0 0.08548009367681499 0.328125 0.14285714285714285 0.2625
0 0.6416861826697893 0.2953125 0.0702576112412178 0.1234375
0 0.6124121779859485 0.28984375 0.04215456674473068 0.115625
0 0.1323185011709602 0.3140625 0.08196721311475409 0.1765625
0 0.16744730679156908 0.28828125 0.0468384074941452 0.11875
0 0.24941451990632318 0.31171875 0.0936768149882904 0.1578125
0 0.8583138173302107 0.28046875 0.04449648711943794 0.0796875
5 0.117096018735363 0.23828125 0.234192037470726 0.1640625
0 0.34192037470725994 0.34453125 0.06557377049180328 0.16875
0 0.702576112412178 0.275 0.05152224824355972 0.0640625
0 0.5573770491803278 0.29765625 0.06791569086651054 0.11875
0 0.5913348946135831 0.2546875 0.02107728337236534 0.0296875
0 0.265807962529274 0.3140625 0.14754098360655737 0.1625
