2 0.4953125 0.19437939110070257 0.19375 0.20843091334894615
2 0.28046875 0.14637002341920374 0.328125 0.18032786885245902
2 0.4640625 0.06323185011709602 0.1609375 0.0585480093676815
2 0.7125 0.1358313817330211 0.2546875 0.1451990632318501
2 0.82265625 0.08196721311475409 0.1125 0.1522248243559719
2 0.95546875 0.10304449648711944 0.0890625 0.117096018735363
0 0.42421875 0.22833723653395785 0.071875 0.20843091334894615
0 0.28828125 0.20843091334894615 0.075 0.1686182669789227
1 0.33203125 0.48243559718969553 0.1046875 0.4332552693208431
1 0.3203125 0.4707259953161593 0.1265625 0.4098360655737705
1 0.28515625 0.40749414519906324 0.2828125 0.5105386416861827
1 0.28203125 0.47306791569086654 0.075 0.40749414519906324
1 0.21953125 0.4309133489461358 0.075 0.39344262295081966
1 0.375 0.46252927400468385 0.0734375 0.3864168618266979
1 0.46875 0.47892271662763464 0.0859375 0.4449648711943794
1 0.56171875 0.5081967213114754 0.11875 0.47306791569086654
1 0.771875 0.5409836065573771 0.1234375 0.44730679156908665
1 0.1234375 0.36885245901639346 0.05625 0.28805620608899296
1 0.16328125 0.3981264637002342 0.0625 0.30210772833723654
1 0.665625 0.5281030444964872 0.1171875 0.4238875878220141
