0 0.2171875 0.30833333333333335 0.3078125 0.6145833333333334
0 0.70078125 0.4822916666666667 0.184375 0.9416666666666667
0 0.9609375 0.5666666666666667 0.078125 0.5458333333333333
0 0.80546875 0.4083333333333333 0.0578125 0.3125
0 0.0296875 0.4479166666666667 0.059375 0.45208333333333334
0 0.353125 0.39479166666666665 0.040625 0.21458333333333332
0 0.3796875 0.4239583333333333 0.03125 0.2
0 0.45234375 0.41354166666666664 0.1125 0.35
0 0.59453125 0.42604166666666665 0.0515625 0.20208333333333334
0 0.81640625 0.21145833333333333 0.1078125 0.12708333333333333
0 0.57734375 0.4 0.028125 0.10625
0 0.40390625 0.4270833333333333 0.040625 0.2791666666666667
1 0.5328125 0.43125 0.075 0.275
