2 0.709375 0.6364583333333333 0.1828125 0.08541666666666667
2 0.25234375 0.634375 0.10625 0.05416666666666667
2 0.79921875 0.6052083333333333 0.0609375 0.0375
2 0.8796875 0.5979166666666667 0.028125 0.022916666666666665
2 0.8421875 0.5989583333333334 0.040625 0.025
2 0.90546875 0.596875 0.053125 0.03125
2 0.94453125 0.5916666666666667 0.0359375 0.029166666666666667
2 0.0453125 0.6677083333333333 0.090625 0.075
0 0.38046875 0.6739583333333333 0.03125 0.15208333333333332
0 0.5 0.6125 0.0140625 0.03333333333333333
0 0.703125 0.6375 0.021875 0.06666666666666667
0 0.4671875 0.6197916666666666 0.0171875 0.05416666666666667
0 0.4421875 0.6135416666666667 0.0109375 0.0375
0 0.51640625 0.6125 0.0140625 0.058333333333333334
2 0.60703125 0.6041666666666666 0.103125 0.05625
2 0.984375 0.5885416666666666 0.03125 0.020833333333333332
2 0.1921875 0.6322916666666667 0.028125 0.03958333333333333
2 0.96953125 0.5895833333333333 0.0234375 0.022916666666666665
5 0.51796875 0.5166666666666667 0.13125 0.17916666666666667
0 0.13828125 0.63125 0.0171875 0.05
1 0.61328125 0.65625 0.0625 0.11875
1 0.5 0.6385416666666667 0.0578125 0.0875
1 0.48671875 0.640625 0.046875 0.09375
1 0.278125 0.6729166666666667 0.1 0.13125
1 0.1765625 0.6322916666666667 0.015625 0.06666666666666667
1 0.1640625 0.6375 0.0265625 0.06666666666666667
1 0.54453125 0.6479166666666667 0.0578125 0.11041666666666666
