0 0.31171875 0.3805620608899297 0.140625 0.6627634660421545
0 0.0875 0.3149882903981265 0.046875 0.14988290398126464
0 0.18125 0.32669789227166274 0.1296875 0.4028103044496487
0 0.60390625 0.22131147540983606 0.05 0.1522248243559719
0 0.634375 0.20843091334894615 0.034375 0.053864168618266976
0 0.6703125 0.22365339578454332 0.0359375 0.1288056206088993
0 0.7140625 0.22014051522248243 0.0796875 0.1756440281030445
0 0.86015625 0.3372365339578454 0.1828125 0.5995316159250585
0 0.96015625 0.23536299765807964 0.0421875 0.09836065573770492
0 0.14765625 0.3337236533957845 0.065625 0.4215456674473068
0 0.05859375 0.3360655737704918 0.021875 0.0468384074941452
0 0.92109375 0.24121779859484777 0.04375 0.09836065573770492
0 0.015625 0.3981264637002342 0.0296875 0.06323185011709602
0 0.973625 0.3815456674473068 0.049078125 0.424215456674473
0 0.49945312499999994 0.31798594847775175 0.03384375 0.04358313817330211
