0 0.7828125 0.3442622950819672 0.0578125 0.12646370023419204
0 0.9078125 0.34543325526932084 0.071875 0.2576112412177986
0 0.86015625 0.40749414519906324 0.046875 0.2903981264637002
0 0.59921875 0.40749414519906324 0.053125 0.15456674473067916
0 0.63671875 0.4028103044496487 0.040625 0.08665105386416862
0 0.83671875 0.5667447306791569 0.06875 0.2576112412177986
0 0.7921875 0.5538641686182669 0.05 0.22482435597189696
0 0.9546875 0.46252927400468385 0.090625 0.5644028103044496
0 0.9390625 0.3864168618266979 0.0625 0.297423887587822
0 0.5265625 0.3946135831381733 0.09375 0.3255269320843091
0 0.8921875 0.5409836065573771 0.0640625 0.2786885245901639
1 0.2859375 0.5807962529274004 0.56875 0.8126463700234192
