4 0.8609375 0.5010224948875256 0.278125 0.9979550102249489
0 0.60234375 0.16768916155419222 0.10625 0.3231083844580777
0 0.396875 0.18404907975460122 0.14375 0.3619631901840491
0 0.09296875 0.16359918200409 0.05 0.2249488752556237
0 0.0421875 0.1687116564417178 0.065625 0.2147239263803681
0 0.94921875 0.2116564417177914 0.1015625 0.4233128834355828
0 0.115625 0.16666666666666666 0.0890625 0.21881390593047034
2 0.83671875 0.15132924335378323 0.3234375 0.2903885480572597
1 0.49453125 0.5255623721881391 0.4875 0.8343558282208589
0 0.47578125 0.5 0.2109375 0.7832310838445807
