2 0.93828125 0.5747663551401869 0.1109375 0.08411214953271028
2 0.80625 0.5093457943925234 0.01875 0.03271028037383177
2 0.29140625 0.5373831775700935 0.0796875 0.04205607476635514
2 0.475 0.514018691588785 0.028125 0.02570093457943925
0 0.2875 0.7394859813084113 0.0484375 0.08644859813084112
0 0.3046875 0.7313084112149533 0.040625 0.08177570093457943
0 0.21171875 0.75 0.03125 0.10046728971962617
0 0.34140625 0.7161214953271028 0.0359375 0.07242990654205607
0 0.36328125 0.6764018691588785 0.0203125 0.035046728971962614
0 0.375 0.6950934579439252 0.025 0.06775700934579439
0 0.390625 0.6658878504672897 0.0171875 0.0514018691588785
0 0.40390625 0.6764018691588785 0.0296875 0.06775700934579439
0 0.32578125 0.7032710280373832 0.0234375 0.06542056074766354
2 0.98046875 0.5981308411214953 0.0390625 0.09579439252336448
2 0.53046875 0.5023364485981309 0.0203125 0.02102803738317757
2 0.55234375 0.4953271028037383 0.015625 0.016355140186915886
2 0.5765625 0.49065420560747663 0.015625 0.016355140186915886
0 0.5765625 0.5712616822429907 0.0078125 0.018691588785046728
0 0.5734375 0.5771028037383178 0.0125 0.018691588785046728
2 0.85625 0.5397196261682243 0.0453125 0.0514018691588785
2 0.840625 0.522196261682243 0.0453125 0.0514018691588785
2 0.58828125 0.49065420560747663 0.009375 0.014018691588785047
2 0.4953125 0.5046728971962616 0.03125 0.028037383177570093
0 0.609375 0.5549065420560748 0.009375 0.02102803738317757
1 0.921875 0.5128504672897196 0.0234375 0.053738317757009345
0 0.367671875 0.6845093457943926 0.026500000000000003 0.04974299065420561
2 0.8154375 0.511822429906542 0.015609375 0.03651869158878505
0 0.58740625 0.5702336448598131 0.01615625 0.02619158878504673
2 0.7841875 0.48883177570093456 0.012140624999999999 0.02119158878504673
0 0.5966875 0.5585514018691589 0.014453125 0.024158878504672895
2 0.792 0.49394859813084113 0.014109374999999999 0.025584112149532708
2 0.64209375 0.4899299065420561 0.017640625 0.014789719626168225
2 0.667 0.4822663551401869 0.012484375 0.012663551401869158
2 0.606453125 0.4866355140186916 0.015484375 0.01219626168224299
2 0.630375 0.4829906542056075 0.01571875 0.01485981308411215
