0 0.32421875 0.322463768115942 0.0296875 0.11835748792270531
0 0.62890625 0.5579710144927537 0.1109375 0.6884057971014492
0 0.475 0.5434782608695652 0.1890625 0.6956521739130435
0 0.73125 0.3248792270531401 0.0484375 0.14009661835748793
0 0.8109375 0.3333333333333333 0.0265625 0.10386473429951691
0 0.025 0.30676328502415456 0.0375 0.1497584541062802
0 0.0421875 0.3031400966183575 0.0265625 0.1473429951690821
0 0.92265625 0.3695652173913043 0.053125 0.20531400966183574
0 0.8734375 0.32367149758454106 0.0109375 0.050724637681159424
0 0.85234375 0.32608695652173914 0.0140625 0.04589371980676329
0 0.51796875 0.3140096618357488 0.059375 0.1497584541062802
0 0.8359375 0.321256038647343 0.015625 0.057971014492753624
0 0.26875 0.30917874396135264 0.015625 0.09178743961352658
