3 0.872 0.784 0.252 0.3546666666666667
5 0.858 0.37866666666666665 0.238 0.09866666666666667
0 0.62 0.5213333333333333 0.068 0.2613333333333333
5 0.981 0.388 0.038 0.112
0 0.427 0.44133333333333336 0.038 0.14933333333333335
0 0.483 0.396 0.016 0.032
0 0.511 0.424 0.022 0.09333333333333334
0 0.055 0.5906666666666667 0.11 0.4106666666666667
0 0.112 0.46266666666666667 0.016 0.072
0 0.567 0.4146666666666667 0.022 0.07466666666666667
0 0.54 0.392 0.018 0.034666666666666665
0 0.243 0.4706666666666667 0.038 0.15466666666666667
0 0.686 0.452 0.052 0.10666666666666667
0 0.067 0.42 0.022 0.04
3 0.724 0.43866666666666665 0.034 0.058666666666666666
0 0.396 0.456 0.042 0.18133333333333335
0 0.579 0.4186666666666667 0.018 0.07466666666666667
