0 0.31015625 0.5187891440501043 0.2109375 0.2839248434237996
0 0.61796875 0.6544885177453027 0.028125 0.07724425887265135
0 0.665625 0.6555323590814196 0.0171875 0.07933194154488518
0 0.01484375 0.7588726513569938 0.0296875 0.05845511482254697
0 0.05703125 0.7546972860125261 0.0484375 0.06471816283924843
0 0.70078125 0.6649269311064718 0.015625 0.05636743215031315
0 0.52421875 0.6440501043841336 0.0296875 0.10647181628392484
0 0.71640625 0.6659707724425887 0.0203125 0.054279749478079335
0 0.73515625 0.6471816283924844 0.0078125 0.04801670146137787
0 0.83828125 0.6461377870563675 0.0109375 0.05010438413361169
0 0.73046875 0.6430062630480167 0.0140625 0.05636743215031315
0 0.7578125 0.6461377870563675 0.021875 0.05219206680584551
1 0.7703125 0.651356993736952 0.0296875 0.04175365344467641
1 0.765625 0.6461377870563675 0.0375 0.05219206680584551
