3 0.428125 0.6494117647058824 0.5703125 0.6658823529411765
0 0.3796875 0.5105882352941177 0.4109375 0.9576470588235294
0 0.18984375 0.30117647058823527 0.134375 0.35764705882352943
0 0.03125 0.1623529411764706 0.0625 0.24
0 0.0265625 0.25176470588235295 0.053125 0.25882352941176473
0 0.9515625 0.48 0.096875 0.96
0 0.85625 0.2164705882352941 0.128125 0.31529411764705884
0 0.58828125 0.12588235294117647 0.06875 0.24705882352941178
0 0.765625 0.25882352941176473 0.1328125 0.44941176470588234
0 0.0390625 0.7482352941176471 0.078125 0.4235294117647059
3 0.04296875 0.5517647058823529 0.0859375 0.33647058823529413
3 0.05234375 0.8364705882352941 0.1046875 0.3270588235294118
1 0.671875 0.3458823529411765 0.221875 0.6329411764705882
