0 0.26875 0.6115702479338843 0.1390625 0.6198347107438017
0 0.1265625 0.6652892561983471 0.25 0.6012396694214877
0 0.34921875 0.6270661157024794 0.1015625 0.5743801652892562
0 0.45 0.6332644628099173 0.1625 0.5619834710743802
0 0.51875 0.5351239669421488 0.103125 0.43388429752066116
0 0.5734375 0.5609504132231405 0.065625 0.40289256198347106
0 0.64921875 0.6363636363636364 0.1171875 0.5454545454545454
0 0.71875 0.6136363636363636 0.11875 0.5909090909090909
0 0.79609375 0.5206611570247934 0.1 0.4297520661157025
0 0.921875 0.6033057851239669 0.1453125 0.6239669421487604
0 0.6765625 0.39462809917355374 0.0453125 0.09710743801652892
