0 0.601 0.31733333333333336 0.096 0.2853333333333333
3 0.859 0.25733333333333336 0.048 0.08533333333333333
3 0.948 0.23066666666666666 0.074 0.12
0 0.706 0.24933333333333332 0.086 0.2826666666666667
0 0.431 0.24133333333333334 0.044 0.09866666666666667
0 0.51 0.2693333333333333 0.068 0.16533333333333333
0 0.865 0.20266666666666666 0.046 0.09866666666666667
0 0.393 0.25066666666666665 0.048 0.08533333333333333
0 0.808 0.24266666666666667 0.056 0.144
0 0.466 0.176 0.034 0.10933333333333334
3 0.455 0.352 0.168 0.16266666666666665
0 0.66 0.21866666666666668 0.056 0.11733333333333333
0 0.563 0.22933333333333333 0.036 0.08533333333333333
0 0.918 0.18266666666666667 0.036 0.072
0 0.963 0.22133333333333333 0.048 0.13066666666666665
0 0.339 0.2813333333333333 0.086 0.20266666666666666
