0 0.24824355971896955 0.61015625 0.12177985948477751 0.2453125
0 0.37236533957845436 0.603125 0.09133489461358314 0.2578125
0 0.30210772833723654 0.6578125 0.1288056206088993 0.1734375
0 0.6018735362997658 0.71171875 0.10772833723653395 0.0765625
0 0.5679156908665105 0.665625 0.11943793911007025 0.1328125
0 0.8208430913348946 0.59140625 0.10304449648711944 0.1515625
0 0.9309133489461359 0.66875 0.12177985948477751 0.1296875
0 0.9508196721311475 0.6359375 0.09836065573770492 0.103125
0 0.8501170960187353 0.70703125 0.0585480093676815 0.0828125
0 0.7154566744730679 0.565625 0.04215456674473068 0.053125
0 0.6463700234192038 0.55234375 0.053864168618266976 0.0546875
3 0.765807962529274 0.78359375 0.25526932084309134 0.303125
0 0.19672131147540983 0.6234375 0.06791569086651054 0.1875
1 0.4180327868852459 0.7640625 0.23185011709601874 0.359375
