0 0.38588235294117645 0.4 0.5623529411764706 0.3609375
0 0.31176470588235294 0.67421875 0.1952941176470588 0.2609375
0 0.5729411764705883 0.7109375 0.09176470588235294 0.21875
0 0.07176470588235294 0.61953125 0.05647058823529412 0.1234375
0 0.46 0.6953125 0.08705882352941176 0.2359375
0 0.5164705882352941 0.68515625 0.09176470588235294 0.2671875
0 0.6305882352941177 0.69765625 0.06588235294117648 0.234375
0 0.6811764705882353 0.69140625 0.09647058823529411 0.25625
0 0.04588235294117647 0.66171875 0.09176470588235294 0.2625
0 0.9705882352941176 0.68359375 0.058823529411764705 0.13125
0 0.8658823529411764 0.69609375 0.13176470588235295 0.2546875
0 0.7588235294117647 0.70234375 0.1011764705882353 0.2421875
0 0.5694117647058824 0.58203125 0.04 0.034375
