0 0.5035128805620609 0.5453125 0.927400468384075 0.909375
0 0.8114754098360656 0.3421875 0.16393442622950818 0.103125
0 0.7915690866510539 0.29609375 0.053864168618266976 0.0609375
0 0.9531615925058547 0.3484375 0.0936768149882904 0.1046875
0 0.9590163934426229 0.48125 0.08196721311475409 0.34375
0 0.8313817330210773 0.328125 0.05152224824355972 0.0875
0 0.9847775175644028 0.64765625 0.03044496487119438 0.0984375
0 0.7587822014051522 0.59921875 0.11943793911007025 0.1015625
0 0.8641686182669789 0.34609375 0.04918032786885246 0.0546875
0 0.7142857142857143 0.32109375 0.0585480093676815 0.034375
1 0.07728337236533958 0.42734375 0.1522248243559719 0.35625
