2 0.743 0.856 0.056 0.050666666666666665
2 0.707 0.8533333333333334 0.022 0.04
0 0.545 0.8893333333333333 0.062 0.15466666666666667
0 0.144 0.912 0.044 0.128
0 0.201 0.8773333333333333 0.036 0.12
0 0.908 0.8946666666666667 0.068 0.16
2 0.614 0.8613333333333333 0.044 0.05333333333333334
0 0.292 0.916 0.054 0.14933333333333335
0 0.123 0.9093333333333333 0.046 0.13866666666666666
0 0.092 0.9093333333333333 0.04 0.12266666666666666
0 0.578 0.8933333333333333 0.038 0.152
0 0.816 0.8506666666666667 0.03 0.06133333333333333
0 0.855 0.8653333333333333 0.022 0.08266666666666667
2 0.963 0.888 0.072 0.112
2 0.775 0.8506666666666667 0.026 0.034666666666666665
2 0.525 0.8693333333333333 0.028 0.07466666666666667
2 0.137 0.8786666666666667 0.02 0.050666666666666665
2 0.66 0.8493333333333334 0.044 0.050666666666666665
5 0.662 0.8493333333333334 0.044 0.05333333333333334
5 0.944 0.8026666666666666 0.112 0.12266666666666666
5 0.038 0.912 0.074 0.176
5 0.106 0.8613333333333333 0.082 0.050666666666666665
5 0.961 0.8906666666666667 0.078 0.11733333333333333
5 0.613 0.86 0.046 0.050666666666666665
0 0.384 0.896 0.02 0.128
2 0.033 0.9093333333333333 0.066 0.17866666666666667
2 0.095 0.856 0.028 0.04
0 0.348 0.9026666666666666 0.062 0.16266666666666665
0 0.06 0.9146666666666666 0.028 0.16266666666666665
