2 0.28046875 0.27708333333333335 0.1890625 0.1875
0 0.6015625 0.4479166666666667 0.1421875 0.60625
0 0.83984375 0.3302083333333333 0.0515625 0.175
0 0.30703125 0.3072916666666667 0.0578125 0.1875
0 0.05625 0.8114583333333333 0.1125 0.3541666666666667
0 0.93046875 0.3375 0.0515625 0.18333333333333332
0 0.4328125 0.196875 0.0390625 0.075
0 0.71015625 0.5427083333333333 0.2171875 0.9145833333333333
0 0.97578125 0.4479166666666667 0.0484375 0.3854166666666667
0 0.6875 0.35104166666666664 0.059375 0.3104166666666667
0 0.659375 0.24583333333333332 0.028125 0.06875
5 0.1234375 0.2833333333333333 0.246875 0.3333333333333333
0 0.06171875 0.4083333333333333 0.1234375 0.5041666666666667
0 0.8078125 0.278125 0.35 0.12708333333333333
1 0.42796874999999995 0.5310416666666666 0.5409375 0.7725208333333333
1 0.3928125 0.45097916666666665 0.40125 0.47612499999999996
0 0.82177734375 0.3224283854166667 0.0273284912109375 0.16927083333333334
0 0.64501953125 0.22981770833333334 0.01898193359375 0.032877604166666664
