0 0.727803738317757 0.9421875 0.0397196261682243 0.090625
0 0.47897196261682246 0.93828125 0.0397196261682243 0.071875
0 0.18691588785046728 0.97578125 0.08878504672897196 0.0484375
0 0.5712616822429907 0.93984375 0.04205607476635514 0.075
0 0.5957943925233645 0.92578125 0.02336448598130841 0.0453125
0 0.3411214953271028 0.97890625 0.08411214953271028 0.040625
0 0.5070093457943925 0.9203125 0.02336448598130841 0.040625
0 0.7897196261682243 0.90390625 0.011682242990654205 0.0109375
0 0.7126168224299065 0.8984375 0.004672897196261682 0.003125
0 0.4135514018691589 0.9234375 0.04906542056074766 0.0640625
0 0.07593457943925233 0.97734375 0.10046728971962617 0.0453125
1 0.7780373831775701 0.93046875 0.04439252336448598 0.05
