3 0.603125 0.6918918918918919 0.3375 0.35135135135135137
4 0.034375 0.518918918918919 0.06875 0.7054054054054054
0 0.125 0.6027027027027027 0.053125 0.22162162162162163
0 0.63359375 0.4837837837837838 0.028125 0.13243243243243244
0 0.68515625 0.5081081081081081 0.021875 0.1945945945945946
0 0.35078125 0.522972972972973 0.059375 0.12162162162162163
0 0.58515625 0.5608108108108109 0.040625 0.17297297297297298
0 0.54765625 0.5459459459459459 0.0328125 0.1837837837837838
0 0.5890625 0.44594594594594594 0.05 0.10810810810810811
0 0.8125 0.5351351351351351 0.034375 0.16486486486486487
0 0.65390625 0.4972972972972973 0.0453125 0.1783783783783784
0 0.06953125 0.5716216216216217 0.0328125 0.21621621621621623
0 0.70703125 0.4608108108108108 0.028125 0.10270270270270271
1 0.9421875 0.5891891891891892 0.115625 0.23783783783783785
