3 0.6203125 0.6135831381733021 0.35625 0.36533957845433257
4 0.57421875 0.4262295081967213 0.0640625 0.14285714285714285
0 0.3171875 0.38173302107728335 0.1421875 0.3864168618266979
0 0.4640625 0.563231850117096 0.0546875 0.234192037470726
0 0.6 0.585480093676815 0.096875 0.3911007025761124
0 0.43046875 0.5058548009367682 0.0375 0.08665105386416862
0 0.8453125 0.5163934426229508 0.0375 0.10070257611241218
0 0.74296875 0.5374707259953162 0.040625 0.1873536299765808
0 0.78125 0.5597189695550351 0.0453125 0.17096018735362997
0 0.98984375 0.5608899297423887 0.0203125 0.16627634660421545
0 0.96171875 0.5573770491803278 0.04375 0.19437939110070257
0 0.8703125 0.5585480093676815 0.0296875 0.1756440281030445
0 0.92890625 0.5667447306791569 0.0234375 0.1451990632318501
1 0.82734375 0.5679156908665105 0.1140625 0.19437939110070257
1 0.91796875 0.5644028103044496 0.0578125 0.16393442622950818
1 0.925 0.5702576112412178 0.04375 0.1522248243559719
