0 0.45703125 0.297423887587822 0.3125 0.5901639344262295
0 0.6375 0.20491803278688525 0.0296875 0.04918032786885246
0 0.67734375 0.18149882903981265 0.0203125 0.117096018735363
0 0.85 0.20960187353629978 0.028125 0.11241217798594848
0 0.4 0.2259953161592506 0.034375 0.04449648711943794
0 0.4453125 0.18969555035128804 0.021875 0.03981264637002342
0 0.28203125 0.1955503512880562 0.009375 0.03278688524590164
0 0.78046875 0.1873536299765808 0.009375 0.09601873536299765
0 0.46640625 0.18266978922716628 0.01875 0.04215456674473068
1 0.76015625 0.20960187353629978 0.065625 0.1451990632318501
0 0.5738749999999999 0.20248243559718967 0.026421875 0.05782201405152225
