2 0.95 0.44730679156908665 0.08125 0.07259953161592506
0 0.3453125 0.5327868852459017 0.08125 0.33489461358313816
0 0.5875 0.6065573770491803 0.153125 0.5339578454332553
0 0.48203125 0.5480093676814989 0.08125 0.3700234192037471
0 0.68046875 0.6135831381733021 0.0984375 0.45901639344262296
0 0.7484375 0.5761124121779859 0.10625 0.405152224824356
0 0.65390625 0.531615925058548 0.0703125 0.3770491803278688
0 0.54296875 0.594847775175644 0.05625 0.3957845433255269
0 0.41015625 0.5655737704918032 0.0609375 0.41920374707259955
0 0.4265625 0.6100702576112412 0.0734375 0.44730679156908665
0 0.05546875 0.4496487119437939 0.03125 0.11475409836065574
0 0.015625 0.4531615925058548 0.0265625 0.11007025761124122
3 0.88515625 0.6252927400468384 0.2296875 0.3442622950819672
0 0.07734375 0.4133489461358314 0.0203125 0.0702576112412178
0 0.57578125 0.5128805620608899 0.2890625 0.32786885245901637
1 0.1625 0.5620608899297423 0.18125 0.3957845433255269
