0 0.54921875 0.5231481481481481 0.325 0.7199074074074074
0 0.30234375 0.5810185185185185 0.046875 0.12962962962962962
0 0.82265625 0.3923611111111111 0.028125 0.08333333333333333
0 0.88671875 0.3645833333333333 0.025 0.09027777777777778
0 0.92578125 0.3611111111111111 0.0265625 0.10185185185185185
0 0.78671875 0.3923611111111111 0.0125 0.034722222222222224
0 0.80703125 0.4074074074074074 0.015625 0.023148148148148147
0 0.7078125 0.4212962962962963 0.0203125 0.06944444444444445
0 0.83671875 0.38078703703703703 0.0078125 0.034722222222222224
0 0.72578125 0.4305555555555556 0.015625 0.04398148148148148
0 0.16484375 0.5671296296296297 0.0046875 0.023148148148148147
0 0.85390625 0.3784722222222222 0.0078125 0.034722222222222224
0 0.66640625 0.41898148148148145 0.6640625 0.25925925925925924
1 0.159375 0.6157407407407407 0.0546875 0.08564814814814815
