2 0.78 0.6676300578034682 0.1 0.10404624277456648
0 0.906 0.6661849710982659 0.03 0.12427745664739884
0 0.884 0.6560693641618497 0.024 0.10982658959537572
1 0.926 0.6575144508670521 0.026 0.12716763005780346
0 0.055 0.6517341040462428 0.02 0.07803468208092486
0 0.824 0.6213872832369942 0.014 0.06069364161849711
0 0.378 0.596820809248555 0.016 0.028901734104046242
2 0.624 0.6416184971098265 0.042 0.017341040462427744
0 0.351 0.5953757225433526 0.01 0.02601156069364162
0 0.814 0.6213872832369942 0.012 0.05202312138728324
2 0.679 0.6705202312138728 0.096 0.1069364161849711
0 0.5 0.5997109826589595 0.012 0.031791907514450865
0 0.978 0.6228323699421965 0.024 0.046242774566473986
1 0.956 0.661849710982659 0.04 0.12427745664739884
1 0.884 0.6604046242774566 0.024 0.12138728323699421
1 0.85314 0.6669942196531792 0.03008 0.125635838150289
