2 0.6390625 0.9354166666666667 0.23125 0.12708333333333333
2 0.97421875 0.8927083333333333 0.0515625 0.06041666666666667
0 0.17109375 0.9270833333333334 0.0375 0.09166666666666666
0 0.27734375 0.8885416666666667 0.0109375 0.03958333333333333
0 0.33984375 0.8854166666666666 0.009375 0.03333333333333333
0 0.6171875 0.8666666666666667 0.015625 0.016666666666666666
0 0.47421875 0.8947916666666667 0.03125 0.0625
0 0.50078125 0.8979166666666667 0.034375 0.058333333333333334
0 0.3234375 0.8864583333333333 0.00625 0.010416666666666666
0 0.24765625 0.89375 0.0078125 0.020833333333333332
0 0.35 0.8895833333333333 0.0125 0.03958333333333333
0 0.421875 0.890625 0.00625 0.010416666666666666
0 0.26640625 0.890625 0.0109375 0.04375
0 0.309375 0.8916666666666667 0.0109375 0.022916666666666665
1 0.78359375 0.8854166666666666 0.0203125 0.06041666666666667
