0 0.47578125 0.3248259860788863 0.1 0.2668213457076566
0 0.5921875 0.11252900232018562 0.05 0.21577726218097448
0 0.696875 0.04988399071925754 0.028125 0.08816705336426914
0 0.790625 0.08468677494199536 0.0296875 0.1368909512761021
0 0.55234375 0.14385150812064965 0.0453125 0.13921113689095127
0 0.85234375 0.23317865429234338 0.0328125 0.21345707656612528
0 0.5125 0.11252900232018562 0.0328125 0.07424593967517401
0 0.03671875 0.17053364269141533 0.05625 0.1740139211136891
0 0.90546875 0.1531322505800464 0.046875 0.09280742459396751
0 0.74765625 0.11716937354988399 0.0453125 0.20649651972157773
0 0.76484375 0.23897911832946636 0.084375 0.1368909512761021
3 0.3015625 0.771461716937355 0.584375 0.45707656612529
3 0.36953125 0.8248259860788864 0.115625 0.3294663573085847
3 0.1140625 0.41299303944315546 0.228125 0.3039443155452436
3 0.18046875 0.2668213457076566 0.084375 0.16473317865429235
3 0.23828125 0.7853828306264501 0.2296875 0.35962877030162416
0 0.9 0.38167053364269143 0.0828125 0.45243619489559167
0 0.70390625 0.15661252900232017 0.0484375 0.16705336426914152
