2 0.378125 0.8210023866348448 0.20625 0.14797136038186157
2 0.71328125 0.779236276849642 0.0578125 0.05250596658711217
0 0.8421875 0.7875894988066826 0.021875 0.09785202863961814
0 0.8953125 0.7589498806682577 0.009375 0.03818615751789976
2 0.78515625 0.7613365155131265 0.03125 0.050119331742243436
2 0.88046875 0.7541766109785203 0.015625 0.026252983293556086
0 0.89921875 0.7565632458233891 0.0078125 0.031026252983293555
2 0.578125 0.7768496420047732 0.0453125 0.026252983293556086
5 0.81875 0.7541766109785203 0.0296875 0.016706443914081145
0 0.87265625 0.7852028639618138 0.021875 0.0883054892601432
0 0.8828125 0.7577565632458234 0.00625 0.01909307875894988
1 0.64375 0.8317422434367542 0.065625 0.24105011933174225
2 0.908203125 0.7495525059665871 0.01085662841796875 0.010383259994033413
2 0.9189453125 0.7480608591885441 0.02056884765625 0.010062789006563246
