2 0.58359375 0.6052083333333333 0.1859375 0.11041666666666666
2 0.31171875 0.5645833333333333 0.071875 0.052083333333333336
2 0.234375 0.5479166666666667 0.0671875 0.05416666666666667
2 0.17265625 0.54375 0.04375 0.03333333333333333
2 0.09765625 0.584375 0.1140625 0.09791666666666667
3 0.20390625 0.596875 0.0328125 0.08958333333333333
0 0.4390625 0.5760416666666667 0.0359375 0.0875
0 0.36875 0.590625 0.025 0.11875
0 0.40703125 0.559375 0.025 0.04791666666666667
0 0.4828125 0.6385416666666667 0.065625 0.06666666666666667
0 0.434375 0.6416666666666667 0.0359375 0.058333333333333334
0 0.52109375 0.30833333333333335 0.0140625 0.058333333333333334
2 0.1109375 0.5322916666666667 0.034375 0.01875
5 0.89375 0.5729166666666666 0.2 0.18333333333333332
2 0.1484375 0.5385416666666667 0.0328125 0.03125
2 0.065625 0.5260416666666666 0.021875 0.014583333333333334
0 0.38671875 0.5822916666666667 0.0125 0.01875
0 0.39609375 0.621875 0.0453125 0.08125
0 0.18046875 0.5895833333333333 0.025 0.10208333333333333
1 0.5875 0.6208333333333333 0.1125 0.20625
