4 0.6171875 0.4861407249466951 0.6078125 0.7739872068230277
0 0.42109375 0.5191897654584222 0.1109375 0.11513859275053305
0 0.79453125 0.2931769722814499 0.025 0.053304904051172705
0 0.846875 0.31236673773987206 0.034375 0.053304904051172705
0 0.934375 0.582089552238806 0.0171875 0.053304904051172705
0 0.3046875 0.5895522388059702 0.0171875 0.09168443496801706
0 0.3390625 0.5565031982942431 0.0203125 0.03411513859275053
0 0.74765625 0.2878464818763326 0.0390625 0.053304904051172705
0 0.89296875 0.3187633262260128 0.0375 0.06396588486140725
1 0.2671875 0.6023454157782516 0.05 0.11727078891257996
