2 0.1703125 0.25069637883008355 0.0375 0.052924791086350974
2 0.53203125 0.24373259052924792 0.05 0.03899721448467967
2 0.5359375 0.22701949860724233 0.028125 0.036211699164345405
2 0.26640625 0.2381615598885794 0.0609375 0.055710306406685235
2 0.02734375 0.26323119777158777 0.0546875 0.07799442896935933
0 0.19375 0.45264623955431754 0.05625 0.33147632311977715
0 0.80390625 0.5919220055710307 0.1375 0.7158774373259053
0 0.36796875 0.38997214484679665 0.0703125 0.3286908077994429
2 0.19375 0.2520891364902507 0.028125 0.04735376044568245
5 0.1109375 0.24512534818941503 0.0890625 0.07799442896935933
2 0.02734375 0.2646239554317549 0.0546875 0.07799442896935933
0 0.50546875 0.3955431754874652 0.0671875 0.3064066852367688
0 0.675 0.41086350974930363 0.05625 0.298050139275766
0 0.58515625 0.3746518105849582 0.0625 0.3008356545961003
0 0.6203125 0.28969359331476324 0.03125 0.19220055710306408
2 0.35 0.24512534818941503 0.0265625 0.025069637883008356
2 0.08515625 0.24651810584958217 0.0625 0.03899721448467967
2 0.384375 0.23119777158774374 0.015625 0.025069637883008356
2 0.46796875 0.23259052924791088 0.021875 0.019498607242339833
2 0.396875 0.23676880222841226 0.0125 0.025069637883008356
2 0.21484375 0.2395543175487465 0.0421875 0.05013927576601671
1 0.72734375 0.35376044568245124 0.0828125 0.22841225626740946
1 0.30859375 0.3328690807799443 0.090625 0.25069637883008355
