0 0.21041666666666667 0.16015625 0.13958333333333334 0.2078125
0 0.540625 0.19375 0.16041666666666668 0.128125
0 0.041666666666666664 0.0671875 0.01875 0.0375
0 0.31145833333333334 0.1390625 0.11041666666666666 0.25625
0 0.42291666666666666 0.159375 0.15833333333333333 0.2046875
0 0.8427083333333333 0.11640625 0.075 0.10625
0 0.13125 0.46171875 0.23333333333333334 0.5234375
0 0.6333333333333333 0.15546875 0.13333333333333333 0.215625
0 0.55 0.04296875 0.020833333333333332 0.034375
0 0.89375 0.109375 0.13333333333333333 0.1640625
0 0.6635416666666667 0.4390625 0.45625 0.7234375
