2 0.1125 0.5689655172413793 0.0375 0.07586206896551724
2 0.059375 0.6068965517241379 0.115625 0.1471264367816092
2 0.13984375 0.5563218390804597 0.0375 0.05057471264367816
0 0.38984375 0.5344827586206896 0.0203125 0.041379310344827586
2 0.3765625 0.5839080459770115 0.05 0.10804597701149425
2 0.20234375 0.5609195402298851 0.0390625 0.05747126436781609
0 0.4125 0.5839080459770115 0.015625 0.0735632183908046
0 0.70859375 0.7011494252873564 0.0140625 0.06896551724137931
0 0.40078125 0.5620689655172414 0.0140625 0.04367816091954023
2 0.15234375 0.532183908045977 0.025 0.02528735632183908
1 0.17421875 0.5597701149425287 0.0234375 0.0896551724137931
