2 0.34296875 0.3548387096774194 0.0875 0.11827956989247312
2 0.39140625 0.2967741935483871 0.0328125 0.02795698924731183
2 0.0296875 0.3279569892473118 0.0578125 0.0989247311827957
0 0.70625 0.43333333333333335 0.134375 0.4752688172043011
0 0.5921875 0.33763440860215055 0.0546875 0.22795698924731184
0 0.21953125 0.5021505376344086 0.2203125 0.9419354838709677
0 0.103125 0.4172043010752688 0.0984375 0.5978494623655914
0 0.43984375 0.35913978494623655 0.046875 0.18924731182795698
0 0.625 0.3333333333333333 0.021875 0.14193548387096774
0 0.57421875 0.33548387096774196 0.025 0.16129032258064516
0 0.55234375 0.3021505376344086 0.0328125 0.07956989247311828
2 0.38828125 0.35161290322580646 0.0453125 0.09247311827956989
