0 0.7132352941176471 0.62265625 0.031862745098039214 0.05625
0 0.9693627450980392 0.6140625 0.061274509803921566 0.1703125
0 0.7426470588235294 0.62578125 0.024509803921568627 0.05
0 0.08700980392156862 0.62578125 0.04411764705882353 0.05
0 0.9240196078431373 0.61953125 0.049019607843137254 0.065625
0 0.7867647058823529 0.621875 0.01715686274509804 0.0328125
0 0.2426470588235294 0.61640625 0.02696078431372549 0.075
0 0.11274509803921569 0.621875 0.024509803921568627 0.0453125
0 0.8725490196078431 0.61953125 0.024509803921568627 0.0296875
0 0.8137254901960784 0.62109375 0.024509803921568627 0.0328125
0 0.3737745098039216 0.6171875 0.01715686274509804 0.0203125
0 0.8419117647058824 0.621875 0.014705882352941176 0.0265625
0 0.4227941176470588 0.61953125 0.01715686274509804 0.01875
0 0.47794117647058826 0.621875 0.024509803921568627 0.0265625
2 0.0196078431372549 0.63359375 0.0392156862745098 0.0234375
