2 0.29140625 0.6141552511415526 0.09375 0.0684931506849315
2 0.5828125 0.4509132420091324 0.0125 0.01598173515981735
0 0.61484375 0.6815068493150684 0.0203125 0.1095890410958904
0 0.7265625 0.6552511415525114 0.028125 0.08447488584474885
0 0.6484375 0.5799086757990868 0.0125 0.05251141552511415
0 0.59765625 0.5707762557077626 0.0203125 0.0502283105022831
0 0.46171875 0.6735159817351598 0.0328125 0.09360730593607305
0 0.53828125 0.6141552511415526 0.0265625 0.07077625570776255
0 0.3609375 0.6940639269406392 0.0296875 0.0958904109589041
0 0.7140625 0.639269406392694 0.021875 0.0547945205479452
0 0.8171875 0.6495433789954338 0.0421875 0.08447488584474885
0 0.2828125 0.6986301369863014 0.015625 0.05251141552511415
0 0.26796875 0.6872146118721462 0.0203125 0.07534246575342465
2 0.3390625 0.5821917808219178 0.0109375 0.0091324200913242
0 0.63203125 0.5810502283105022 0.0171875 0.04794520547945205
0 0.60390625 0.6541095890410958 0.0140625 0.04337899543378995
1 0.70390625 0.636986301369863 0.04375 0.0593607305936073
0 0.704265625 0.5983333333333333 0.025 0.03769406392694064
0 0.44489062500000004 0.594406392694064 0.023296875 0.025662100456621005
1 0.446734375 0.6058219178082193 0.035515625 0.05262557077625571
1 0.346875 0.61162100456621 0.048859375 0.04764840182648402
0 0.34631249999999997 0.5950228310502284 0.013640625 0.03107305936073059
2 0.65465625 0.42456621004566214 0.009484375 0.017031963470319635
2 0.648578125 0.4076712328767123 0.007796875 0.008538812785388128
0 0.892578125 0.6285616438356164 0.030671874999999998 0.07219178082191781
0 0.797359375 0.6403424657534247 0.02484375 0.0517351598173516
0 0.4819375 0.5290410958904109 0.009421875 0.03664383561643836
0 0.46240625 0.5932420091324201 0.012296875 0.037283105022831046
0 0.25634375 0.684931506849315 0.016984375 0.06025114155251142
0 0.23559375 0.6856392694063927 0.021484375 0.07602739726027397
0 0.35840625 0.666392694063927 0.022375 0.0593607305936073
0 0.51415625 0.5768493150684931 0.00975 0.05283105022831051
0 0.348390625 0.6860045662100457 0.017374999999999998 0.056324200913242015
0 0.44360937500000003 0.5311872146118721 0.00878125 0.028538812785388126
0 0.45459375 0.5689954337899543 0.0136875 0.02942922374429224
0 0.625 0.5850456621004566 0.01159375 0.032922374429223744
0 0.8364218749999999 0.49050228310502286 0.007671875 0.028881278538812786
0 0.44310937499999997 0.5804109589041095 0.011734375 0.050799086757990865
0 0.7341249999999999 0.49141552511415526 0.011734375 0.035821917808219174
0 0.35178125 0.5514840182648402 0.00940625 0.04397260273972603
0 0.461609375 0.49324200913242006 0.0072499999999999995 0.02949771689497717
0 0.45462499999999995 0.49242009132420095 0.00665625 0.025045662100456622
0 0.469140625 0.49360730593607305 0.0063750000000000005 0.029885844748858446
0 0.896484375 0.43082191780821916 0.004046875 0.01641552511415525
1 0.540484375 0.6078310502283105 0.04715625 0.057168949771689494
0 0.9359531249999999 0.4471232876712329 0.004390625 0.017100456621004567
0 0.941015625 0.446986301369863 0.004703125 0.01776255707762557
