0 0.43671875 0.7770780856423174 0.04375 0.20151133501259447
0 0.55234375 0.7846347607052897 0.0640625 0.19899244332493704
0 0.6046875 0.6599496221662469 0.059375 0.1486146095717884
0 0.68515625 0.9105793450881612 0.0578125 0.17380352644836272
0 0.675 0.7795969773299748 0.0515625 0.12594458438287154
0 0.72265625 0.889168765743073 0.0515625 0.2040302267002519
0 0.1421875 0.7594458438287154 0.0734375 0.2367758186397985
0 0.05703125 0.7644836272040302 0.0640625 0.1964735516372796
0 0.1953125 0.7204030226700252 0.0390625 0.16876574307304787
0 0.25390625 0.7115869017632241 0.0640625 0.16624685138539042
0 0.4625 0.77455919395466 0.040625 0.20906801007556675
0 0.584375 0.6158690176322418 0.0171875 0.07052896725440806
0 0.83984375 0.6259445843828715 0.0328125 0.060453400503778336
2 0.86796875 0.7115869017632241 0.2640625 0.17632241813602015
2 0.45390625 0.4596977329974811 0.0203125 0.05793450881612091
