2 0.95625 0.8055555555555556 0.0859375 0.3638888888888889
4 0.459375 0.49722222222222223 0.590625 0.7861111111111111
0 0.43984375 0.28194444444444444 0.0359375 0.075
0 0.48671875 0.25416666666666665 0.0375 0.07222222222222222
0 0.61015625 0.2972222222222222 0.028125 0.05555555555555555
0 0.77890625 0.7111111111111111 0.0296875 0.14166666666666666
0 0.809375 0.7166666666666667 0.015625 0.13333333333333333
0 0.82890625 0.7111111111111111 0.0265625 0.1638888888888889
0 0.8484375 0.7125 0.0203125 0.14444444444444443
0 0.9171875 0.6569444444444444 0.028125 0.06944444444444445
0 0.94453125 0.675 0.021875 0.11666666666666667
0 0.8625 0.6930555555555555 0.025 0.11666666666666667
5 0.08359375 0.6902777777777778 0.1125 0.16944444444444445
0 0.87578125 0.6541666666666667 0.021875 0.05
5 0.0171875 0.6902777777777778 0.034375 0.1388888888888889
0 0.89296875 0.6333333333333333 0.0234375 0.058333333333333334
1 0.89765625 0.7236111111111111 0.08125 0.19444444444444445
