0 0.13046875 0.5528169014084507 0.0421875 0.24647887323943662
0 0.09140625 0.6056338028169014 0.0671875 0.07042253521126761
0 0.03125 0.5833333333333334 0.028125 0.11267605633802817
0 0.64375 0.48826291079812206 0.05 0.08685446009389672
0 0.8421875 0.5821596244131455 0.009375 0.06807511737089202
0 0.73515625 0.4636150234741784 0.01875 0.0539906103286385
0 0.80859375 0.5938967136150235 0.034375 0.15492957746478872
0 0.27734375 0.4565727699530516 0.1515625 0.4460093896713615
1 0.8859375 0.568075117370892 0.228125 0.7793427230046949
1 0.6765625 0.5786384976525821 0.0234375 0.15492957746478872
