2 0.59609375 0.290625 0.0796875 0.075
2 0.68828125 0.265625 0.0296875 0.04583333333333333
0 0.51015625 0.4625 0.1421875 0.49166666666666664
0 0.653125 0.48333333333333334 0.159375 0.5666666666666667
0 0.240625 0.29583333333333334 0.0375 0.14166666666666666
0 0.2125 0.2947916666666667 0.0328125 0.1375
0 0.7375 0.290625 0.034375 0.10833333333333334
0 0.75859375 0.29375 0.0234375 0.08125
0 0.7140625 0.25729166666666664 0.0140625 0.022916666666666665
1 0.0203125 0.31354166666666666 0.040625 0.10625
